-4.356848723669607
-0.013007834886253176
-0.7916205434686859
-0.24419302489477404
2.196606964257379
1.598324282661954
-2.8819304172178253
-1.566410681001764
0.44882036863586167
-3.8160204913566016
-0.5624198655099352
-1.3080246933529402
-3.965851848897073
-4.014065204190644
-2.7927233761485617
4.3312000618415025
-1.2570372737519402
1.3723006097048653
-0.6432005260932762
-0.0021674381359755588
-2.485475543110146
-3.075316979654613
-0.3267115842409509
0.6579466127667715
-1.4100440740291198
2.0735781417420354
-0.47540668317139
5.074534158068505
1.5481960911822406
0.2668348424511551
-5.549994381994209
-2.0909469084820906
4.789670566267625
-0.1030189038107401
-0.5530308028060935
-3.272642331961759
0.005823380300723144
-1.5694714982213598
-0.030522469081560935
-0.594840968673994
1.1006067948912652
-1.1707293465245758
-0.21788259823070757
-2.667999417984753
-0.5721100276578889
3.4954052007849463
-7.823986770203331
-0.07602660501471485
-0.8233084883567411
2.0699228561424063
1.3710924610782065
-3.7808355672320215
2.8575555750935164
2.0765183551168636
-3.177232208828111
-2.59814081097945
-2.8890402433020927
4.949564592321288
-1.1147866924580405
-1.4775431292544476
2.1506241049395154
-2.3690553494563713
-0.2540182357418451
-3.6061591837339746
3.9759967647246786
2.2650730743487393
3.2737943868307715
-2.5400971927306717
-2.5735581982159457
-3.405472877027715
-4.601253845697509
0.6575383358764494
-6.1836240865283125
-1.3295314044109585
-1.8828142636983698
-0.821316802701561
-1.8017215169866863
2.149780569296058
2.0349011598693636
2.6126438383925934
-3.2227146999870318
0.8935569812205746
-2.292127053162656
2.576322538470583
-3.9826307093941034
-0.8424822540102229
-3.590375291556544
3.5302241332195816
1.4480805292600363
2.8898685600399996
1.509811367109079
-0.7550924469565902
-4.092918424369109
-4.0119404299021415
2.0937344131749533
-0.9571665866534983
1.1519923925541953
-0.21913116493751802
-3.0792129026153505
2.4745586883264017
-2.483480391626983
-3.6818593333600496
-4.050284902932498
-2.5503746668072025
1.579263943913725
-3.800863020267518
-0.0468652556074265
-1.0155406086749674
3.111519411789591
-4.890901452701764
0.39927783390652904
0.28950071403001276
-2.6175064383496136
1.3451251414708154
1.5612824127778675
-2.747866428702853
-0.7092025191372148
-4.896103584579854
2.355438515973493
-1.313253389068073
4.178298792893085
-3.483252047876878
1.5131357765616336
-1.0243347409620738
-2.6647680054165823
-3.0655944554216736
1.5972425471497793
-4.9636149221900725
1.2133174223943601
-0.1706420987439341
-1.8342904182495063
-3.7096378058599084
-4.704264348221103
4.422691576387475
4.592957255290938
-0.3835513245642228
-0.15160169352350905
-0.9472826957662255
0.7828125593749095
-0.9487620682145977
2.9068424242726145
-3.9348779040403534
-0.0972072076503293
1.2369600337703666
-2.585734612822503
1.0925411143846842
-1.1727240131483148
0.8443328140642218
-0.21047143144351285
3.6201122246289357
4.6767692763105275
-0.7310119338710862
-6.7488779036947815
-2.5496220830548606
-0.646370673153156
0.1998200641521773
-1.739498255041035
3.522943587474029
-1.5334928893023962
-3.873700061481241
-1.5478008674677675
-0.319312565734277
-2.518935034869278
-2.5401816112441065
-1.693448022652278
-3.3199623045986493
-2.524365417416194
-1.6818340148730477
-5.343377485703719
-1.0766005398808665
2.3952812615317054
-0.23181981994973205
0.260112638499533
-2.7325712802783895
-3.6435886088044147
-2.256249507502912
2.6250022183000095
-0.2607766838515034
0.7649761613173534
-4.029700246118218
-1.3673368676861475
-1.3065699966570132
0.539145228472162
-0.7601682746566853
2.3583282301998945
-3.170705121804163
1.056785833521317
1.305427387441355
-0.9730829164124927
-2.1058582890677795
-3.0349126980545407
-0.0667605241745141
-5.279707560333696
-0.17760132348486388
3.355554017647516
-0.3795999960766131
1.4938046030098262
-1.1504527994013032
-0.21918711606561997
-0.24107499145090655
-0.41851276208441823
4.453803250849833
-3.955969477505317
-0.6449371645129138
2.1574068468976133
-4.204985130677837
-0.4964084289933151
0.547325126706417
0.07246814605279962
-0.917934195742269
-2.4382174204977427
2.790506139472651
3.0308490428479247
-0.6296717243774556
-0.765616460482992
-3.6599460947461524
1.262944501365196
-1.7592492615786097
-0.7569513698002763
-1.4610737797488913
-2.1949559975371264
-1.9278039310170385
2.6087601847028052
0.8897340844674164
2.9332642843328096
-0.8775457513394903
4.164871315984976
1.0056376618901846
-4.082745172891306
-1.2910507432050518
-0.4002500671682809
-1.7289743255503602
-4.127977556466383
-0.40424068173289696
-2.152105984372555
1.007653316896158
0.03911943004502048
-0.03365041109239155
1.212772545545912
-3.4926695217914947
1.338489247232694
-3.0027617080035824
-2.5649333598813246
-1.1726263034666962
1.3300250248464323
-0.4820593472883699
-1.1072953844523417
2.2502853800375666
-1.1622298971269467
0.8110854904557129
-0.8304776073380766
-0.3746633554375038
1.2655393601374552
-0.5890978776020511
-0.7023566232700875
-1.0583483232818782
-0.06918592616568456
-2.2631659856717246
-1.1666927133474847
-1.0415927170913686
-1.140188657144747
-0.3000473266557951
-0.38334036664211624
-0.41278519105481604
-2.105023738810147
-0.3219957754719825
-2.454597618610267
0.056665290619460136
-1.3858243078339596
1.7170535528300597
-3.5185669615862105
1.0178106422313582
1.2228040383588052
-0.5169983050879101
-1.1709640468964424
-3.731039283475921
0.43552779494486155
-1.111674704893835
1.1080067153847322
-3.5584355354400885
-2.0181275062280015
1.960875454393557
-0.32880944973927245
-0.6325986753106495
0.8242757316066603
-3.6803431459980556
1.92297230440962
0.4481032995466359
-2.7674632899609035
-0.792987289634354
-2.6344515236482144
2.561149881043034
-5.45786512309774
0.5352990217388698
-1.4468565675189613
2.526835626147794
2.2202123479418816
0.6084949047763393
4.230386824961782
0.5457872652730724
2.0248809926269193
3.4376681741938473
-1.4778326397313526
1.2148824292760525
0.11227662518799494
-1.964067764749985
-2.30081568339385
1.7527338994167705
0.4260710309861055
-2.1254678642277414
-1.7764724180448197
-0.964147043671896
-3.170562218524435
-2.999577164398223
-1.0392747203133088
1.670828389886432
-2.868284032131302
2.833703486316829
1.8857011631009468
0.5420759583308848
-3.7525590555365995
-3.1451039033255324
-0.37717903843515616
-1.8472569141032171
0.8074368048447349
-0.6653449674032916
-0.4495092370731309
-0.2909524449237949
1.7644130833138847
-2.67547617476619
0.7113223609371366
-2.1509914632247273
-1.226997932283386
-0.2733044324923843
-0.0640613243441321
-1.394563919321472
0.008981483839276903
-2.7862810129087583
-1.3154308310672407
0.7117348417640514
-1.5931185297642294
0.23992185214908576
0.4807543087820836
-3.1309664640094637
3.817646947505926
1.6949274625706705
1.855212489949062
3.7991501073753873
-2.4866785185865274
-1.2169220200927058
-0.49058588774032513
-3.4894397631838445
-3.1580939794654057
0.583884404121727
-1.1205916618895353
-1.912664192746871
0.5925073688070218
-1.2601370894242527
0.23627937416738026
-0.7452052877901474
-3.2180794414551825
-3.7153025371235633
-0.8512226841382473
-0.06485201782294876
-1.2741071574231946
-1.667993717537986
-2.6690106951834807
-1.1701159843620745
-3.310970138191866
0.6633458054249418
-1.963028561234303
1.3623046551317495
-1.352186018972475
-1.5219448375527307
1.663605209743929
0.12113610201004192
-2.3316364067088533
-3.7767534697801524
-0.3477596086698704
0.5701345273078265
-0.8472845603470085
-1.4717405350002186
-1.3078728070527001
-0.007066714536743774
-0.7417640919833342
-0.4811041523587092
-1.750012614656243
0.3544041601148101
-1.6799674256986281
-0.303370732543663
-1.0033601661286895
-0.0571501761901115
-0.5946517605412523
-1.2394460783277697
1.283403264787473
-1.4737257065951332
-0.574189043215888
-1.4514319008176033
-0.02553926550130211
-0.9743135724412523
-0.4319972578346754
0.05685673289366281
6.605384209575858
0.4305113313699748
-2.6000245150735415
1.967270344167116
1.8295582129384338
-2.7100066586819778
-2.6218173724120164
4.083580789186516
-1.8240344593774256
-5.495912350782185
-1.5438096992083665
3.0254800510185484
0.9382814173265314
1.7533332099849899
-4.016638386773879
1.0538747973126388
-1.2829099658887055
-2.1669376311862485
-0.6848848853286779
-0.8449432448641385
0.045947746898268006
0.599171769526015
-0.5782706522903518
-1.9893405487328548
-0.6743134625801765
0.22419551238216773
-1.7507902993960498
-0.0036972072261412837
-1.3630549294966547
-0.14558504294464897
-0.6468514055685733
0.3420548828910559
0.3108550149685384
-0.5830283279852355
-1.5365422125692871
-1.953036544851562
-0.40520355696315485
3.529654153924076
-4.333337668935461
2.1976774877274172
0.4246412650141446
3.9287969295855456
-4.74259316134691
-0.9249400353022081
-1.7324230619703664
1.314537605975426
-3.153657971570608
0.2527377369688465
-1.614265053301957
-1.0530415565515252
3.598487336038805
-0.35138974867722444
1.0210753899062683
-0.5164168191041504
2.271312318559964
-2.7911658130481776
1.6461670765010767
-2.5652775756511224
-1.9984611231859535
2.612534268568082
-2.225130014899288
-5.311985316620453
4.720259758629324
0.6725840140680354
-2.5094670967019295
-2.0137688474951174
-1.2096300562703166
-0.8095645631420346
0.2164787120081861
-1.2775199063919471
-0.7207316104871884
-2.3660192908798097
0.6912649750234482
-0.16335618971966492
-0.6872414030860182
-0.7764984683071806
-0.2585891792436434
0.04909618188547535
-0.7202433559948422
-3.454618458193524
0.36808564185917936
-1.100494205050165
-2.872879713395789
-0.7130941977202705
0.5142991344061643
-2.3138195558172345
-2.5549764724506714
-1.032724293182968
-0.13687045130223743
-1.3656745139705602
-1.2120088035508645
2.5798169361836836
0.8157679305806835
-4.401024266107644
-1.272527963942425
-0.1795871822057257
-1.4339759616960248
0.012622059687556853
-1.7559629651257618
0.6168693345677654
-0.5830633068069323
-0.34550463270142007
-2.490522006387326
-1.5899411415488998
-1.833141415001159
-2.94349209719134
-1.5790954055369704
0.31846936796690456
2.049045899951423
-1.8093688481474737
7.398431548217159
-0.21336252339367098
1.032743774103644
-1.189661828994322
0.7451428428923177
-1.3109327239273874
-1.145110568330512
-0.2479394651767861
1.4303792356179628
1.3648396859544545
-1.8453195069852724
-2.072151135556507
0.35512774027814425
-0.9996017073230263
-2.4752757270414842
0.9693987339964333
-0.6592563845828417
0.5195460833631295
1.8567637675792905
-1.83797055492442
-4.892880771010204
-2.012049693476512
-1.2361479587303805
-1.5449413307501885
3.175608297256352
-2.9544342317069883
-0.35441455991804516
-0.66320881619842
4.6259746694201995
-1.3425137354514594
5.181859097331057
0.14239835355096733
-2.3107844664949133
0.6078063118227091
-0.5477591751729451
0.41801920341142335
-4.161974240451773
-1.7861469361699018
0.9606488412300643
-3.1730400542383603
2.912323865704124
-1.8296232904535628
3.292872243645392
-3.057521814765182
-4.4324224258610405
-0.9047090284937134
-4.015293880522453
-1.159218620252679
-1.4945700066719265
0.10077081176537786
-1.202651308440558
-1.4354354978575006
-0.7498814932770398
-1.470138490744333
-0.28544348425434585
6.8532811652902135
3.616493132510117
0.21620208332896684
-1.0893474298928378
0.5020229541848188
-2.093283835518518
-0.8063966108775902
-0.24635322905073717
-2.002672801975152
-1.7898282652065656
0.3145636847685954
0.13297030736609933
3.4034063673156743
-2.1565050402763295
-0.8963926920663902
-2.70644444462376
-1.8003026364271575
-0.8808672883859372
2.2183864660703243
-5.4645560085392395
-0.2984328934198054
-1.5301766613038363
1.8982889786903563
2.020355003527307
-0.4005955791566038
-1.7901446318512582
0.9475641929511486
0.30400732801761804
3.43526236948446
3.765073562879035
-1.6928889491614711
-1.5808837325418994
-1.01619460668078
1.6089183609179536
-0.4645865246180777
0.5464756871407791
-5.504350552280972
4.993560167898886
-3.9619264536737244
0.14330931986558287
-4.777651081370587
-2.0333924500356892
0.7790029918657118
-0.4260304478521582
-4.698992787186095
1.2005272946945578
-0.19242533340872228
0.3561711270032608
0.4535863992221947
-7.37720103248065
1.2114366956522569
2.292396066423279
-0.5438516263861002
-2.700017139688324
1.0589658185490334
-2.270928944179561
1.9927848341807766
-2.126803387732747
-0.40655532775630593
-1.486071473824685
1.8128506904550055
1.970849006323246
-1.5620364009034124
4.06054399319999
-1.8077124552537036
-0.006267217946033202
-1.4970432414596748
-4.812193068193026
-0.4950417456843089
0.4023846968305376
-0.4241540391358467
-2.4917674995982737
2.2416383239581243
2.1914197697694866
-0.07281406011622102
3.049633172732688
1.0727863425327293
0.5135601323593838
-0.7030862125506159
1.762767864480326
-0.7109786411487033
-3.831173200616015
-1.2579439243254116
2.31482850422459
-1.214912629761857
-2.430712361070554
-1.3708890778708063
1.9010582434433487
1.6917430749911162
-0.5686426247893013
0.1632256642414564
0.06316900589114588
-2.370674673607415
-2.444949321488549
-1.9577572967930568
0.2953684702703136
-0.4387747589243758
-2.5235601358242294
3.92429025851231
-1.4360563625681853
-0.8752435929443864
3.7893759146783244
-2.964921237136193
-2.433449364079462
-0.5114545708279379
-0.9830376076377058
-1.4243440545800536
-0.5070730701160996
-0.47190967404035017
5.965124581623369E-5
-2.2297580167488813
-2.5923516008311367
-0.7064503413005007
1.9919008386969614
-0.9945035844713321
-2.6718191739636326
1.2182407846751124
2.089759758851172
1.607060392488043
-4.298395275251581
1.6483237571083689
-1.70017414204515
1.3490425318983155
0.2902051243037781
-1.5809291095341587
2.0587725113118425
0.7406235657082894
-4.982193135946904
-1.6641544641124575
3.355461115592617
-2.207731400935573
-1.6535855405150781
-4.637427559414079
-1.0187265162603694
-4.305084394726197
-0.38952679131491
2.1084049382897203
4.575403591987624
-1.0765177773963808
-2.7893489973659453
-0.1480083374910526
-2.546021050111593
0.4746830101314732
1.1713680953534764
-0.7266851485856505
1.7365516367223455
-0.9791252046465323
0.1583124258853316
2.149194001057677
-2.9311149123797113
-3.5076187248333373
4.580238934256988
-0.018296327628474614
-1.529981946595083
-1.7961640651144128
1.9540874813929345
-3.025128408698149
4.433331604691359
1.7656904181973223
-0.11030730189654414
-2.437837818574344
1.0885797281467544
-0.1814073337650223
3.729270537343926
0.49369804088795693
-0.4005382978986802
-6.016380907883192
-3.606076136087023
1.1340114976001192
-3.7431117296772944
0.8730877384225169
0.17813669688481854
-0.357923976668125
-0.5485417555303108
1.7751915749017984
0.3796970903375575
-1.4636697646808001
-3.8267242542926683
-1.6155135082430077
-1.5529845508240467
1.5607568145255852
-0.17198982026502635
-3.700691991018927
-3.3558225549472094
-0.833562439818869
1.5700141457135384
-1.3022218151385785
-1.5031510985265182
-0.8168491252726947
3.008376357649279
-1.536926052821986
1.7570599210780988
0.4485414421504993
-0.5642538842090427
-2.0055103558101877
6.285350887156513
-2.6279221568031756
-2.7689292894827418
4.615443714346358
-1.8276906186964195
-0.23502555309560028
0.41007581714693997
2.1077666396288004
-2.371784903236619
0.1597992683331354
2.815973143437042
-4.366637301910517
1.4278062157941425
-1.0753262607612863
-4.548285169536591
-1.2717662603902455
-1.4020813951293027
4.053051798480416
-3.206248355235615
2.74906988291516
1.2554382153134827
-0.6083426207258934
2.116908584571153
-1.3313317979867494
-1.9283080758125672
-2.340344904951661
-0.43053524092900536
0.1752623545018309
-4.229723914789774
-0.6462312466870193
-2.5567112245323353
0.9435056378648152
-1.0646116347140313
-2.347762287887753
-0.2778075522350301
1.8169122816158068
-2.9635478372270545
0.3524560621958598
-1.8380481299809963
-6.242404908520331
1.471980399999365
0.21941592385906952
-0.5666179433387107
2.1182677464072444
1.2671833717922563
-1.0593439661599644
0.8732883030194355
-2.030891050739489
-1.52865190560745
-5.303437202014337
-1.992429155631226
1.552565679591492
4.0478116090432
-1.22146880887547
-5.528681391481515
1.5647759766557714
-1.5357640853217178
-1.2770201233170082
-1.9681110744205788
0.8532836958089658
-0.09162780145093624
-0.14634869192340388
-2.605085162195359
-1.0614392540237432
-0.3639744036796586
-2.488258066810819
1.5562821643640865
-1.8527051799317769
3.474245125405625
1.185509941850156
1.8970114351551741
0.8747232971741103
3.5292185441072013
-0.598277308618442
-2.4670400506587646
-3.20759600437354
-1.9291789516619715
-1.6963357034967554
-0.2716540593642964
0.19180168004206566
0.00861374436008681
-0.7876595455979626
0.258108406642764
-1.9212599621238748
0.9374490819387197
1.1383242784783931
0.938240744802804
-0.42318832296143305
4.458476665839543
-0.032196837400279045
4.266132918348435
-2.4186442998237183
-3.46871116674356
-0.16224022904266278
-1.3846710766461467
-4.348918422349372
2.610431339421665
-1.9066362919916782
-0.8658459271247174
-1.5410938844961515
-3.83027697418769
1.119727689798363
-1.4020146073015611
-0.6765020464592745
-6.775056197753588
2.249261827029582
-1.2539043913657941
0.9665802151893206
1.7644364928344043
-0.18111486744649014
-2.159749425307661
-1.6855794498995764
-4.836741538538353
1.9373441662542505
0.35454762453388416
-2.762324788678835
-2.421277541381299
0.9498514635197224
0.6163364957238965
0.6537768160208953
2.4858787633296244
-0.4476960172825827
4.204914912526552
4.054335511828676
1.5333569414113144
-2.1507654527556004
6.1374423497401285
-0.8646922957410309
-1.951648331514836
2.245869751380113
-1.8278413627479084
-1.3487518406739936
0.11192562615614021
1.6102015482622727
-4.590929658501485
-1.143676208109231
-3.434955238657023
0.44015212753920113
2.566280683788668
5.594261323599735
2.727831777030753
-0.2955993943402838
-2.28056516488576
-3.5228303005718558
1.9651292481244178
-1.98581544264496
-3.908992297588488
-1.031064238364111
4.653473632615333
2.6342379540082015
-2.152735649678861
-2.815845112243006
1.1381500804162368
-0.6062883081823555
-5.382863697380881
1.1429306072808463
2.1500392547465514
0.8440509302492359
-0.2722317091677115
1.3336884536980533
2.5831446729030647
-4.225257345482955
-3.7589764519592324
-0.5288710032081916
0.4926300714831567
-6.199713590460903
-0.09747783678265756
0.795347013884414
-0.5559513671438945
-0.8966792474575802
-7.41747791778312
-4.9967597791033045
-1.3010630151511275
-0.21726830792686935
3.2633521524200186
-4.265928500824437
4.8762352500851165
-2.518619676399959
-1.0950275410683057
-1.2723151189889175
-0.3090774354028356
3.5125006451520617
-0.487041824469951
-1.6168623520646965
1.46652249792981
0.737522610535175
6.712686822516996
-1.5810425703102124
0.12656810271834731
-1.2720199550010742
-1.6787352849050146
1.6290638614599469
-1.44088838830051
1.3374872266513442
1.1769631571508483
-1.7070537909482373
1.149824438116966
-5.737223864452173
-1.80552434313082
-1.6596800477643125
2.836258441609732
0.30114325128429564
-1.3790325098740785
0.7539596347567776
-2.9668846401953926
-0.6163769763808303
-3.3639894335532454
6.352701118463487
-2.242999379090137
0.029079254682505162
0.122050340917104
-1.9536097072267697
-5.811451180987074
3.8685753551989492
-0.33897261870675793
-0.5811729699045962
3.2515679984111245
-0.007109919353096877
-4.667903681398392
-2.0995301826836172
-2.2860125120809265
-1.6051710125712648
-1.3730892110227668
-3.242791625051476
-5.471072672961556
2.044074150606943
-0.6672396921723989
-2.2076020434108794
3.736780396491532
1.8458851432274797
-1.5975876599256225
-0.1920509027043893
-2.849958668603475
0.8929026695209256
-4.152894642201655
-3.663440970036767
-0.34966195798541083
-2.930214261168231
-0.7637838684104908
4.4842982889841325
2.063914374269183
5.171428191201311
0.9247412850316552
-2.285842921537915
3.059029839362517
1.560286665558272
-1.9453115903352916
-5.069266659656977
-0.4158227298378148
0.7010445808692958
-3.972398799580461
-3.035982583881343
-0.559660445677216
0.30223581549182865
-2.3216548212967316
-2.6185554616357756
0.0737727841484574
-1.4009327625782826
