-1.2494305187429278
-4.503383214758123
-0.7644401808500442
-1.239388361821179
-2.5609426433052094
1.5146986227871202
-1.4015513874874905
8.10639168792508
9.215089385382884
-2.95568475702691
-2.430154847585831
-0.1391968716764957
-1.2939318841542544
1.66194346877347
-4.6111524811812705
0.38389393213112094
2.361578652092874
0.7250428065497797
2.909062077899892
-8.372827712942982
-0.6380056793845623
-2.9807040567875753
-1.7809691380228883
-0.6741749737898728
-1.2100067387659867
0.5624592582717636
-0.9636317021956012
0.6281618725986535
0.5343483317768735
-1.7029047660717682
-0.6521136061732163
-2.2576603637286135
1.7005769530541706
-3.4820505080144573
1.4766188781513898
2.425672161067657
6.95178352607652
-0.7479821734389772
-2.1940978620562848
-3.780801629036791
3.408079391619278
-3.11265119363718
0.6019206189802615
2.011149575945223
-3.5535802682956796
-6.65162469386503
-1.3595276834642254
5.587399244947455
-7.723499015884178
-1.1422960102928734
1.9491206476286258
0.7676071757792097
-3.410626719394664
2.7616574041680155
-4.293524899398163
-5.106466317739865
-2.708426570752831
0.1845865208946659
-1.0874837461585356
-1.355297162915662
2.9967032428920213
0.8159443315976098
-4.324260074357633
2.0950107200300123
1.2343885977621538
-1.2220567214946878
-6.459574516966443
-0.33181189877703127
-1.2438565949028815
0.3096442388094223
-4.203934738469803
0.37070155628423523
1.1478194919376419
-3.0063723518345538
0.7249801049358342
-2.402781780017525
5.699665937436624
-0.2876085278399034
5.511109812542409
-5.120670101484734
4.142068217321392
-2.7896029923841095
-7.5625937252317845
-3.0133504567518012
1.6204080688173297
7.173253424949978
2.9521423047057307
1.406000782123023
-10.06877871075195
-5.4902127096162765
-1.718928215475192
-0.35909119104950954
2.0368491808029465
0.8208581039852193
-4.88424704088192
2.0236250813645236
0.7239301426489588
-2.781285820989299
-2.3429073305567125
1.229786831744608
-3.0044770129880094
-10.508972230518594
1.7642170828144097
-3.2980885506040414
2.803226935591187
-2.728099675211343
-2.30316086465355
0.031649253417364444
0.9514847247831072
2.546899755430161
-1.5431083312194633
5.452448165392247
-4.730113560295826
-0.13283953520758085
-0.43030243264067247
0.04639892162758587
-1.8872805233180432
-1.9984235695284873
1.4877951754654968
5.345054735600321
-3.3173446659696517
-1.7295675841201479
0.3079675011668125
1.0492123397043478
-4.902874591106121
-0.9593362015495619
5.15769057012714
2.1653271094896485
1.6615529726223919
-3.8277542779780065
3.9298177883153307
6.1888237280287335
-2.2049387372037144
1.9887805974514194
4.312041129890422
-1.6855587595873442
-1.4550557017654575
-4.649451761251728
1.4400605869145695
0.8179870655827699
-0.786670034103171
0.7780096105771306
-8.359650626268122
-8.380075979202424
1.26380929938157
-2.2198299558919654
3.43446552749474
-0.0766041561352024
-1.132107454947777
2.083423374351107
-2.974471757377328
-4.92937672614096
0.4195508243632355
-2.464255311533141
-0.43599287974788187
-0.44518568820074983
-8.08886975861382
1.5882081178498055
7.916753779110361
-5.06202162104312
-2.9281814276751463
0.5517953248555088
-1.457226782800095
-1.9763245675499963
-1.813381073943181
-2.58815072819528
-1.3424720018045726
-1.9113245066841857
-3.9507412117266063
-4.9791189305001025
5.150162252849698
0.0745047871887987
-0.29055197944990596
-1.3336125266886616
-2.4803195457507803
-2.9397196985924325
-2.1470512103370525
3.2976036653727445
5.077588242227626
-2.4425406700368586
-1.7110958659144944
-6.207509460030421
-0.5080064926966639
-1.8958660641473741
-3.424809189263264
-1.4059862729311599
-3.7720071938455613
1.525110652811705
-1.8114433365536116
0.8184536428601284
-2.3304159652062832
-2.9442081413595966
7.840470530235684
-0.37162735710066647
-6.2958242319809905
-1.3543262421912283
-2.0283346008871166
1.0125648356090118
1.81773398158486
1.9880333893714177
-3.740385617495056
-0.5690840471846564
3.3343156060395467
-2.598335331808787
-2.8265540403527774
-0.3968155034399406
-2.9767918495083707
-4.580714941232322
4.771460609367246
-1.9706233358099168
2.9113315259293198
-0.4245703661386136
3.742036499397137
-0.7099726445744404
-7.554563312186951
1.77393174009904
-1.0397190455918799
-0.9295776591970089
3.3401202264730667
0.30710628456153755
-0.9127261435539393
1.4394622982370573
3.89359327839589
-6.543009427928089
-5.2083815050310305
-6.692466006903307
-5.349153169308369
-3.1154597148330887
-1.0435387851242208
7.016349422498203
1.4681853529045628
-5.908950760925057
-1.9159927357599122
0.573502556854674
-5.883902547046574
0.6343601753789223
-4.45657008370668
0.46335836850820344
-1.2744306340422706
5.181915250263812
-3.030130196635342
1.6243908835802612
4.042156538856066
1.7906693454177642
-2.346468590790558
2.960967169014271
-5.912607352377304
-4.051271560180896
-4.6142486460705125
1.7757882405339136
-4.0316922218814915
-1.2244170257329325
0.2336889052168302
5.058656657612996
-1.3323990864553057
2.214973677198392
0.320415503449415
-1.743148796895967
-6.611251135560327
-4.291150958317405
0.3568139305003943
-9.037321619681952
1.819864196127595
-3.03805574608968
1.1801831667409015
0.19342150806116692
-4.9240890595719655
-1.5516014678756818
3.0990235790690543
-1.349678586576713
5.895539079608879
-4.157292243784857
-3.3616551302801287
-0.7409427322316501
4.886940379713891
-1.2513185070572432
0.683486809467018
-1.650169808756216
0.3615830485482634
3.2426823950137926
-2.155407745041775
-1.2499898645020742
2.1247511544991124
4.535071841296106
-4.03136147253284
-5.83015445110365
0.660222314947918
3.0820259999530597
-2.4264042942656725
-2.062030735175667
-3.4451147012887438
-1.9055309380379581
0.5370264581188042
-2.0144786323926214
-3.068030910270439
6.391697691473511
-2.327657192284306
-1.3723558430787812
-1.6057660833695844
0.8828945781532763
-2.0408819493525128
-0.5747727808566616
-0.3131557841775783
-6.2094771062064975
-6.108784978835902
3.4625964973328007
-4.761271548348105
4.5346451808383526
5.232548284626798
2.2110369550118403
-1.2534641559942674
-2.9228925050140133
-2.296990359527246
1.9342132775923966
1.6212581082810347
-5.3473118176393335
4.261235020623534
-6.612214423318588
0.00731853647403217
3.2687818410245377
-2.102101278758829
-2.8864030129771825
-3.150811636515601
2.854672518120554
-0.4561131701927785
-0.7388423841636351
2.1252994592287724
-6.510455063691214
-0.7971990698538471
0.5752275523196507
-2.274645678002877
-3.41531361717148
-2.352766893405332
-4.5236405932928605
-1.596213006193144
-0.8877880576467384
-3.508153625448162
-1.1838027218948086
-4.906335313243773
-2.8434088072693045
0.08206307099876896
-2.7210787995602135
0.07017216026668213
0.11822484513641332
0.6540834743562502
2.9170691906938977
-0.6672440796994733
-0.6859828313731298
8.365351571214825
-2.5111232331923663
-6.739762878800834
-5.033949256579434
-1.0574517903405984
-5.158061583114676
2.3540405663321757
-2.3778795305704823
1.816794777898066
-4.182126772327532
2.5020840519585446
0.5132005036293854
-0.7832637285588556
-2.0329188944993732
5.9376802196106455
3.0713146706838637
-2.852970729079218
-2.06803123594125
-6.3713797149516225
5.8369730366222035
-5.720548453965519
1.2554459880012478
-3.087157843439427
-4.936020992743304
0.601448239477017
-5.125085094101004
-1.839656865695653
-0.9168694011467433
-0.5003447843573688
6.595519531519981
-6.448737207857667
2.344947902179857
-0.6965618722365678
-5.594145202504941
-7.043842602735175
-7.966218371845024
-4.711593594727447
7.026028431803509
-6.564230324003775
1.8645477058413042
-2.4453887521995528
-7.148433648021516
3.3531703724082624
2.855158160508797
0.9854687760038634
4.2715169951983425
-3.143824387069472
6.120202535894312
-4.447168350434199
4.634220398109023
6.644532537682998
-1.162612384816963
-2.8979026390434734
-6.8874042108975635
-5.409948418876945
-1.5202749304821348
-7.920497758428057
0.14577545492611685
7.701168590461037
-5.734155045670559
-1.5769359304014765
-7.354732313795857
2.4931799765454303
-1.0595861040551835
5.073027858145685
-1.0275502934092544
1.0996974503644168
-5.309290274250265
-4.9103680943176755
4.232110075048684
-3.8124402914363293
3.6087718930954185
-4.550224093287594
1.9124735391642915
-2.870501752388603
4.489644816077403
-0.6844822823530531
-4.510132185329187
-3.145395360691952
-9.275626495918392
-11.717229693921551
-0.27477763762338586
-1.7237104745477667
1.0954290351373157
-4.617336846289345
-3.070429201001278
6.423589696048402
1.3729315899281493
7.760498614076372
4.152731052789374
-3.4219130440311347
-1.14346280715072
1.3925887905669823
-5.548904300944345
3.661149112198578
-5.514341006689255
-1.4872618195911202
-3.683696546958217
-1.159577943968331
-6.222173687887226
-4.229149756928834
0.9642754566442984
-1.6595533173745922
2.0695343387317178
-4.1097434038389435
-2.9118321237817195
-0.11151633000464964
-4.921530477065905
0.4187963008667037
-0.540021291503165
-6.779703549047359
-1.3804147084877656
-0.699164406743475
-9.138318668576403
-0.4572222873282647
7.794329842494917
5.197283850170707
2.160994326186144
1.3765198802260827
-0.8718053441752167
-5.169602687313654
5.971748347397631
-2.1570432484490234
7.256825904349291
-0.9004991090696381
2.0372539055470464
2.290680995208567
2.579096048482381
-2.219902355790889
4.654056657714647
-8.71349963205727
-3.5943435251113094
-5.072592873749763
-1.2673899140441753
-9.819181944643036
-0.3676349751686768
-2.9588083733130586
3.180279023785489
-2.4584967201358694
-7.442963306646929
0.1494226038300869
-0.5335088524310163
-2.290541226486922
1.625279179043924
0.5475537113180465
7.766479362006164
1.7645989699517295
-2.8846114448449782
5.458014953082539
0.24197357481147325
-2.024797735182795
-5.961976591597779
-7.765865923312241
-7.874767456423056
-7.645355814335136
-4.832988950657178
-9.89054479389987
-3.604109789513682
-9.32842478516179
-6.756381516277902
-12.062869206325793
-8.368750545770466
1.8858623395664418
-4.879938111305792
1.061472374213804
1.2176122878068922
7.730175243765717
1.4618234217915753
-9.939805544514321
2.7508307053192844
8.977546315793594
-7.005532408217685
-6.2187826338387335
-1.6985757711282115
-6.3218987996183795
0.5519963092907563
-3.2984248434005825
1.2138908305994802
-0.1983687493489283
0.9445638801072966
2.153072991868093
-8.365412834805879
-6.800346300927549
-2.862939204207226
2.9737190167177876
-7.592982240520684
-1.3779768423133023
0.6038415091918378
1.9014166425288517
-0.6431396320049056
-2.512860893335497
-2.3789020509590766
-2.3560970121037585
-9.302039141110468
-1.394662732956123
-3.8111226247764693
-2.283897554368789
-1.3475828798371896
2.649349146218227
-0.7625461781665775
-5.958311427323414
-5.380060884073773
3.2833467976589983
4.141720536975734
8.633474415902851
8.437474866184015
-10.50599967999431
-10.654125820212359
-2.3934798832789927
8.65694251511054
0.0018203045798293183
-7.6882975901293396
0.27633859015184814
0.3050442437553297
5.1132717554092455
2.6974784026910057
-2.087555075820945
-3.4278029377265176
-2.6213910336499673
-0.18622611492882693
3.535802889371633
-5.712021124561499
10.068581031547907
-5.282938962171162
3.8647502343446933
-0.32645493013238847
0.6193951836167815
-1.687449117407278
-6.902163458616533
-0.33349283369120586
-1.7175043399092946
0.30956298258614556
-4.22913772601234
-0.22510983733689433
1.1478164261701254
-3.21264270780383
0.09395287922463039
-2.4042648714455424
5.0487637001350025
-0.9473278326050463
4.903539483413136
-5.465687197384955
6.799071085495229
-1.0092537190357176
-9.684848970967495
-7.311393079624267
-3.1900173641171308
6.790773002017249
6.877886873269968
4.2519199467675595
-10.076596174856176
-11.22477058909835
1.673738650879475
-0.8558147546003158
4.016956644744719
-1.3383090233677846
-7.188217976275662
2.934857061155951
1.6430844327908318
-4.534016069519389
-3.1957326745147068
7.751116515181841
-4.585867703129376
-10.514746791876663
7.522877437370839
-7.568174254880255
2.5834937608429187
-3.4570645828582576
-7.644899783841617
4.054383109799501
-2.3283955318649214
0.011624041570822216
-1.0635067046077287
4.137266339026074
-10.443682342993908
-0.2580573423352886
-2.4937081857203625
-1.8321493296087092
-5.2038663582198685
-1.820945133143013
4.756978303607426
5.57252168532934
-3.35689347398761
0.19766852645108968
-0.05407276872297587
-3.945026314764361
-6.3568253294352886
-2.1592135457473622
3.0383397161011194
5.145846827131331
-0.14171562481770267
-5.367320903248113
2.118941984020693
5.316048796623191
-2.0849953004593735
1.6293803805097788
2.515201401519088
-2.066621269835408
-1.4554875363660278
-5.3110900239695225
0.556121581553298
0.2943571899583825
-0.8400462460258593
-1.0348917761854572
-8.363551205100485
-8.582852001931727
0.03377546585487699
-3.304675517398269
2.20316947129593
-0.11545131876988637
-1.151062637994466
2.0833679973123806
-3.5987864302196737
-4.926332100611244
0.41955313579547343
-2.775447360006211
-1.624008720215966
-0.5557519990245621
-8.090824754031903
0.35642188712512163
6.8806245822308165
-5.063091700006151
-4.038218541807707
-0.22611289021380473
-5.555200359299098
-8.090475625191358
-2.4731172955074037
-4.804167817810746
-3.853658632381671
-3.13061888424516
-5.763545767585054
-6.2109102529167055
-1.7567033478533522
-3.242087060932158
-2.449992574585988
1.7555703879421427
1.4874515303193154
-0.591212163822876
4.441143379376897
-1.923413838581882
-0.8549310624316813
7.925049113198799
-5.212732635148909
-0.4484871773689358
-3.3212068239626618
-1.680955914339786
-6.557976766340502
-3.3849885022341675
4.056343558246707
-0.132330370336172
6.735115038851999
0.8013710848779566
0.08487379595771666
1.7587709299054917
-3.3104737949826304
3.362053245618946
-0.3705619239969055
-4.229146201627145
-4.127457702886334
-2.5915811982602226
-3.037071127933171
-2.0951641718102922
-1.209941683465888
-5.041719541979151
3.0696709396739634
-0.7491348532906804
-5.329583259067323
1.1092934657352096
4.125369850296392
2.0144516716796814
-8.204616206210469
-1.034100377928764
0.8294816899336094
2.87993930968243
-3.2001901026575603
-1.9138894921536145
3.2692999264531513
5.885802559808269
-1.2972299169936263
-3.2823607732102182
-7.168163013883312
-1.8334242919027313
-2.587799336073195
-0.34981671164763556
-5.512968105974659
-2.9316735708946418
-3.1707666109440993
3.490490211967518
-1.3140277164979604
5.117218589903338
-4.716972071789477
3.330558744601337
-3.1342946331842865
-2.7127189528326996
6.324365226683411
-2.7369526546307696
-3.75205108101529
7.904750127217899
-1.8957638517217223
1.977061182591302
-3.0335034578092976
1.7371300485261225
2.0099458165190076
-3.795987062645397
0.9482817999743
-1.5779697625941294
-3.22325677704046
-0.5487275806733997
-4.055349635683362
2.7521789084716266
-3.976490095098843
2.012383886705827
-2.613917005854292
-2.963669388158456
-2.7619935430360965
0.28403997276747317
2.302089851140114
-3.693895043165044
4.812525358880772
1.9889241707730256
-1.504637659734889
-10.121234280409848
1.0461313232309366
-0.920940248051547
-2.0048544823405927
-1.6846740958877338
-6.766831671175272
-6.756350480164011
-5.024373074964845
-3.8864250106435727
5.861847161175736
-1.1689264644723925
-5.147547662638346
-2.128991492389015
4.751359680194976
-2.0716453361084612
-1.3931885407957518
-0.5660976659079061
-3.308850443418667
-2.021136756974309
6.806596264901388
2.450699629374882
1.6503450351739
0.26429427981523407
1.5072644660389551
-3.9220318775638505
-6.220630507420761
0.31961157720391087
-3.2266885221972563
7.132063802228635
-3.107064591337912
4.872167544701872
1.7653690161354207
-2.477273056099547
-4.315303758772756
-2.409313455728637
-2.1682531122607034
-3.572055837469759
-1.462254308610481
5.346315932599666
-3.2292719364759694
2.2180110886815063
0.22583380131409303
-1.4279976235031155
3.8325895497777207
-3.330308932945668
-8.658919635360292
-5.500703415805568
-1.337637007969541
-6.371028962826866
0.0429586050434159
-4.12427810982809
-1.4850209121159206
-5.530609940128178
2.3338919857825178
-2.358466086578944
3.434170712639603
-8.601474130746354
-3.1945506393050556
0.6101643961267105
-0.8143926251378435
-6.695999949724199
-0.9451894375702585
-7.23808415468921
3.415130346634656
-2.6081294372848873
-0.7492563962788454
5.610653029574525
-3.384998155871463
-1.8649584459767097
-1.7409598078560158
7.973812980411491
-5.987274153474328
-4.9974450459606645
-5.631885853605153
-0.6442735987518746
-4.021430217942369
-2.1917860422935704
-4.762002033006781
-6.6042749469816355
-0.2674369430010596
-2.6903522088845357
-4.3889741580069
-0.5526507385675878
4.680910578367734
4.958791372448178
3.446432822372128
3.078757016216547
-3.609119525868323
-4.730509802632512
1.2426239466946218
-0.6462947773810801
-4.485786820363732
-2.9715624230535735
-9.15377280800036
-5.681210390202729
1.7752098619886933
-6.917334409710331
0.47131757838382893
-1.2933776736744358
-1.53798692031698
-0.6835927351163814
-5.148306164095735
-4.920203026447268
0.3356779682859513
2.6793276347149515
-0.8230137277424837
-2.601785687913477
-2.2320377209421647
-1.208990333409566
4.537174657456579
-5.911750204568496
-12.371523054608545
-1.4842830527000226
-3.7591854745455326
1.3042410319655942
-1.402210072424965
2.1824462999441634
-6.452631295634115
-3.686815163209103
3.54365233568978
5.568352354653164
-1.9513287232737466
-6.692393940380559
7.8049407222434235
-3.338593231234644
-12.266737847130972
-8.099644345554095
5.221830495797583
-0.4210683039708472
-7.084497394347412
3.0511440799478713
-4.314205606189991
2.3550362642019462
-1.8392765837306257
-0.17709460599417717
2.53808764772947
-10.124628759525823
-0.3886398227649755
6.505481579597992
9.306860367630554
3.170667203725184
4.746453462655202
-7.6934643867772525
1.808366344809908
0.1156075722362738
-5.143184564271351
0.8131665219225903
6.130079567699936
-7.4233720762686675
-3.556860103366749
5.074963620345844
-5.866570972449925
2.0727427757092483
0.22838629143200592
3.979822489180294
-4.288068089072314
10.027606227991503
5.394517643861597
5.244330392947559
-5.072046177603272
0.7416243945025065
-9.735044082872724
4.446846758401965
-4.953561468175845
1.632774536010076
9.086869212838199
6.207339255981266
7.466607106326006
-5.2510461315260075
2.4224534576607386
-6.345100162035508
-4.38798561016394
-1.560344926277595
6.486138596177728
0.8372880847976159
-7.038153928098448
-0.30548908188479806
-4.507438918237048
-0.9718621767288189
2.6689435850753873
-9.626305421900367
6.519271750699326
-6.693357607633316
-0.4171552631241645
6.230025546995472
-0.896563301051147
-3.1692067214617308
-4.136451431133239
-2.0357253723909245
1.4148706453564608
-6.047679264614611
5.2946953147916025
0.10333559969426051
-4.955060189128219
-1.5946490975072463
-1.3543018246695364
5.6441460046103336
3.4082026542983965
-7.728281889510581
-0.1531923948320741
-3.3525055756866506
0.23199999760382137
5.147432817446655
-4.5357386164670235
0.6701243895846366
-7.894213332282387
10.500960680646894
-3.6687806508761813
-1.8626616413387045
-8.503050108577309
1.7455719545976578
-4.277792102837202
6.118996635798571
-5.45096985310666
4.4425838848603565
-9.339931135570954
4.922555418088948
-0.3025573685811187
0.9558127792874224
-6.317417695928124
-5.698848438309895
6.55937658147466
-1.6814773883307312
7.0662558384717356
0.959059751482088
-0.562247917446933
0.22354076633840453
-8.20083724715733
-10.81850229582825
-5.607146838000566
1.4579218138079073
1.6773605438589652
-1.8843640104083705
0.012476176938750727
-2.490605414205301
2.395287403115584
-9.81601969374092
-3.036173165127776
8.741051760503511
-0.8330836225866137
2.3681480794358287
-4.121886029186128
1.0721598816382154
-3.5451381377778426
-8.038576914814826
-4.14869602236393
-7.922653687093346
-4.391087708507874
-2.1566051661354004
-5.61156583357798
-1.70862949208618
