1.1645239376697567
-5.954607396247895
1.9981262246989169
-4.161730933454561
0.18954977664314634
2.4837501595338103
-2.205958021628593
3.6614298329359767
-2.9376223253615805
3.3670599872573903
1.5973246522913485
3.684204467223091
-2.732348172781007
-5.052237891533191
-3.885090574542929
-2.229104176959304
-0.3708440265077082
-0.293941581740201
-3.8887411945445325
-5.396915178768633
2.1210114131690148
1.8423450934559376
-4.060846489807623
-6.317256107291911
-3.6410185717789414
-2.6953210390306066
-3.561855947354844
-2.3606966650324166
1.3362627237287248
3.4059502575911624
-2.852273351377247
-2.4115867010514633
-1.9807385199392618
-4.52108950334764
-0.9200696699161761
-1.9686665697320225
-1.260604010873379
1.094409389007051
-8.799659816108063
5.233058174571583
0.4317872620666307
-5.295696529985983
-1.8360774602691663
0.4497947327084578
-2.1385841843950426
1.3128544194053369
5.329523751564433
2.223341138292027
-0.6695338297859327
4.03730172378396
0.5263130151354061
5.191860087243024
-3.6898792976577024
-6.159441673395348
-5.5894380207828585
4.5919960713627725
-4.13405978671665
1.759591356468804
-1.013824083179764
-5.109434152004688
-1.726930080912057
-5.627747664460691
-2.926792339135744
1.9181927471909774
-2.686075949208211
1.3139053901814146
2.626902342815122
-3.6893262035874232
-0.5588382651282685
-5.645457199216287
4.895243257298396
0.08675811413726191
-1.3614935877689476
-3.8477786078853153
5.4012018431202025
-0.7657316728671518
-3.8116745552360194
2.220071803959547
0.7997627781439822
-7.993597109700703
-1.3280536461093821
0.8917757730160524
-6.750338741128555
2.739806330758815
-0.10774431364399766
-1.9477349681968612
2.6121639312237916
-5.192194290587587
-5.21651550229966
-1.1511525303713277
2.6218988624072446
8.889666890745454
-1.5139140676794194
-1.1988999235318316
-2.7320747892572412
2.244102056517934
-5.761206249388354
0.41824184987965246
1.8612111001483735
2.2040927639299315
-2.38267084955421
1.3878893219124162
1.9288073016040534
3.4844824130716376
-5.493168683017291
1.719215659875097
-0.26690781973184724
-7.298940373500122
-6.112170545410603
8.359372389317503
-6.242384590882318
3.51309004601698
1.2774605936260184
3.1809532365745747
-1.0650439222998285
-8.291770657423921
1.0261325704274407
-0.0064827892642616005
-1.6534714517262064
-6.140592161839287
2.5875922505817157
5.607303147775114
-5.962544905475497
-5.388365915134505
-3.740342412321581
-2.331679409681164
-2.094094623841442
3.821274457104591
0.46599831490747273
-4.165905830134422
0.6840636487942708
4.346263908043192
-1.1692909000295917
3.482589403197764
2.935930190610283
-1.2065413642334846
2.6739409198823494
-5.1606764005019565
-3.1275085874346216
-5.2912298361643995
-1.6705333110844474
-8.595496483496063
-0.6427792607495955
-2.9971791649621635
-7.086556364025903
-5.4082159702040435
-0.9086148695131132
5.2572137222303486
1.932148272598819
-6.848788073903736
2.542063253186763
-4.91636306137787
4.1814049407747715
2.0167228444546823
3.320251254297206
-1.7256938602221228
-0.060776740414311636
-3.5828476342968494
3.847453220439988
3.324433916867091
-3.1614036580975364
2.5268072375522697
-2.2838490905917705
-0.36615963735068646
-1.4673851222327634
-2.4204381139756648
-3.512965912003798
-3.0649786928215277
-2.619175758329127
-2.5398931132126417
