-7.631036290785478
7.132024662435111
-3.0244669877122132
-4.900657748198607
-3.048183072014519
-7.2719778692289765
-5.934233782956151
5.750393336486173
5.073914821878948
-7.44980467727898
-2.776671138160177
0.3967290431267895
-0.7615402712503054
1.5413827901421502
7.467454750652384
-4.67500953807569
-2.2025833274856934
-3.3234775210971805
7.136348351629867
5.115610529161511
-7.6471646633115
-12.17798493526855
-1.1784881907345892
-3.180227477527187
2.039108034825422
-7.181685119678882
-8.668580058113424
-2.439814109747297
3.5976556153222248
1.8996945099201257
-1.4973768792948836
-4.349267618704726
-5.0826415954785045
-3.365555282297307
-5.299636137122409
-3.2253472572740596
-6.821565152529174
2.114048570195906
7.343290760015079
-6.031721611333442
3.9989134028663087
-7.027973322964538
-6.4528156521446505
-0.4423179003235958
-7.74360077826568
-2.2255287841152565
-4.141914557084633
-3.766802385603137
5.100399178497235E-4
-6.204638491795831
-9.071745051013117
0.4676957779782089
-5.270491974091198
-4.315991999775189
4.357132904683222
-4.124454425498976
-4.6552214799834335
-5.802739845204756
6.3286144987303325
1.0365583220558876
3.038471160002957
0.8030512841184885
4.065140855296641
-2.1979465592882774
2.1920679247404173
-2.433961810218898
-3.2025343212902637
4.475381910290317
-4.507209446039254
2.809235934366556
-3.0224412155491764
3.9338394527819665
1.8542726028734409
-6.206531755770616
-0.9404054270561244
-4.960147606795783
-6.299670046107451
-1.6973264695459886
-5.093066897967288
6.961322722853151
6.707945044791927
5.67435012857573
-7.115610574027154
-0.7974035511074835
4.20132414164284
-2.622315261993947
-4.165146009242662
-3.5072045353649934
-5.930361244631282
-5.26292133711687
1.0799227860557699
-1.228991830728316
-3.447463354010469
-6.515642924988727
-2.467579763536578
-7.028785928243817
-0.9323260748703168
1.4150703117254773
-4.828149916339993
-5.192092374893413
-6.269007392915242
10.580672680389087
-7.005935356046215
-2.185009565698798
-2.1081145590616
-5.252266975454901
-4.2045353526893186
-2.14195773314059
6.458938576918379
2.6250524049448054
-3.086307464757154
-3.7751632224483243
2.887627463566629
-2.740621323413441
-5.331049296738287
-0.39128638639256297
2.85715440632261
-8.302147246038611
2.8769963075766753
1.5423870377860496
-9.780144663305524
6.634233954520229
-5.632537297853696
5.801950149375872
3.5115255247123263
-3.7788029092725783
-3.300226277484921
4.814842402663524
-9.247576628744746
-8.157624855570905
-1.4154446404390857
-4.497228517304237
4.292903580920862
-4.403557502412259
-4.461449027901652
-3.0885023746305813
1.7518277067438783
3.587726475320608
0.547982483769816
-7.884012245638591
-3.6376545447695703
8.134870036433837
-5.6714358163759755
0.15709612153341174
-4.9076608396695445
-0.1355582632192438
3.0370123664232698
3.669182373482465
-2.914852433338117
5.8934125666077515
-4.3463076854728495
0.7011730409756581
-1.0842876086654423
4.137298543315283
5.13867006951777
3.809480470262807
-3.3237983160047078
1.574706842508972
-2.2012977874367814
-7.485269951362935
-9.535868794591323
-5.448602712195887
-4.1270171893743575
-9.329671622446106
-6.441458028394432
0.2237771005824565
-9.750137060991166
-9.510829711028705
-6.091721458426423
-13.020608654325864
-1.3017661163036027
5.879462315599772
-4.0552031736947
-7.6153900406998245
3.747706462475449
-1.5076800430483424
-2.6502526702514473
-3.067594108211981
2.7466427471065433
-7.63411592536721
0.7025802297716197
-1.334682135148488
-2.4450327078216447
3.51268343748974
-9.90157702148389
-8.042259938040694
-3.9593050828200678
4.899267492049847
-3.4967383539486514
4.240900295705011
-4.772888966188427
-10.988699417161563
-3.4391273649955902
-0.15856467035832927
-2.8056853266202184
9.515451135539289
1.2278162108724262
-4.455234588202636
5.303975816319476
-6.804750407416266
-1.5753246933301597
-1.564525207461066
-3.1689404674535804
4.409134210701944
-5.600507001505788
-9.97930623677787
-7.5975180000246665
3.1668986435065314
-9.402856022027132
-2.9870358873852783
-3.8451972401634706
4.206189206506514
-0.4351102866855512
-5.94720058509603
10.149542408921716
1.3615120331468513
5.86416861037915
-1.1308552610930327
0.3574354934882858
-6.696207158568521
1.4221223855376506
-6.860586227025929
3.6709007088014483
-6.94589721386861
-5.461528882174831
1.9713820920368783
-6.605388199148034
-2.985175420079441
-0.738953622928354
-5.787977716215287
-7.658424936704992
0.8296791515082949
9.105289468245148
-9.470253751760755
-7.325816180929157
7.902406262948355
6.040745028129572
-2.306002419417193
-0.714372216611401
-9.468741701314823
-4.307458202319444
0.7161940504565547
0.084190294606078
-7.635292241401696
0.49417032948171713
-0.12395026944207772
-3.8502643053903793
5.384448447291218
-5.946594258563179
12.40890806508253
-2.766245773533207
-5.713139590722579
8.829238086324711
7.549925537677767
6.557548760582495
2.8401494493134996
1.7751753202193714
0.47017318171271794
-5.576451049970659
-1.3697745367445724
1.1762007247489394
-7.071353827101717
-6.4068373345564575
-3.3328222965653156
-13.543743487996487
-6.898809398609804
-6.09357424637745
6.1964916196431306
-8.370413023219902
-0.1883972735067105
-2.5534067577122093
4.794171154172204
8.21585181121117
10.48342419857685
4.286161152020698
-3.732095978379814
0.19335928421554624
2.0469280108396735
0.6122295263231631
-6.628821079309272
-0.35378077868900143
7.126883395326942
-5.585691089503123
-6.221966022334829
-7.447572275228934
5.909896330674017
-2.3580155534552194
-7.23813823539695
-1.0940969016059308
1.8152995780805126
-0.22962271709869328
4.081650772363941
-1.0520361043920676
4.965192970166423
5.971493150669229
9.521836293329434
-4.107539167059973
1.2654929662516285
-6.860947614570027
-5.47269970075198
5.363052837404635
9.045214546008003
-10.82646323249055
1.8292821193213054
2.89282980901264
-3.55439155802853
-5.389192264977132
1.4419836396635228
1.8816754773561744
-1.2783450797177744
-0.8957888831804083
7.885024237149008
0.4015019180659027
-4.295025675881533
-6.05957357907562
-9.498591513816374
4.630247249016843
-4.385087288837051
-3.4484487035060125
7.887339421005281
-5.922009185478075
-3.6963809640102974
6.561563248260919
-2.236047208372598
1.185889448389461
13.108849085809627
-0.7348244095176263
-5.3737444983870475
5.039419491814572
3.6799032511538017
-2.3798933409214595
-2.7570313461852423
-4.454860458072434
-3.376688233044847
-8.85805939123024
-6.8247931644246345
-7.197037737214721
-4.5918173408867835
-5.850390718719552
-8.681777904469762
