6.943074084901746
-1.1956023911374367
-0.9612220635364224
-3.02407563098897
6.176779785281379
-1.5611704052158792
-3.15851678772242
-3.47176663906005
-3.2631841427862778
-1.2602235407440705
1.1004419782114205
-1.1777554921625708
-2.4819801834486968
-0.34949671349599587
-0.5989333947566893
2.1930742138607706
-4.549823395142711
0.9213819639402345
-7.3441662010778765
1.21513997565814
-7.299025738821919
-2.199552467616106
3.3627572198191826
1.7641181094889697
-0.2821652285044397
-2.5021601316422677
-0.40603435767233775
0.11758678925742984
-0.15478204330456524
-5.65264811277937
-0.8374874228934455
-1.0645908354903368
-2.0275184790531675
-1.4921513766813028
-2.659413969957516
-2.2537046433722305
-2.356920952516967
-2.6754306887338286
4.603776930662011
-0.6149448918894721
-2.3117546165673093
-1.3484382327477924
-1.5275173784258538
-1.679806326049717
-1.88375864499852
3.370081925113791
-0.7671987038558266
4.624959716098867
2.955733026052951
-0.7597025535393312
-3.7398932541442567
-1.9240244105940487
-1.1374059347086924
-2.8938267527455985
-1.5364629662075897
0.5815230004513344
-2.635223476234292
-1.766841495940959
0.49700658260925024
-1.0357408286855645
-1.959573340611456
3.7368476940003754
0.1906767492130734
-2.485005586748719
-3.965530349944618
-0.6224064541561208
4.50767473781456
-3.0329665106218093
-0.6663769020519785
0.2635986970338386
-2.433343868726769
-1.0456987593785159
-1.250440814343486
-0.2514902003264236
-1.013786677710824
-1.1647983652282308
-1.7058842582687093
-3.424027746427823
0.009093288265816239
3.47662819634594
-2.481256428699585
-1.0195891066324096
-1.124905726604524
-0.39195996945307027
2.4427537302066265
-1.9523404814864607
-1.053566838186534
0.7462870457410169
-1.8876058978615267
0.42568439289321774
0.09534847082291738
-3.9204738406539605
-4.4147783693151865
0.22143416737862717
-1.2623027466675265
-3.1664729145521253
-5.234454176467669
-3.485692616621044
-1.4974059427865745
-0.636996213828722
4.13698529472812
-0.4369573011319492
2.2690385288405746
-0.6196037878535086
0.06885915515943987
3.1099255504182723
2.0664058883714036
-1.3224496314318206
-2.797200547856964
-1.269938916069611
-0.35276554226794776
4.655397941672733
5.4740550607255685
0.40413434423926753
1.9311750188447445
0.3048382378693304
-5.555548539228974
-0.4206745176367375
-3.1330057909884346
-0.9515514853312872
-4.03221081218183
-0.40000806705780817
-0.8563660545178889
1.0409051552688426
0.47531143107266244
-6.163246315615782
-1.1226096104177459
-1.4337044015354619
-4.413987437872247
-1.2340524024932435
-2.671676807191302
-0.9358320171745991
-0.039356415474914946
-1.0194572015161596
-3.182860050511501
0.451940515071432
1.52725586209881
-1.8474234147630835
-0.40239918916584816
-2.6865110690905722
-2.1386542050179997
1.9704662686453647
-0.38361298790597165
-4.049311633605425
-3.9173035505163725
0.14427642473404126
2.5965628184877687
-0.5043798933803519
-0.22721758857150595
-0.4201902943370744
-3.314478833378812
-0.2925441643256182
-2.345813476536218
-1.1624189556634636
-0.6636194870930566
-1.8818109852544633
-1.581529732233422
-3.6232323678351586
-0.9424470162840591
-3.7692106402176226
-11.179609436148873
2.6086668095978505
-5.153242805615955
-5.3208691177942296
-5.280117780242203
-2.8905219021479103
-6.451393120827607
-4.114167497851595
-1.9863153026250686
-2.5105893570851654
-1.7941543191667189
-2.5852016616639992
-1.4951126878074332
1.9034927670792814
-2.0217621724049057
7.927399077062015
-0.8915259137573158
-0.6850366534715502
-6.510473928523569
-3.6836060960068195
-3.7260448122693064
-0.052249047714329776
-2.6129319949628993
5.249838209578827
-3.645272288537458
1.0904167839201218
-1.3673061513943587
-3.0574365442177824
-7.513476863306959
-0.5788885529843694
-3.6122690523615635
-2.7124758958772777
4.54726950599601
-1.9874401217736033
1.6279884926461674
1.4692060511238791
3.3340740305477956
4.26392707806443
-2.384340900221409
-2.911516129566595
-1.9739294517613084
1.6810392537548926
-3.5486194796909776
-0.47300164812746925
4.543463658902034
-1.7765254328880933
-3.6182527387239714
3.0078317746117325
2.9405088243911703
4.876857363707834
5.587828505962516
5.817444564494452
-5.509176698897914
-6.584567739164698
0.23893637717106841
-1.6688511750070003
3.710877680316333
-1.4698311335220462
-3.7422780780301306
0.18415918740520626
1.1742179559042805
-0.9209649049111225
-2.8156137953794267
-5.708884297624539
-5.4016085843413775
3.085339826306424
7.364848035822484
-3.7103084522117222
1.3120437763477728
1.8206250488389428
-3.064481492920887
2.4789913506438492
4.466912709235461
-7.569591927367292
-1.3206248594254435
6.760463355056224
1.7328923602837822
-5.151713036774381
-3.18703408442229
-0.0215161944459896
3.4082589764302473
-6.2693773965663375
-5.717619769733216
-1.355264197653798
-1.0031633945863854
-0.7490351429907358
-3.9977616216464082
-6.745504701342412
-0.5766723655446973
0.23541349011446797
-4.646175495505595
-1.8166084225830714
1.6120855925586803
-3.3697832485037704
-2.63397109126574
-7.286831665658212
3.5878289340848073
-1.9241009969438723
-6.396847246202171
2.0200636407515855
3.6819756747705563
5.186150442554319
-1.3960539961757026
6.2178420380433135
-8.642750386798319
-5.091993115504372
-5.371524128943574
-4.4499629246612225
-0.327719700587001
-4.663173407149804
-1.9552504329486837
-1.372916328170167
1.7633579780574196
8.115023579090373
-5.05956332998523
-4.416355655305717
3.222441192436045
-3.690904150019001
-0.4373323455135069
-3.5883935769724857
-3.753520912915399
3.8875338879873347
-3.87565112546732
3.1796554693482646
0.9295672974475915
1.881379060325775
-3.2467537641297373
-4.307067613539703
-6.296977078242238
-4.640726479215162
1.9277949627212112
2.4701765623598537
0.5664835755532711
4.228848339230941
6.304007258662477
-5.429150915549175
1.5076123939869424
1.7311524192568137
-7.082121912831299
-2.739415774037746
4.575585480043172
-4.0810314665822895
-1.8251298646270921
-5.010200926420428
-0.5567979946399318
-5.181497492997254
6.9693928363976765
-3.2326241699876928
3.0992131837656993
-3.2812772404463817
-0.9831175176617725
2.669145766961485
-3.4338456476755925
6.097441099249388
0.8206969705380309
-3.5062750201280264
0.0196282876179578
6.574918109074002
0.14853987634071525
-3.189064465873052
-5.352771040425595
-4.34334111603947
-3.917600510353959
-2.6713384078928337
1.0217263916452386
-5.192908862007532
-7.775958323105184
-5.5023935847427925
-3.6806471443885638
-2.2096611487361044
-2.419311234337093
-2.7705060313241905
-4.489724181284827
-2.421728330458524
-0.47098310251368153
-3.569250652568324
-3.399649076518915
-4.3078910653265625
-7.269030176141193
0.09601380514234675
3.055041495759947
-0.9526927469350854
0.056625972515919505
-1.6296807453397388
3.005393913960137
-2.6121487714095455
2.1415637706811785
-1.1833870541366966
-2.083795625767468
-5.911499558915498
0.6130899571571817
-3.417241792528907
-0.8985362580124047
2.229766182844644
0.13130087988643535
-2.4534351200603113
-0.21550980156884122
-0.7520015932924415
-3.958977789513675
1.9134933518763004
-2.2107785211676947
3.0579019200632316
-1.751779999231031
-2.260308370802177
1.0406472304226644
-1.532357347298876
-3.9472085511794806
3.2431650147973703
-3.314210629615677
4.0298304542159
-0.44759749710244556
-0.47473114522442916
1.8894810175828898
-0.5525598962784009
0.5051465073830813
-4.310409663907919
-6.880948639336553
-2.8780786923599626
-2.93754208498073
0.25865253827658946
-1.5724345332751268
1.0496989725378494
3.106848736167483
-0.8566402934509718
-2.7946108120526465
2.720418718288851
-1.847493308910402
1.0297321676206765
1.1826421427413352
-4.885943555174132
-0.5383447918132829
5.142383619883653
-0.7086132942056439
2.277478121726255
-0.2689072561647168
-1.4424417738897597
0.35680862450293166
-0.29592596283726014
1.4779143072280008
-4.330161565999055
-0.4313148985557851
-2.0511961676979507
-0.27585062767807117
-1.4006862362594616
-2.5380016424587577
-2.1082766620890987
3.2369429393959868
-2.2590923799051104
-1.8914212071071244
-1.3998795117506935
-1.6267150438177145
0.591313626627764
5.758422403116986
2.040410187492162
-3.670383255305184
0.8867992210100336
2.2536797923286653
-2.96364214410803
0.8251909933212768
-1.1208411264342815
-2.1929568350463464
1.9884299478717342
0.8966383305251135
-2.3280799523134283
-0.4323783041141014
4.432065047881678
-0.24498013325378248
1.1973575661828444
-1.2095569805097819
-4.481115892828721
-1.0872772691250456
-1.4954826633064975
-3.3062646160101834
-3.1319432020409783
-2.0570868873466965
-0.6327855370902942
-2.138031952333553
-0.5390540014777042
-2.3407001030437957
-1.6489401515582207
0.9865346063894714
-4.217699321902134
-1.3750685875057618
-1.175802339016289
-4.209108181861493
2.2554484073345034
-6.179648443099374
-4.016076690870806
-0.33307992155313926
2.288561446844114
1.4434381122771909
0.0671507219487795
2.274646920949194
-0.5309756096358644
-1.4497000741061876
2.2752107158372263
-2.9713030120899333
-4.428647461592017
1.47635293441264
2.0154493929635198
-3.9408815645510122
-1.5556404199076013
-3.2019796851104507
2.7999496232571515
0.331300703351819
-3.059816132984434
2.5393616364128984
-2.0781267586541086
-0.22518967751629806
0.19964693324079194
-2.234405192093622
0.5507336358737228
0.19519586491571994
-2.402641393222299
0.1461667210894119
-5.084961252199926
6.218606877968319
1.090838420330207
3.0502751447311964
-1.4319657857580688
0.40261815786918587
1.969836188361485
-0.8539487789700578
-3.3742951876129896
-4.095716429797675
-1.071863238083424
-3.5402925726097214
-3.366207369581177
1.92060007514127
0.5192097275881711
-1.122528274099944
-2.92285863875157
-4.429533555358151
-0.6005816060761138
2.2582713372413705
4.091035269879296
3.124700784963343
-3.271436961694291
0.4069581981686586
-0.3701173630274141
-0.6221064799578413
-1.9826475534901402
-2.743731416506085
-0.36875089453173393
-2.9713622409455267
-0.4676818412777361
1.4660286790560364
-1.8015469140752516
-2.2335481527874217
-1.2347725967105794
-0.22710316331147987
3.113976030374051
-3.016669817921311
-1.5576260538153697
3.0896167281602813
4.055717695583843
0.13475694757641324
-1.4233012024121305
4.731744770249243
-0.07894100843706058
-3.802378179034587
-2.003519158684697
-2.3685656812268183
1.5953983671666965
1.3959312075012809
3.6382668349653224
0.5803409178289665
1.4112064683781944
-2.88179853865206
-2.3652920455525224
-3.442257803317159
-0.84374647147148
-0.10401442392146501
4.6142562543509085
-2.119495368507235
-2.096231986975308
0.6100903985631893
5.648663170660706
4.656175250894601
-1.5036790891409804
0.0739677868151771
-1.7450838770241506
-0.926416072673799
2.1921316597445664
-1.9584432151896711
-2.248832779033392
-1.2482663704469827
1.546822974270686
-0.59165322013915
-1.428504648041625
-3.2227448070144975
-0.7974251473129907
-1.0234087944983385
-0.6341012091277223
-1.3836146585153892
0.11053216907050466
-1.239193716252889
0.4245781297166975
0.5764126128197176
4.012184326946011
-3.03769283198231
5.407923475855964
5.354595589645076
2.3947661395405975
-0.47073515872018024
-3.5412520810994765
-2.950937319364696
-2.674674983742146
-0.3912820595123677
-1.3878238316420595
-1.3257071212481333
3.2956097977508865
0.2685401050470102
-3.4278955949160776
0.48395638270011226
1.1356830765177048
3.6104383758632634
-2.5875543905043603
-2.996716124126049
2.3119768640871987
1.6889970903955958
-0.19884203348360405
0.48891093797130253
-1.0363096010831963
-3.150917156690988
-3.160335949237106
-2.641451455156072
-4.883258998753668
-1.5260359739492513
-3.045727164029122
-1.082775170024615
0.9683223983845057
-2.9532564101954217
1.1098862299425247
-1.118348834613317
2.3315544216851243
-0.8694528758425905
-1.0054140094697444
1.4166524874094564
2.0398679261034807
-0.07209263948820042
-1.915122479480962
-2.50679064813686
-1.2288352124015522
-0.6406577951195839
-3.2755496871985463
1.6031520004260176
1.0438101935662114
-2.0958724451837067
-1.423021448200482
-2.5097006279285554
1.4906549286129829
-0.7517370118890974
-0.49943569422826467
-1.862601921340123
0.5010515910527479
-0.7505057926499713
-1.3685818076714276
-0.5786950748158249
0.5867916150526543
-0.6832979103682878
0.09382517781828073
2.1974284719296655
-7.812463206182997
1.5851373092568217
-3.3563297538168766
1.876421602881357
1.0357469293551658
0.43140529768012736
-2.0030176699045965
-2.4182606702749565
-1.139063333013212
-1.2590986569716276
-0.6128024670267548
-2.743824286754755
-3.8390644838477166
1.7606335270593978
-1.327918884841308
1.1505045319834868
1.2016640142417139
-2.663544325125145
-2.41467767846766
-1.5203195268077305
0.8714674776719892
1.1535338008086993
-0.818518852333743
-2.1289045544140364
-0.6136515136416679
-1.430541679264002
-1.897763554297556
-2.5427727704315486
-0.10516794517735491
-0.5566600550531555
-0.9735749032085272
-0.22615227557137077
0.6490122460458495
0.2572110795294504
-2.325188001116253
-1.5239962032527257
-5.85714668499567
0.3561574168453765
-0.9209974000044194
-1.8244838080254242
1.3766878741918953
0.16973113999349626
-2.729559099893585
-2.17102466914233
-2.5165806610674077
-1.1005531551867547
-0.23711815021312888
-2.6485330115348567
-1.4652657931392306
-2.9384525264142964
-3.7576428535002733
-1.4271353256104313
-4.84284906770569
-3.976490742435353
-1.6174127092029298
-1.4881545988707037
2.740302682462696
-1.7324041979204767
-0.11799954900424424
0.393354300282461
4.429823145176458
-3.122633367486209
-4.719327078602682
-1.6356223026730374
-0.23134105267365135
-1.4315397804414367
-1.901511446106129
-1.240528632839605
5.862011689728087
1.975161428048693
-0.4195560482644177
0.6743288424601626
-1.0971958358106007
-1.5479105067851089
-2.821836608578709
-4.707087325456699
-2.530301049600575
-2.1157768204514413
-1.5769629452029297
0.9350243570045323
0.784995988729749
-3.581597088816983
0.6465053562094613
2.737490147799085
-0.09084444130004563
1.3470103135616656
-0.6231061935643051
0.584531360110792
3.2476654449576374
-4.972397134379944
1.4324891157280566
2.229886571632826
-3.590905532135217
-0.7287316089298097
-3.628219671459225
0.0915330143758852
-0.5665594412474008
0.6480300291744561
-5.266275805594122
-0.7797704658528997
-4.393335820236336
1.933419605018919
0.4471043225310268
-0.4606203089725144
2.8740887229412255
-2.235679939309712
-3.9608057676331008
-1.3357565808568785
0.6298938920208921
2.3175386905776763
2.3038516921613446
0.38928051961635046
-5.855368647178361
-0.016455295425475545
0.34269218869287255
2.291445673314055
-0.1739342592880632
2.8480100252281124
-3.247408903192568
-1.9569405171873788
-2.9264202661772702
0.9636225983768505
1.2591272628522072
-1.5298712126687724
1.563033273653931
1.2628245896850727
-0.1165161333217151
2.2388679387118406
-0.3270158749501354
-6.2368479055430495
1.3723107198356985
-1.2336632521946962
-2.4565108702878873
-3.1285021191433016
0.7985460456481712
-3.0832591937586478
-4.0143763794998595
-2.873494513255135
-4.814149625039995
2.0157635788208164
-0.7424482286679568
-3.1938494980246563
2.095540837174136
-1.6329644796043674
-1.6652066302137325
0.858581295951445
0.9876282755322509
-3.2830478852165843
3.311001135758959
-4.88691728925429
2.706745198696477
-2.3328625907691714
2.64443018625843
-5.057488192030576
2.865186543109215
0.3947097353523731
-2.4793518856523886
-1.89686810799362
3.89652870670248
-2.115336277050155
2.546015501536618
-0.8546604285469529
0.3074766608568394
-2.3647288634444004
-1.784174179493764
-1.757472342295884
-3.0353890122270615
3.018730502215709
-3.5382778323970165
2.551883656666194
0.8703002457169595
1.8033513883453978
2.094457025154605
-1.6411695231936796
-3.070216433360692
-4.764355927059859
-0.24290241406242777
-0.9751475344152983
-0.9799600209761846
-2.3025498712068626
-1.9508592539556193
-5.4159377332097804
-1.9183555059429107
3.625269294270391
3.2439295323020674
6.0250340015005355
-0.920491712928298
3.5794826757200955
0.5682604905563989
-2.924887467540906
0.8169297072028104
3.0589626962614758
-0.7589953201330903
-0.21431253318344942
-4.940012242938062
1.2412363994783355
-3.110650388237556
1.5753607984009037
-2.2542559896668246
-0.45994976506676893
-3.31772658124117
2.26761293325076
0.39531339985053504
-6.486573486862631
-1.5419435172792344
-1.5363344464297954
-2.5417887457544532
2.8749570889519993
-1.8825420537272601
5.068284572854269
0.16105562393033668
-3.1032924343957853
2.689532823940153
-1.6419322173302955
-2.612276136484542
-1.4626383771494789
1.162985438573279
-1.612186592211919
-1.413578515522602
-2.2627592145923323
-1.1688432884926692
-1.005155636302204
-0.9054643257560555
-1.4614602099633027
-1.241932085227468
-3.800254426512195
-1.8666041134478855
-0.9378737853452038
-4.40218466674101
-0.46507474385590875
1.4706029451177618
-2.372950019592965
2.5173562394657827
-3.298314900603104
3.1574840742112626
-0.3075214365808287
-3.623139583660516
2.6053357872244365
4.0377384408782016
-2.362957837907587
-0.49903449863538946
-3.033675189415055
-1.4705825290899164
1.8246636044192768
1.0159217633371234
0.44731074973123697
-4.410953261643155
4.355449087485759
0.2624113450528091
4.12323263997099
-0.5902875336783707
-0.7643869395084636
-2.715144296186155
-4.5040771792258045
-1.8268318391840899
-2.961352232542195
0.36941904648211316
-2.391747300108794
0.1937042955628448
-0.5073434070232474
0.15166928067222882
-0.021546106125428417
5.432360832694418
-2.659349877693315
2.4131844378677605
-3.5747305187815046
-0.7357992670960379
1.1755079439682137
-0.10369147608353672
-5.580742793365836
-5.242654585506156
0.21372882515715544
-0.40333065896500175
-5.505525914852904
1.6459649669836323
1.3146965783089857
-2.63062608058952
1.6475746528819233
-1.7104225409786424
-0.5841286084717141
-4.477204534439322
-2.412984218839075
-2.9431402274843017
0.9798256440560015
-1.929533300187742
1.9355023365785262
-5.022150463477277
5.718812319047802
1.2699822344871365
-1.7084640738986738
1.583466710903168
0.2899265200230857
3.1086911664451433
2.556270427106132
0.46000472602568887
-3.426332822341955
-3.903630275948441
1.4442801897021271
-1.8353763931448182
-0.2485560834582676
-0.24149900635048197
-1.9306972138137204
-5.20915623183126
-1.3018918131377943
-0.04103632903731629
4.541676276425822
-6.664230339932419
-1.8012262944987418
-1.7847565378042318
0.06079340347024767
-2.4312940563822645
-2.4987720987411035
-4.952072070982801
-1.4424744031793273
-2.919584093064592
-0.1508024840899534
-1.5223191933500413
-4.2495260129297145
4.781104433823926
-3.059146264073959
-1.2844306764373559
3.2792583923725034
4.288014223982195
-1.946934787351261
0.40491591364602825
0.4928197938176616
-0.43175473325988384
4.385653726992058
2.1963521634601624
-3.057623702149883
1.6351812306108313
0.9978215454538091
-0.05225532407191055
-4.539213146719529
4.777905561811175
3.130388622209714
1.028979919326966
-1.6716977212217214
-6.475537898829222
2.819677546701926
-6.2162599553046896
-0.03907498613732645
1.1830704923687667
-0.47338375116855624
-3.5741777560420234
3.4655965409396376
3.119296573318468
-0.13694046596397613
-0.955310087783483
0.35084040718312764
-4.56533077831095
-3.9238749845935583
-0.26923322106920744
-0.5583824792560069
-1.653046434302136
-2.6974767108149926
1.9707063764714607
-0.9855627066684954
-6.926346617799788
-5.307794859542654
3.843329202404567
-1.3354070262847753
-3.1285760659527284
1.8698707216649308
-0.6265732867955132
3.3700500345859403
-1.172757631999976
-1.8356968919022756
-0.07006699295367588
-2.024156808400888
0.06246022384637322
-5.994783101293598
1.6009660746579586
-0.41568573752761684
-0.5179775536416947
2.187491574080265
-6.42864438115408
-4.181197498460322
4.428916806368083
-0.16446587094837434
-1.5606066393249307
2.592840854645666
-4.094522427884522
-3.4751432469911943
1.7210948882223063
1.4940548284020883
2.7399436183420245
-2.3660512631507213
-2.0214481949259175
-3.0463651652018124
-1.437757048937867
-2.149523108121491
-1.6726779599708435
-2.1877278945207888
-2.4766673495609792
-2.7001359698669383
-3.6605521712028537
5.2297852922201615
-2.4201171874295633
-7.301817390580346
-2.324987005233355
0.13713021632340017
-1.2349316558698973
-2.2656636041691933
-0.5247687509278955
6.517007594073567
-3.965072881355311
0.8458026876130857
-1.698088656878022
-1.690333414898578
-1.0961561367057457
-0.8614097172819818
-1.3783962411815986
-3.0552102158137244
-0.5737512018183143
-2.1245317119140394
-0.19517211072181992
-2.1356402417392846
7.298632265855714
-1.1607816179063921
-0.6900271063427394
-0.6432669582844919
-3.548120035175289
0.11900513404734629
-1.796608670033907
-2.98032785211612
2.9491670678701496
-2.69171063930481
-0.6178736577249326
-3.8844473932622896
4.590246405287072
-2.1597714398705135
-3.6640538631311106
0.128893575093547
0.038157782569391924
-2.293217997727741
6.458311177734487
-1.4845664809022059
2.6656263354949323
0.2786166312229964
-3.5985881453704933
3.878305609922061
2.7045657274061035
-5.140804548481283
0.6638552951569887
-4.18826355388554
-2.26979062969248
4.3449617142891865
-0.8169205367809289
5.107924236766785
-3.805017232892289
-1.7593484364123946
-1.3922240253103904
-0.8824614440015788
-2.4327632546125955
-0.5795897913364582
-2.1349077247824693
-3.041720126861756
-1.136756624039943
-7.6862844224544284
1.5975513376185622
0.7311735855164284
-2.671734534916447
2.6004352535263533
-2.9211984206678943
0.6754263466470328
-1.9368624225056605
-5.808131092225539
-3.562409991794656
-2.9156650590584956
3.1933631819208665
0.39916168890626635
-1.2454659128341607
8.566059903198495
-4.005690467448147
-3.1987134244325226
0.6375936771717478
-6.251898006965893
1.9812670176742166
1.618685527626651
-1.4434392064928565
-7.817280687433475
1.0626174614710513
-1.8812989964036422
-1.0159809033932037
3.768604123800176
-3.8360091978033317
-2.1275622106961642
1.7297173671956256
-2.349084046758676
-3.5242003647317315
3.060109412806021
0.23378348166202537
1.8939918462582448
-2.7508071793185414
-4.9916541663328005
-2.6474722407450964
-3.255858879324615
-1.5012349752373144
-2.79862439932909
-2.1726112216947886
-2.973207675512764
-4.155036742019007
0.8153127853217047
-0.703084776608146
3.896579232055969
2.58961944921802
4.491750152293629
0.6550198389865816
2.956842135566742
2.582073227210372
5.4801304840462715
2.7499772756776917
-0.18666542689063387
0.39214227293571347
-3.642349172050039
2.4488379199483523
3.327976026315755
3.163779690209528
-1.0607525105032245
-3.243614264609562
-2.435192650250014
6.806411375971398
-0.7278587769641429
-7.598395812165904
4.211727032552176
5.060483996077355
-2.983983223692822
2.5227316312289627
0.7543890503389813
-3.2865099841998906
-1.4596385393637756
-4.6743273254047
-7.309886176310824
-3.5806145362937567
1.1664182171402437
1.8622899694817763
-3.6551405742840495
-2.782595109253621
-5.665736843022194
-1.0040836362122079
1.5941651309012932
-4.677090266814633
2.3677317386798173
4.00626412989431
0.2832330368799461
-5.075580562127448
-2.725750164652234
-4.680869593936089
1.0343350742415263
5.734856433345837
1.5747664168492184
-6.361413299072653
-5.321711347631204
-5.365018247853691
5.9312552131919585
3.2068991331711802
-2.131519775829249
-0.441775665683806
-1.6245638503994095
-1.1789849679934885
-2.420372239795239
-2.2608860294661444
-2.496509299285616
-3.3798943283689886
-1.7398102462506566
-2.0760979622136615
