-1.7055857865016224
1.1565414607782907
-0.30021116470072806
-2.022646484247736
-1.5528366089867223
-1.1691147287454857
3.2119805613940464
-0.16579360120109313
1.6454595952860849
-2.4101759134912197
-1.0613775041811464
-2.1305475234040787
-2.1449318361179204
-2.097171624410242
-2.217465766650256
2.007602549043437
0.892438993075032
-0.3628296335858716
-3.3078950566823684
-1.601142435446836
0.1726037424594485
-0.5517387356527269
2.0757884491297074
-1.49167625673136
1.2450095920685704
0.9525726839695065
0.47814397295600036
1.4786360240630385
-0.30731613595894
-3.116062758860365
-0.26293629040585037
-2.1448593224652237
3.32600835059874
-2.8277887686870016
-0.662019887791612
1.2531972701747147
-0.8434551860703315
-0.6525325190616791
0.253126906259936
-0.7884398168327507
-4.251300577920699
-1.9814428863044262
2.767869688261127
0.0428879702638934
0.01782392829322002
-0.6295760724340806
-0.6298638523843149
-2.726764608428829
-2.1459567146990453
1.6332079183515111
2.15997199415752
-2.1999961551464406
0.2656233932208187
0.9354085496053642
-3.142772216349033
-1.4509474216403109
0.17705887641223297
0.9888619289715379
2.1278210160594537
-1.1454165670581011
1.2110291248208787
-0.40063332065046936
-0.7933257010390977
-1.6133184681746746
-1.869861920021743
-1.6054945353770975
-2.767232859280368
2.9105887020840915
2.3248311338100014
0.6635951325800253
-1.2913491724831343
-1.0538030793261906
-2.7654950391446027
-0.26553967488441305
-1.8173120758668286
-0.3932842211056884
-0.6018013928357349
-1.6944576466740433
0.5837117028423
2.401604059097132
-1.1535799689265924
0.6050711943139716
1.0233166752332647
-0.3955573619378379
0.47462150482444987
1.6320379778048222
-0.7307462467768673
-2.724058026759346
-0.24853101241857606
-0.4788918371704664
-2.1792180163254886
0.15126594475092467
-0.9464573658794336
-0.48927462642852204
0.004876305854579362
-1.8580199416538754
-2.887129306871511
0.7669782369235131
-1.2241094931648555
-1.6544297363964997
-1.510476906314538
1.0683684887031992
2.8779918106976266
0.8749705918577569
-2.256841093959892
-0.4150181310884971
-0.5767341049365252
1.7915477502426644
0.43171166436565295
2.790304131094058
-1.3593690544334558
-2.9848777022655004
-0.27375041699787106
1.0884407957983493
-1.6160533477132264
3.3342313764344174
-3.0329370952905266
1.8304821852841113
-2.192461097662752
-1.048268202231994
2.1145325731491145
-0.7327558532724255
-1.366538049967552
-2.3761304056463666
-1.8323649814492744
2.0405155515326006
-1.926861555896198
-1.5713096853768147
0.8433582237623117
-2.55572492701591
-1.6696549141323573
-1.9016831444751476
-1.7820539758670966
-0.2089784264158083
-1.7343755434128056
0.699047091384568
1.4262957992422205
-0.2220370814099881
-2.6167951658624875
-0.8440635696553066
2.9849331494362894
-2.2369935022013547
-1.4267889522947244
0.4919800712423749
0.058125902938558516
-0.5384643146224581
0.5553008024982984
0.5755569323797148
-2.0828663676311234
-0.47013417315156353
0.4227344926351668
-1.2189555836381205
-1.3546666024599228
-1.731423978584958
0.2132652458033441
-1.1997056260746906
-0.8709447243627719
-1.0162901509369744
-1.5877226481763922
-1.457422782749525
-1.1220255197587155
-0.2664113563490187
-0.05234300359474979
-0.706543698035525
-1.473579259763194
-1.2491864824916215
-1.6863669273209496
-0.26372343775924467
0.5225013402794039
-0.643300813759564
-2.0814921751899527
0.6384370881092285
1.584022248262246
-2.671885812325751
1.8904558039632289
-0.8803661817392614
0.6717337127127754
2.774408968396814
-0.238476817864235
-3.0807321171815603
-0.37332055198679315
1.0513363026252924
-3.2534787547146773
0.8904445626250413
-0.5359102720363398
1.3943269269770047
-2.4897935336867834
-1.073124109267868
-2.1940139723328915
-0.5621069373281976
-1.9992090067385762
-1.0648139931650342
0.08445185933004615
-0.43535778352723026
-0.072014848697539
0.5331837713171017
2.1204491517910795
0.183387783147699
2.1190337600084534
-1.9880425909145105
2.2626407711322805
-2.2526214152723285
2.5515983957625425
0.6413549429197011
-1.3622701205520409
-2.1442963229513694
0.8178339084711308
3.4413702215221678
-1.0424424464294524
-1.6594957280270608
-2.022406284647692
-1.0440390123898091
2.5994121956326435
0.3982141845896541
-0.2636930595768562
-2.1703077898900114
-0.5278632968318742
2.557128781633214
1.284517708544412
-0.4143769378622814
2.8918493638416494
1.10554750610111
-1.5272778200954737
0.7127951970975069
1.4256757347535771
-0.23766051420163153
-0.38092874431969437
-0.8914461657702718
-2.4615774075366015
-0.06326448525631248
-2.597230830411164
-3.04117228175697
0.25898851331279604
-4.2331585629498765
-2.867638256633341
0.5158976574620071
-2.1306858688993517
-1.1095183117138494
-2.2758898482169645
1.3559684923172082
0.2212214301415076
1.79799561402441
0.28009238294429467
-1.262855247467846
-0.8371152964555478
0.5883509841418566
2.5676927622083747
1.8104012405612502
-3.689965478251361
0.5401103890550268
-0.3576138884326111
2.0037066016761975
1.7413995663764954
-1.0413118898739415
2.1421471204545344
-1.220627183998057
0.24082567699614066
-0.2340877559089954
-0.14097675281102462
0.17209948972722158
-1.1175495238566118
-4.321376331150018
1.2604777901491124
-1.8514205779118336
-2.010833759213076
2.7463070624451524
-2.9763838936148885
-0.4110818365054889
-0.610697649897075
0.43260681128929407
0.3634806355068508
0.5346901949193199
0.09161367965847139
-2.7953315584490586
-1.427697213648633
-2.0420220492191414
-0.6125899580679534
-0.1712993426130562
1.7182537166616334
0.7726763720389063
-0.7370574588693026
-0.7616211386074636
-0.4055523027702183
-0.017508898299637986
-0.10214864740294026
-0.43787592350635796
-1.2013526054834163
-0.633478366320414
0.25886165578770237
0.8556200653595272
-0.723677764407104
-1.6551399490299887
-1.7665518563444502
-2.290220091723853
0.0889116017631821
-1.0215973881182565
-2.992337159152816
1.5244279707318782
-2.0333787938804946
0.9566718114309272
0.46604830978985234
-1.1926368244464254
-1.4280400592400555
0.620721091072099
-0.07812550014229112
0.7788214538375096
-1.5012684476874056
-0.017877090646419444
-0.32689990062970126
-1.203061159458812
0.41398684196619423
-0.5024124474297688
-1.2960712740024425
-0.9495686654374
1.7575015250342427
-0.6465464605400156
-2.7931298627588483
0.6385032404458896
2.5819731165427258
-1.7135791324036087
2.5779835178087054
-2.1643564697231272
-1.071619265015218
1.1286960408818212
-0.9533062038297906
-0.5401426795720118
0.9548249646706128
1.3390517479717254
-2.5526177566618604
-3.1540770988208817
-0.9677776210208366
-1.7596239124459228
-1.4860606276959467
0.6008029082679271
-0.9712341669135689
-1.2548782430597634
-2.0797681976568425
-0.06193927677722558
-0.6239024708028348
-0.8658406130328705
0.05553036264301826
-1.0190878953013143
-1.5160211350977844
1.2669007945470618
-2.8576622794300155
-0.04583242386618373
-0.19825940879072793
-0.10729054731033645
-1.574422306692486
-0.20847476138744678
-0.8193489903006617
-1.0858449358508555
-1.1110983289558225
-0.30363964632775425
0.17259036204068579
0.8845886989139079
-1.8303867898120596
0.07285863517090464
0.2213789678368148
0.21657122965433193
-2.536414729845696
-0.4352288530385006
1.8078969729342869
-0.1920974857207961
-2.818196895228296
-4.648585858451818
0.7400448953427015
0.2104147893368208
0.15741111167094832
1.9319964037747828
-0.2633018475998218
-0.15318374697213494
1.966881974184029
0.19545712370796106
-1.9288875816647677
0.8571213831742968
1.3800274196631055
-1.1326410641512175
-1.5144325300644135
-3.2644529780841625
-0.058991493491472834
-1.1689066501262382
-0.8017506500697209
-0.3507778324815333
2.385896992871216
-3.1425514765466422
0.11191698695731132
0.3240602873978686
-1.4742265416867077
-2.1325758263399983
1.13103308657615
-0.4786754357795835
0.19370353491763123
1.504326383787861
-0.5707895511921353
-0.22687508306794674
-1.3343812201348866
0.9727055161933563
-2.8913051724224883
-3.59675365323512
2.9053865146568083
1.2953246849666376
-1.4351388351046963
-1.7575607736513386
3.5351200377445777
-0.9524232679931228
0.017350550436814865
-2.078629170032504
-1.938163837935262
-1.7257860296173873
-2.555282548298317
1.6432637709817541
-0.2776202632361971
-0.652439896919788
2.216483039715384
2.452848066078318
-1.1588266126783684
0.4628612864427119
0.566278846335383
0.35492602633049075
-2.4025721821114274
1.1595078345666143
0.14768086409474945
-1.1365033390179984
-2.495768578451995
2.4728804071908432
-0.14190728583973733
0.11458352674796524
0.9961216744901737
0.28372804691215114
1.3089588401394383
-1.6860688575697838
-2.1960862760421445
-2.5920601387967106
-1.3340224120897142
-1.9730979277947036
-0.789918053220229
-1.114432666742917
-5.568758720902662
-0.1750201380296133
0.21844120596653469
-1.196853936156217
0.24323344524707197
0.6569704029445772
1.9009343578449323
0.920764115368656
-1.4331817282457813
-0.5523023231022968
-1.5604915596394136
1.5990602677176111
0.31242780741713677
0.4850407331688737
0.9277825074984691
-1.0456565428416238
0.1186959585187401
0.8247214152393777
0.3797357906308579
-1.1798844504664698
3.3085681550775754
1.7832253901803725
-2.3805131594875313
0.7070698623415815
-1.891762084108076
-0.8530055062407561
-1.4827110191202213
-3.5816145946641944
0.9354529950612737
-0.08975630242430421
0.6183704513035087
-0.751431774339012
-2.0941747484971813
-0.7734824936021923
-0.5174719561525176
0.1305598955531662
0.020362250230476244
-1.6685271216677162
1.0779365658448288
-0.6548398754346639
-0.791372076800867
0.20165351917944518
0.09721334525606944
-1.166845708206681
1.2849491553593035
-0.3090561735478431
1.8259739084060629
-2.522797653991987
-0.7441989876741116
-1.2795068749402454
-3.194229278408241
0.2773924607380882
-1.2557292066924193
-1.4527397491912548
-0.8766128679682298
0.05005791178715436
-0.03897171764741575
0.11423041252539944
-1.9366764195640103
2.493896629798905
0.08457967498894252
0.43985795489672974
-0.6041566380462384
0.7986650190500938
0.28351984401622515
-1.9402052591119363
-2.7923617647022763
-0.8076029136975323
0.4213665420872444
-1.806798209186669
-2.256354628115527
-1.9537192113919422
3.8944908271061505
-1.888622265627022
-0.6272911076037244
-3.3633709166702235
-1.9889906249023235
-0.723201775420038
-0.2512836342083308
2.751021732750467
-2.5068152343259733
-0.10073881890451403
-0.3440346132250758
-0.3201384433250905
0.9230439590146734
0.006171256117879631
1.4060365814826132
-1.3288363877376956
-3.5024067935874927
-1.6587975968073798
1.0123177970296628
1.6977729372296284
-1.3651711813343548
-0.9783694664722205
-0.07963982201384777
2.8656101600552377
0.5455489260569075
0.9606673029892288
0.18905868455628372
1.0255973021411895
-1.2145324891879659
-2.4574618201512277
1.1036914321422004
-3.487801800136247
0.2523580976592143
0.052666021410837725
0.7860518742300459
-1.6373687385078555
-0.415367349464236
-2.354211694879581
-0.7901442418824135
0.3525483748065023
-0.4178110808387122
-1.5877134842178475
-2.0775919100964275
-2.4673632897993456
-1.8622538145468526
-0.08467256022046736
-0.45036646124548424
1.0033900593322425
-0.5274062650454754
1.3168776782926912
-0.5103867855872364
0.4044796158808793
-0.6223250079100129
-1.9163652859268405
0.9476707146339352
-0.8521875353818326
-1.3844240758766317
-1.7399965956871002
0.2737981844368026
1.4368963040015097
-2.4624330675419346
-0.5773261746910177
0.4570917017651728
-0.7045561906610631
0.4714732810012532
2.843631079500716
0.069445085288615
-0.5210917965684947
-5.428912636059143
0.10568246879420107
0.5137594250894549
-1.066907129098563
1.304876886946194
-1.1927120896584287
-0.974503303923004
0.9134761058246746
-0.050842581796969946
1.4691880239547044
1.441882561973514
-2.232264387505259
-0.8980337788679291
-0.8950604869338048
-0.08355986146026846
-0.38578460766400424
0.08759504438612033
-3.7664539782498654
-1.020242002796189
3.019477909686859
-2.0367431684077215
1.40079489244889
0.4646707541292053
2.4824248733659373
-0.284426321339382
-1.232874402417184
-2.630882420900371
2.1790138367586773
1.4642438610603834
-0.305447922863536
0.17848358790960023
1.9769854451726117
0.4730884088461954
0.40703029819678327
0.2752232309636824
-2.099098333706774
-2.247994341989086
1.8592631005111147
-1.3410516494059164
-0.3003843740174685
-0.2707623042729489
-4.06006825925693
-2.807302911448711
-2.556041128565769
-2.3473964162374417
-1.7574100023220998
1.7367689197237617
0.9322095645243464
0.4227391661745541
0.40134327505661904
1.0050407907500907
-3.0545221963718907
3.189428583072012
-3.444468091953184
-1.9742182198883842
-2.237746365446712
0.08242722209707394
-0.8473196863647009
-2.4453934634669214
-1.4291318709055494
-0.46507793506610295
-0.6849596832376629
0.18106423284943965
-3.470260479874356
-0.1889645624938906
-0.7043151094634104
-1.1004842231192538
1.3125514537903655
1.9548926022218192
-3.314541651847844
0.9326416620289554
-0.33822679917697496
-2.3725207982429315
0.23344162251713563
2.076373029377902
4.277393599957589
0.793966445874147
1.2846685096391985
0.08833891760561069
-4.076084405511188
-0.029224156732233
-0.26335917412742776
0.33308371643299295
-2.8960147857375995
-1.5723693000987151
0.168523875943392
0.9390174803580335
-0.36269464121452993
-0.16978674808521757
2.4999173534455603
-2.831286736772604
1.494870491722113
-2.4582162783321424
-0.29688280859619176
-0.6898459182799759
0.4873355039208128
-1.3426828411979255
-0.5932201068750477
-1.0684730786883683
0.2673777048209398
-0.93796297024778
-1.4250300665628937
-0.09003439355985161
3.132720918392829
0.4870428566779624
-3.835410914796431
0.21209969203809054
2.1580763106203418
-2.649466075489025
1.9136058479072289
3.1110896182031755
0.7102649684434472
0.30021209617823685
-1.049036049476673
-0.6227733681723002
-4.3993233918264805
-1.579769009442958
-0.6660062204833853
1.3645763068269683
0.43139062949164647
-0.8855978518454114
-0.04931641277072106
-0.0679883976205179
-3.9030193562604474
-2.081766579249018
2.294856939749857
-3.9728030884255343
0.011704069460357232
-1.929714446279699
-0.9777058602368554
-1.6786133795787164
-4.539692837990425
1.1035980869385076
0.11799810002816725
0.7747964177798884
-2.255260151096345
-0.4047633296390522
-2.093496261919713
-1.0993549661658677
2.3656839951101922
4.612605836718873
2.7840882368231776
-2.552978912522084
0.8185435711738956
-3.4230822314291647
1.8676008868359149
-0.5026258854144809
-1.9319734279639051
-2.37916970483741
-0.7416180914260796
0.7647555456023185
1.1242420789756598
1.0564126959485238
-0.14975029194842074
-0.7557886307115748
-0.9232368819779403
5.2670854020204585
-5.1440624998340985
1.9313824657174987
-0.7653910746485529
-0.7490185854768918
1.2958874134694751
-0.09574308145785113
-2.4903487644594686
-0.6211241047075426
-1.7951115418241474
0.3371157015790676
1.0578130929942493
-1.0955313216204066
-2.1139817117240103
-0.027605008535099403
-4.214640439433879
-2.808957010588769
-1.9815450685969236
3.7202479891466824
0.6000374990558487
-1.6433038840576009
-0.9927534497492625
-0.05431513305853502
3.5989184776351584
-0.06303239451074245
-1.1248314863291482
-1.183545988117441
-3.529173329665625
0.40154406401150655
1.8518263471758456
0.08930948421344075
1.6137926987974176
-1.8857854809944667
-1.6436340298054528
-4.332228995147149
-1.466616121408702
4.544122129236975
1.0034441526658933
-0.5872899282841822
-1.9456117060401443
-1.3142778290365098
-0.5954230984138055
0.08549066774802691
4.870329312488171
-0.5768939518534795
-1.6164717993769304
0.7332982335795794
0.019499939314152424
2.8312174375602273
0.7510436627732932
-2.510995306995473
-0.7347508927809365
2.6695681578150836
0.4913799842989357
-1.4491967893011748
-0.731676833012898
-2.087445978983743
-1.7141940823939317
0.6012602656444566
-3.3682906994870905
1.7562595851892167
-0.08304368084701526
-0.07682301853614389
2.1225335848578197
-1.4274278431099945
1.084240800426364
-4.550958389759189
0.35637790822902354
-1.915408012435192
0.0458404110681077
-2.364521136984272
5.28638576127233
-0.05123333284159484
-1.5249512078715222
-0.06495276387653151
-1.2362327033744476
-1.9276695440582594
-1.3476376848580787
0.5777599670866685
0.5075703399915505
0.6051110053098147
-0.8810238063087209
0.2411034645134067
1.6681098151218086
0.5354789470682237
-0.3170430660664449
-1.0183768331512926
0.5153873163507872
-1.1781330219200297
-2.1144420800357566
-1.7250720716091623
3.2213494662460964
0.01516074667000817
-1.330006444803005
-0.9707422685377817
-1.7862778483861284
-0.9694235682549824
0.08908195437309323
-3.580289036444011
0.9027999957555201
-1.2335094772819266
0.5108820599105061
-0.6843408594902134
1.8649913278595758
-1.968886766231347
1.0579507873442835
-0.7151945009367007
0.5147244584708726
-1.2679280397450277
-0.24332660331437062
-1.1506301506200767
-1.439512276093787
-1.1741138387570176
-1.644713942683059
-0.9698185100605105
0.06875297065232622
