4.772730261287302
0.6230134412537388
3.6589332423928913
-2.187162084802517
-1.3420315703400583
0.4335276252024467
-5.198052844100153
-3.8862508158897597
0.64535963752233
-6.26354964047097
-1.9556010973266664
-0.6705306014928865
0.9038072521706363
-0.6244976369303041
1.353197795347958
-1.5061411950445638
-1.013222362653811
-8.776450158588908
-3.1386717987297112
-0.9234899932501394
0.4635241819098206
1.7369583823835324
3.6837005014471678
2.3919228065364595
1.6519379086375858
0.5176698705743085
0.11443505053674413
2.134050650552056
-0.3222731489881817
-0.2436536186120121
-0.31944927856448424
-0.7725960523067095
-5.691443700190091
0.9261376250204649
4.375077774371708
-4.371369531231983
-0.5859021268721943
0.01971929104469283
4.941848245046613
2.8952127471528084
2.197715546656648
-6.6233390974273965
-1.986099813742086
-1.1029190448459385
2.00969881703781
-2.3638078437728773
3.5945319486985063
-3.0568751414495905
-5.90469001159529
-3.600749966279607
4.59507282479757
0.2687573645433646
2.9005137917755017
-0.8442141077695133
-3.4212063984244807
-3.789100032247946
0.39320181035836255
1.739880512687257
-3.240451707593488
-0.9168666824437846
0.350636787697221
1.0199625568432917
4.8361184203956755
-3.1329884471122886
4.320631602405817
1.1212546408446848
-5.710569959046735
-3.1618609181931445
-1.8604849460233495
-0.6132302430226646
-5.848482489886498
2.972089537722641
1.002146594185596
2.801204832445608
-1.0944456833785106
-0.41378287657931145
0.736304664690448
0.013873342707601715
-5.712451291656502
-1.7852197002156502
4.746823618402175
-1.9280698527220204
-3.7521957353568625
3.640425975767389
-2.152472511898462
-0.49845165264099944
-1.0514843153073044
-4.2352121302617585
-1.4918844753684106
4.849382945681618
-3.108048821404502
-2.6522732577494597
1.6745519958443262
1.6047636621035508
3.8824008185900802
-3.4329203441068596
3.275542095060424
1.8500573583517654
-2.2061741613671573
1.8010633706823824
-0.2666650654211455
0.7724661681841011
4.474953385883595
-0.7725491820640964
-0.23678802990447395
-5.009799874127896
-2.3982631726738255
-1.1673191571877193
0.9642485680045174
-3.3543247903805726
-5.828666531575279
-1.0514229384074547
-4.740988940996993
3.287989268024569
-5.95645050715028
0.19213113786371122
2.5243322241092274
-0.012338124986597443
-1.7117628305703976
1.2837893648111642
1.4657685988111502
-1.2017403404345257
-0.46671889994835125
-0.4425660653567499
-5.255751544506581
-0.23507231890146132
2.333720129953061
-0.9599355038772558
-5.995183463358339
2.853630553680807
1.7724907661617029
-1.452667926378521
-3.4803686331253085
-0.6942523202834582
0.9596153338126656
-5.538522095660816
0.6385778469924274
3.882366303810352
-0.43324543192266324
0.38760342286600946
0.8987547734943464
-0.6677460551796436
-5.987502635872897
-1.6553733378043145
3.6772539912007702
-0.4441244045423103
2.583550395911867
2.109403155854889
4.685114073439491
1.1844761428142137
-1.159046844217068
-3.0938283622636376
-0.21806806942710794
1.6240046440400528
-1.5326129380632776
-0.5978905891743339
-5.039523574604963
-2.286503019697525
-3.2597545919336435
-1.073985372044351
-1.2969941851076536
-1.602713337896276
-1.2109659023644814
-0.2815878422307108
-1.6163514860358648
-2.0204016867213936
-1.1163203788117209
1.4245101028994755
-1.6327402785026925
-1.1650768533575795
0.19500032529866856
-0.46601078632623105
0.21300779114581753
-1.1459304381665216
-4.433555922388209
-2.606617983787123
1.4762142126789435
-2.372840753615693
0.4354196608464059
-4.235007568129497
3.493107452991517
-2.1942767955165845
-0.7511867347246955
2.2732740328958005
-0.19339985026434348
-2.8539066969614857
-1.3483392715018192
-0.5687666866375981
-3.0406126336633705
0.615962316309828
1.0549499433340443
3.5553024364323758
-3.2220784395143833
2.9207715167840838
0.9745082074316798
1.1577339288615098
-2.0529388359388703
-1.4261330431861168
-1.8775254721235348
1.9544766590632794
-1.480005005127023
-3.3227880419143694
1.4318046571205614
-1.4145143033282672
1.6635769251352888
-2.1183809514519774
-0.06522084164012637
-1.3854838688382864
-0.15816173298383643
-1.038601349196515
-0.021633390762391812
-3.7120449035705576
-4.80176443970898
4.6099360973511505
-1.0013405810835405
0.6864372590326616
-2.2306920249032527
1.7007816467360453
-1.3227451615115662
-1.185910032059366
1.3334659897816759
3.406905935021051
1.533180683922887
-2.3311801944188115
-0.685395705723578
-2.7475424328241234
1.3679651735313263
0.9792613419378139
-1.4049751262657453
0.6557836666315449
-4.915656248141389
-0.9952779856399094
-0.12096017667853734
-2.0455796282313314
-2.070173834750593
-1.2878957352179805
1.4944054774402924
-2.2429227002356433
0.3630970556637308
2.600615472691651
0.7055108815374124
5.140217196849652
1.0857347091389957
-0.9958806174282104
-1.3426853913584766
-0.7911797427298527
-1.3556472490106362
-5.003647784766693
-0.3561005185306103
2.17267882757876
-2.389295474957835
-1.8662141008418125
0.8107658122564708
-4.073962989418774
2.820534186326712
-3.8764404001803534
-2.763199846646619
2.2788685052342337
-1.661752426132941
1.3959749441431022
2.927546361010441
-2.3434393485960703
-1.4606699302020825
-0.012804270660433575
3.163061571480876
-1.5178986036412756
0.49995814810003647
-2.0600684037441357
0.16798622502200852
-2.1869334851003726
1.6678721281181972
5.412777977435898
-1.970858196456753
-2.060624343929028
1.380602291934557
-0.10067856649454643
4.776134041469861
-0.5479116320037246
-1.5588389702836103
-3.0221420083706976
-2.2090736031831426
-2.5421092555632456
-0.036769921118912974
-1.0781275060788416
-1.7012410338979918
3.5038746901040043
-4.3026622831524195
-1.769769292942015
-2.409006725992244
3.2186694700159233
-0.6962102286926657
0.4703006722686594
-1.629795874359549
-0.7892262768315328
-1.1932911453412585
1.0771881247688677
2.424302094174537
3.9695366642795893
-1.5389508140030885
-1.2660123488507624
-3.4987748158072343
0.42714708357762476
-4.1847697626799665
0.5935606679504285
1.4958649156882473
-1.9411278090994186
1.958439953641299
-0.05786438691494749
-2.2864413643688137
2.731532650043753
1.4778826231402298
-3.2136080039092065
2.9496841342200186
-2.547873666881017
-1.5637118039012214
-1.3882325069525172
-2.332452050183708
-1.4745565157068454
2.017831520490637
-4.472692870478287
-1.6161224163291894
-2.696278290158328
1.5952305479182143
1.2109170471528348
-1.3925204804911102
-0.4379741337477174
1.491983028924354
-3.0012918273075937
-1.4859978877571278
3.238927307419365
-1.0689144341278856
-1.1957402598723696
-0.641296788910409
1.0959159392953657
-3.575073934874203
-1.6866813706374413
-1.0760721722175515
-1.1941970795968382
1.015192930697827
0.5200489222336035
-1.1383668099162947
-0.24637608165937652
-1.7017425403342625
0.6121545065197986
-3.3701814305318094
0.7278668812119574
0.6427698521366789
-2.7811056404476524
-2.4512141226271384
-2.083379935494662
1.9806371797949034
-0.9452035604060139
-1.9348929682999794
-0.09313741397741619
3.9891359909548094
4.2769513724719275
1.7647331514952322
0.6627311310680177
-0.4655024982892011
-0.1956804966006466
-1.2960728648095556
0.6779661451041177
-1.8937369402779507
2.524737622113319
-2.3674017475507587
2.5707133068699557
3.802054313438377
-3.2288519838580085
3.0254426835303
-2.833876554438495
1.0974937540961878
-2.023395962727438
0.7636167161473306
-4.052068360376715
-0.7172280410299109
-0.5629114227760426
-1.4225229798166934
3.4577161203462277
1.0609334494535818
-3.5689704065467955
-0.5329496298451988
1.1740954844042495
-4.6085023895889705
0.42202665930318456
2.5430346914573345
-0.1919549496345622
3.552213873747542
-1.8900692934483867
3.4769369119669227
1.4732344383322242
-1.2178702747988372
1.507632585216056
0.11049220651989114
-2.5052301425606838
3.105447491175477
-1.7522230116334936
-1.512007441578826
-3.7642186334541816
-2.556180428311493
-1.0961040312335133
0.1383747178490648
-3.443456401643385
1.5697460342417813
-2.4977905882352274
-2.599833607788688
-1.7002272943307324
-4.854230134637656
1.96201126433414
-1.5585328011736805
3.55817303284664
-0.5401860409942518
2.6869125331920998
-0.7984279690455137
0.4655304454070939
0.7409265430794049
0.31002238517789477
-0.2603906531277048
0.6340079626283567
-4.285511633273072
-2.656195828929055
-3.253582852375381
0.8643035889554169
1.547220573540714
2.311463438331186
-2.507302315645969
-3.051094261951517
-1.0307287457856278
-4.139929641561956
1.2815650354173351
-0.8490323518719436
0.6835197898525338
-1.1803154429981773
-0.45493844716817655
0.18681728559576496
-4.168454914667833
-3.0913226158668836
-2.1319266057745594
0.014062474283571217
1.3026337352333701
-3.7017796961515033
-1.1050152640110469
2.4953825183541563
-1.283364721374187
3.002600605205282
-1.2433899068904133
-2.722545512524827
-2.07128181679153
-0.6626454905644406
-1.7925245507171392
1.192289453653407
2.7618735719649754
-2.586491835850518
2.9697233226192754
-4.841883448307054
-0.49472506749459433
-0.21671298126321745
-0.3859975924983982
0.2547281192041781
-0.5834833273005733
1.0615667814559984
-1.4262187112298559
-0.5554092224390875
-1.7934712094904712
-1.0663173431544308
-0.011091464905533251
-2.9351129810457435
-2.5432718990175878
4.998142717797179
1.7450268975498873
-1.8522359786023477
0.2895764717564587
0.8651687458257866
1.7119977901758379
-4.942125790855651
-2.2371355780017397
0.25310840082376596
-1.2506316575423468
3.955936699787027
-3.464416515567114
-1.537580701468619
0.12096329531103742
1.1472207479130345
-2.4044403600427087
-4.110808621539637
-2.825450303992583
4.1820970175362016
-2.637656209587795
-4.7959350528559
1.4773359925010388
-3.565964301574382
-0.11432708357745176
-0.017667843222573025
-0.14327229191735302
-0.669356600441526
-0.33859702620129356
-1.57894139113099
-1.2291049933717078
0.19238088624740854
-1.9037624512667453
1.6909428373837536
-1.0825924202600627
-2.3583943217113426
-3.156053257232957
-0.8767240620736191
-0.6235424106928678
0.6298341698224738
-2.667619239125752
0.025913753596737192
-0.8292520279393357
0.25378427026928635
-4.765946691087219
-1.442767934524811
2.47503545698474
-0.038393703706311726
1.2667187584299484
0.1061865954871861
0.02884309939580622
-0.5211839496851659
0.5296749657205639
3.299616599894436
1.4366642881421834
0.1555218133238275
-2.0538839580822104
-5.688763012926649
-0.4597840130400452
1.0185553054600427
2.963335630922517
3.4283916573657516
1.254762267494275
-2.8767629847215965
-3.6970257639732913
-1.6670449328237649
0.7222089653970932
-4.023555177379936
0.47047526204655366
-0.17099346943514884
0.8999929358246589
-2.5068261099394666
1.7693307454642042
0.5023389306319812
1.6144660612462443
1.0819675023938544
0.11991318204227024
-0.7312190368517796
-2.2581521063632684
-3.302381169743464
3.2827120735312514
-3.932810772956851
0.41655131321781236
1.1156718374694745
4.035114380342372
-1.955423324245719
-3.714457600436796
-1.4416449939992715
-0.326966473494934
-0.6517052303580004
0.750369309013247
1.882681540389421
-2.38964052070176
-0.8711112243971307
-3.5954558938959704
-4.903780058396354
0.974605878701126
0.8458312056102015
0.4593416800147779
-0.6912041499572906
-2.8864940492199844
2.714504936312783
1.7255596471855263
-2.5846149896771617
-1.546431842815198
1.8303589989970295
-1.034064724939555
-1.3981985539900135
0.7500105055347772
-1.363776442744335
1.6776714048155754
1.7087552765440894
-2.6487197841153702
-0.229140442548246
-0.7431257389931905
1.1217179505844974
1.598765609453325
-1.4078636400747924
-3.8974009214864327
2.116852496903188
-0.7368126222829302
-3.15310824526597
-0.1399982879027831
-3.8987887047960053
1.6881814499255179
-4.504652511342328
-1.2063271766924009
0.925267291862417
0.18191400926059462
-1.201820270348386
1.2192591160082082
-2.99142971747893
-2.2415343585124847
3.310702774088396
-1.7138020725309924
0.2843716872625888
3.9689501696681897
-0.20497981363137885
-0.6444450271481832
-2.6697275962753917
-3.019201304902101
0.21703450406504005
0.36603085201299923
1.0371349910357845
-2.2308680164351147
-1.753234515658496
-0.2372472605569883
1.601384281495694
3.307107434079519
3.534448955287465
0.8766982505074862
-3.066202558440892
1.832687595947515
1.5920498475210498
-0.8697551389601443
-3.7965065667418743
3.111683200628017
-1.2922951212533595
-1.024419805598058
2.1850083680668675
1.9076768082823974
-2.5010760100748626
0.34741910313157853
-1.2629264252226848
-4.3144276086774
-3.578502911560491
2.294742870142309
-2.39214003111203
-3.78251608202033
-2.861835947488306
0.4305302015794836
1.292456920710398
-4.177430766101126
2.8974795865536453
-0.9513354828209716
-0.0948160142617311
1.346392373438856
0.2017862756972776
0.441241218733862
-1.763932789172187
-3.875665664455686
-2.2761201129336572
-4.339063201480143
2.5143527457822032
0.7339452988559169
-0.5241080260222644
1.0472166234671534
2.05601023305886
-2.9297014581443293
-3.3459027423516496
-0.36538502138531814
2.0970242603827245
-4.844329237670894
-0.9772748882992853
0.4951841325501693
-2.042919978277272
-0.9574140661085314
-2.245909726083158
2.213477303058538
1.877197733831665
-1.815137904098691
2.4166938638409348
-0.5734460628146723
1.4489194895755786
-3.0667666321246667
-2.100548381902729
-0.5948101191544647
0.17035296966897784
-1.2632643656079103
-0.9357569709824302
-3.57671566617962
-0.5600471791698307
-2.4008730902542315
-2.1125615132932754
-3.8746667345742885
-4.619958766552434
1.2581649338725136
-0.040217319279025485
-0.023052388876330588
1.1450872101385328
0.37159511582906035
-1.2684801652637676
4.582387416285322
-1.9880278678585037
-1.5155628488086292
1.4631193267883098
-0.8860032110885074
-3.059155010567384
2.1677316789774834
-0.24028245502315237
2.1478671496733335
0.1730206314396556
1.6511576466173405
-3.8331138177445747
-3.4517531406810744
-3.6732150743329406
0.09902454761509688
2.6207993875569464
1.0311505457393297
-2.831115560111901
0.020825367130944326
-0.9351158955394806
-2.272265841450175
1.8836451610527545
1.4229353014728758
-1.2758481463754523
0.6001713167560327
-1.4566667506329964
-1.2967416929953364
-1.657963636728128
-1.896063622109834
0.9706092219996464
0.1479953571911569
1.5902068109660485
2.1131379210600096
0.7867053032407052
-5.092077969110038
-0.10266836424411815
0.764972721686314
-0.4904660076136095
-0.8683598909660585
2.7701295905586285
-4.549912022971897
1.1488668231432604
-0.7289432861972729
-2.9403574341079777
-2.205775866823089
2.2080720117373778
0.33351680346056145
-3.015594081521082
-0.35978316114482917
-0.08525509378661418
-1.8797749141420461
3.6137131647043392
-2.3285988256065213
2.728741309568826
2.9066436412126695
0.5921886698254127
1.3322013426160493
-0.21092978524685452
-5.000895639100453
3.114170674322354
-0.025932048524872766
2.36241592369186
0.5626941940675925
-2.4877652301520192
-2.80307096833095
0.4630447069238962
-2.771015548294165
1.1015729802987924
-3.0005505268748696
2.2034011371160434
-0.12445662733856887
-1.7976390306071421
-3.3329142431023624
1.7501305189167782
0.045710026243824614
-1.70056895163181
2.7767524141259465
-4.090071945097359
-0.23162022783850655
-0.7651306780037112
-2.4077809645355295
1.7951888636413702
-3.1110887058089056
-2.1654808962851866
-2.805425131992658
-1.0931970961632906
0.4594216535754831
1.8930985043174735
1.659469219808048
-3.9439168603010937
2.255097832850069
-1.1719087584207082
-0.8231665200688627
1.383322708881094
-4.518113562479608
-2.627239289885768
-2.074817776534975
-0.7720770685414383
0.27506472852263664
0.27262652332844256
-2.5872730384772145
0.310600130295627
0.36836728782825506
2.7678571669305
0.5609321322752875
0.6356655944895611
-1.3976533103195283
1.3115126249392663
-1.2192592999830787
-4.759551350456809
-2.272572260580837
-0.01617964480418081
5.6824151311862074
3.9533206091573176
-1.0897164553657774
0.48810602185185537
-0.3117833346376713
-1.2530056268574623
-1.4418929114689116
-0.9559892869345643
-3.410494134549605
3.0821903643885693
1.4554961048629684
1.0470201672798438
-2.861866096227245
-0.6684165694615296
-4.205878841463075
-0.6346636834979307
-0.9963979773012492
-1.178470650343816
0.35641369222816577
-1.0972368142033597
2.983943164744126
-2.322610615706665
-0.33850108720298877
-0.07116988942335097
-0.3000027989715164
-2.083511017585355
-3.9289666827228116
2.5936420454892257
1.570642299426946
-4.229883305904921
0.10707899217269579
1.098287917842694
-4.323396950954975
-1.5747348817981686
-0.031049502400033534
-0.5360903292664765
0.9897850277889157
-3.869237847678592
0.09622857477940996
0.5250173103686555
-0.8292475086342088
-2.3739366126487274
-0.1550838570487151
-2.004784017005056
-2.644866796900931
1.5415364855638927
-0.9476405812727419
-1.5619467745128195
-0.5439555154877427
0.02802778272694021
-0.13757950398428287
-2.3849368849887935
-1.4235316758592522
-4.458484797709558
1.5261827882328718
0.6960029953810398
0.7269862634225879
-0.682535631142548
-1.5003414935237287
0.4322591781855083
2.1792668836673843
1.0447150719513263
-4.7965931717349495
0.055765122105072666
-0.22608789036323912
-0.632925021309921
1.9664879815498935
1.7319668704782436
-2.991623371121714
-0.36859674327553144
-2.0385823090553927
3.021250728541712
2.5644885879512502
3.1748960299171274
-1.4424793530376705
2.1575616614155675
-3.3517013065257673
-1.2632340455588968
0.8419222322502539
-4.346123548172608
-0.4615129347097608
-3.5433682148126424
-6.505283538520572
-0.9645352304595869
6.796133445724562
-0.1990041727888116
-0.26528088383347953
1.3751547429302624
1.0742460055875278
-0.015150608702086331
-0.4482157154785896
0.10667709292028953
0.088636544536917
-0.442948627532688
1.2911009559053246
-1.744415686155944
-1.3309107477403401
-2.839400323312385
1.4376147205022654
5.207957885520466
-2.9711536659204763
0.012747825563489548
-2.806642584624928
-0.6141936299679144
0.4860005087265721
1.2423264303733466
3.4305819946817335
-0.7889801901195003
-2.10267679341642
-2.4169805686811876
-4.6166344761912015
2.2792659407263676
-0.5517523969986661
3.518675108332739
-4.117034760350473
-0.09025118794635603
-2.902042015194673
0.5614326372197725
-0.12238652853414504
-3.1470933098182177
0.004229746414514411
0.6052446905557337
-0.7628336654577704
1.2777617274257074
-2.5663493750752218
-2.6140307415213915
1.4765800597293577
-2.395954955682267
-0.41491160880812583
4.898302044151135
0.5053233411705378
-1.561561435337383
-0.14498470452175638
-0.125053894905912
0.5659865729763945
1.5034995276278014
1.3861347934542894
-0.5660787249007763
0.8651564250526301
-1.0429296232133665
-1.4925321451393863
-1.0887581135981583
-0.7004616822833141
-0.002419650223632496
-0.6174728088790166
-1.4722047069464095
-2.4157555114665064
2.127319194963364
-4.101024034610836
2.273430144834405
-0.02011482743298068
-3.2080044344515652
-2.6307788037057054
-1.2841055424726517
-0.7574086045809132
-2.7197152359175947
-0.60358349264407
2.8441253275369367
0.5073572021444431
0.18322631553600255
-1.0065480026709488
-4.111548471193774
3.713428755191927
-3.5701674073926526
4.267788416214152
-0.13849279240260629
-1.5132194990161556
-3.556506364183713
-2.9312331885149137
-0.8255541919158216
-1.9813530044783054
4.059416207066943
-1.7010982900163913
-0.1805879580891555
0.26530659847096694
0.5917467466882489
-3.21734469916903
0.3718228279006282
3.3876954004587265
1.1993857836553294
5.026082444529526
-0.7965719711798367
-1.2623425453217734
-1.1709155209778637
-1.1692346604266923
0.5025195226578819
2.0905712143944464
-4.332939783442339
-2.268754114411339
-2.0176189382365584
-0.47735676373654545
0.32827686471114786
1.2464222675311654
-3.5653926317645754
0.8398546449348082
-4.414489127986578
-2.6467767309208488
-2.4119187027693334
-1.27823117784105
1.4085743828545985
-3.314703350949582
-1.4998093738384923
3.0794703338805705
-2.1337785864211845
0.535666858241519
0.6018018158477406
3.565558063329715
0.9897557680144468
-3.3131218209924156
2.7562873295479724
-0.6649540672147514
0.2500677924298335
-1.613079866772789
-2.4844572131642058
0.021561359499541976
-1.087869174924047
-0.9957009391108772
-1.6328601194535157
-1.9169746821794693
-2.2694922001214235
