-3.3558599719009243
2.13052289298825
-1.4355071944975402
2.724732124863555
1.7860558809390152
-4.3636553606389965
-0.5112545553415342
-5.221588142547266
0.6279713359274817
1.4491388796056257
-4.738985189580557
-1.28523001972495
0.43011471777915805
-3.755628414246978
-1.1119473498815804
-0.04295608787243793
-3.2851872196663474
0.4245570113483774
2.1328283283691296
-2.3563352680906555
-1.353610866648274
-1.125736956147612
6.686466364008477
-0.6060625534534925
-0.20727740890783483
-3.726877046142714
-0.4261959492077221
-1.9542154378840828
0.4398910771988323
-3.272655957081779
4.176750530952297
1.0037375716332633
-0.2499082376457414
-4.259632419875787
-3.0729176426945815
-0.8288219473140822
-0.12077399531598282
2.653383898858285
-1.6649838571667768
-7.044864241174734
0.3157399077698799
1.9130111516413597
5.2979608674789285
-1.6183158087861396
-3.1220797161133222
-1.7958583041588982
3.3246163497848182
1.2272546851527948
1.2611241851925046
0.8273194778356968
2.0357837028291397
-3.4359462445963858
-2.137093094325757
2.847796532115327
-1.3169846760935326
-1.6287040821103724
0.05903845230615725
3.334241286642832
-6.428607345067781
-2.7696197442526507
-3.700724196693027
-5.1028929609185045
-4.461870283986711
-0.777456366148555
-0.03564498031230046
-6.03372695928283
0.5888750781347207
1.827373016232124
0.7861604636202344
0.916728875679445
1.6493498794075248
1.2166275672050784
-1.1025165831529762
-4.011220445961802
-4.73092885312502
-3.693763929394797
-4.854512164581026
4.5114291084144815
-1.1327490322995588
-0.04116331590177058
3.8720381262781887
-1.9502237690488662
-2.882156046926906
0.07939337039558961
-6.580131508149247
-4.336524168251897
-1.494902251069519
1.8594704320447952
1.0142199821934759
-2.5947263911847984
-4.5584062838149
-0.5280488795562489
4.3720079196868475
-2.404324686158898
0.8963688168350015
-0.7734195045778371
-6.37487854150024
-3.1061408415552774
0.040553653445062204
2.312363415058701
0.37910989606637724
-3.602311779312285
-1.934635535835445
1.9612520667463713
0.5964699260514806
-3.8364137856371587
3.262817090059224
-0.5725008067646828
0.9111750939394864
-1.5918259932147942
-2.05671880321505
-1.1456693533311217
-3.025791250378525
2.07972297506161
-1.373748645017558
-0.8109887618260999
-2.771202106332683
-0.3682981346693117
0.9826741135837678
-1.0455199071208596
-2.62139922969697
-1.3413057403397233
-3.611300679363023
8.459073453627203
-1.2072883899942288
3.526105612821948
0.7266395315607692
1.0797596765468158
1.3207896699606745
-0.1336391190329865
1.3005990953458826
-3.5139260666237258
-4.066624847119185
2.0948948050301044
-6.446516359396443
0.022525843080876497
-0.468441049601359
-7.310423171416032
5.633294024865968
-1.8122726375461946
-1.8059348287040395
-2.5717060259248026
-2.4778474271498645
1.564664331794797
-0.5223065766776389
2.508580451948862
-3.4408241945977194
-6.373464085508902
2.5903024865906206
-4.143206946945909
-1.4299650704442464
-0.412932100646566
0.8185541024846469
2.356768199206633
2.5211244637860983
-4.105593595375373
-3.343472299460286
6.145055008535716
-5.31616292176219
-2.4496636580054942
-1.205250139147366
-3.4689870039520696
-1.8066536165266074
-2.6127410701789184
-1.839198720286448
-0.15610182231156422
-1.5579059773085076
-2.4856132717820723
-2.841914534778333
-2.7828951400006727
0.5202968422160957
-5.08323463423012
-4.9086058090749365
0.8824521794718174
1.5997292031278307
-0.6398266234702619
2.421343024678063
-2.8963834523604026
1.5660029296267584
0.7607819298203276
-0.6918380430256693
-3.0536729106899974
-3.8505163090336683
0.4002728129052186
1.2436725494760243
0.9186874359750408
5.88725575468654
-0.9788901006039923
1.7641490882184963
2.3813680712586307
-4.91224538564207
-3.5667395837232085
-4.6672742654829
-1.001981936825692
-1.9918668062784837
-1.6773844125690274
-0.22926689122698335
-4.348703321510347
-2.798487335922414
1.2961019769880036
-1.3767266791291815
-1.9004922449478072
-0.28367982701225347
-0.4516152243177733
3.1978032622697508
-0.8703679980316762
-2.703589347633593
1.4632878635538369
2.7399952181857756
-3.337738597528547
5.220284318294556
-0.27795052861418496
-5.2817373771204945
1.9496217892664975
-4.521642322522121
-4.145990717239234
-0.04447288848199721
-5.241847347861499
-0.9561746617341218
1.198953162056914
2.3244092907731573
-5.149861501964361
2.9279678866992653
-1.4505521582544234
-4.8604176053476476
-2.5447112322653935
3.9701806081118587
0.749247251578223
2.1362443997322256
-4.356167171665492
-4.661833021071158
0.15915031543908942
-0.25543808193178397
0.7003007872142589
2.3161742101090836
-6.052876387074567
-1.1075830372870263
-3.4892951990398258
-6.898986886164727
3.6351016792629918
2.8287824501237653
0.4048366228861082
-3.617353587280849
-1.7413132066212278
4.996356442025098
2.8212095393595518
4.371576886077984
-2.4192543176218253
1.0968854621999526
0.19718312870122404
-3.2291035596671054
-0.3929984417359522
-4.586754735109164
0.7336535494434149
1.2784576232749967
1.11348452718483
-4.458874911735788
5.628832663384484
-3.270045192860279
-0.6875995387767101
-5.914392199294999
-3.904782444784879
2.308369674672819
0.5496884760940861
-0.8970028159905717
1.5501473470787577
-2.73276945332171
0.4403290678615756
-5.687198625850788
1.2231213567786805
-2.9039328547485486
-5.128783869500405
-1.7923117433356819
-0.28390893412043877
4.043633502371584
0.7252945133436377
-3.5694348986713407
3.969842204735974
0.6765588446002628
-1.3316153324665811
0.7274012363360228
-0.5936546971376049
3.291631794715276
-0.19009913017450866
1.8446334957643333
-3.0141823321466563
3.9260207141588377
-0.7307347965072206
-0.15848796123485676
-1.3971284871557648
-4.530436705193896
0.13912781435040933
-2.7633108218634277
-3.270655732874141
3.197688305945393
-6.707354685265862
0.9478991842658787
0.37205012380515334
-4.296892492846337
-0.7515903860889926
3.2439213582720248
-2.2598084600163326
-2.146012655660424
-1.8269832658038487
2.1551256638553125
6.134878896301255
-3.302582359535183
1.46671625989123
0.3226174491687633
-2.5402339585870912
-5.865899280297032
0.1372427510202549
-0.8580281957580909
-2.247439365982666
-4.338870734703574
-1.3316431793932446
-1.476201967558275
-0.13348946452665017
5.06057464579567
-4.037398495750426
-1.292623495189495
-4.803233590990158
-3.960481659534698
-0.9046312500244571
7.095951290813636
-1.1832523911454356
2.6603634639793263
2.696520191760822
0.42857238893995286
-4.636201862016181
-0.7651317116364446
-0.9258296138450979
-3.1755244140434815
-3.14614777721055
-3.3738272821816477
-3.029821891129727
-0.4181867280578356
-1.8036201117911728
-0.9031944962987806
-3.3733022922546185
-5.703420226137574
4.145913043028254
1.016872866047117
1.8457513287997158
0.5684362530460976
-2.813823262133065
-6.265329900189849
0.9754636315545617
2.6846891311368095
-2.7282161286367623
0.294572473241336
-1.7631078464531484
4.647720981708204
-6.896078926150255
-0.5004580112707163
-5.7819549322530355
5.094730713115918
4.676847464131624
-2.561698684800938
-4.953566144188276
-1.4092466405987405
-4.488111601017057
3.437280653551753
-3.5823110971468863
-2.492505516208194
0.3009671792457979
4.5334042478253025
-3.8463090739560926
-2.661428003891455
-3.852117327953111
-2.1037905424962555
-1.3201098793849817
-4.035704895028817
-4.767569054435238
-3.869505201163897
8.144798513954052
1.1897092260485713
-0.3334879314032375
5.50392766884415
2.066363629840068
-1.903125122170992
0.7545862804241658
2.0444840811272895
1.2481387809771256
0.7943287102774284
3.0699527180616424
-4.758444805832644
-3.85917900175461
-5.435312248897719
0.9141447375295152
0.6937361679664429
-3.502571125846806
-0.17631687058755727
-2.5768165226723507
-2.666369292717034
-8.131172672313873
-3.5249098084332267
0.7643093426531351
-4.209769925187505
-0.08497973937354429
-3.7604886253100314
7.349739638124829
1.1894274767516573
0.33333239845590784
5.7185489761488215
-5.155879388800687
-2.694616062033888
-0.480543421469881
-0.49162693950651265
3.83575663033649
-5.910842261780622
-0.9330848134251312
4.925211719322933
0.8290517092147056
-4.2572410721677665
-1.9574426236138547
-1.8572800748583498
-1.0917483418403269
3.821961188330636
-1.1347366208839265
-3.974700629449757
2.3656213312115892
-0.9415271546695955
-3.23222041235602
0.3715836547262512
2.4054738314525634
0.5554229738508711
6.9711132328962675
-2.5853018843008764
-5.394169847211706
-2.624633941598577
-0.5430022565077748
-7.429717294849655
6.687553559931885
1.0079716957934486
-1.518257568519173
-3.678762609512161
-3.511158051866656
-4.103463526883743
-5.879558247975578
-0.4551774810162056
1.7980505049229003
7.32584494277267
-1.8067105176557219
1.7423675691166547
-2.8122316015099478
-4.4026949222695135
1.0346281240407904
-1.2937424960875772
-4.790302491822296
-1.9836715374640028
4.492676624635189
5.524934254377222
-5.951660805985161
0.9045872560095969
-0.43970280860985617
0.37145650034814687
-1.5183931471929315
-4.469579856262492
1.9625131200887544
-2.536632857890985
-0.91665102820984
2.932646671650466
3.323737762389106
-2.5007619586306458
1.3270061196744738
-0.06207057054981306
-3.283565085235469
-3.208443114404367
3.381704420155128
-1.8203717917316433
-2.2639317957985887
2.1879485727523087
-4.032385882171356
-4.497704796925618
1.0682988326484435
-2.157148559754414
1.198118516085145
-4.882187765630245
-2.202520137734558
-2.7558019814801016
-5.0873657534478705
1.9157313366733737
7.6278758700801506
3.2436502613259823
-2.537858284230318
0.717255894443797
-2.120735384280956
-0.9123075118606794
1.3490195193618244
-3.9344922474328845
2.3001805264847826
-6.8174912313305045
-4.14996259281936
-1.8001573100904626
-1.5406062580198494
0.052758946624977314
-1.3423301925252022
-3.1051641158722627
2.205304525535441
-3.0852974495118577
-7.517380765892243
-6.562542688338863
-4.759480210092785
-9.936989528541638
-11.006706616508707
-5.245515007314535
-8.468324678414003
-7.606549134757417
-5.6828935968905405
-3.4575719252254533
1.846426730399315
-1.4895532220412568
2.4449136348549714
1.4410441547112414
-4.425046513662669
-0.5168832478960573
-5.366304765830278
0.6160222829456558
1.2812715651127469
-4.739226504819812
-1.2713648648895017
0.07462700136340633
-3.7647726465084754
-1.211781959769251
-0.05058164508667596
-2.8369992534129778
-6.438631570650859
5.112660116043791
-3.3233518802744726
0.9291182536206095
-1.8272879040177572
7.278568418681835
-5.2842555782231235
-1.8290315480426902
-7.7926523536916505
-5.561172228903471
-3.034098865506142
0.952355261122949
-2.0565375824270906
3.49691892688792
2.1838857158476377
-0.269741608994148
-5.924351883845473
3.076660062195008
-1.2507588250650545
-2.858873344824056
-1.36392028127808
-1.507877109332119
-9.42719099695994
-3.9337500600043716
5.548063962243253
5.875293298822778
2.1850776819111686
-3.272140462562717
-2.0048637291600215
-1.3809351262712017
0.8640834086236605
1.0167540817585792
4.603380789762392
4.949859565533741
-4.591882882892658
2.4379897932200136
0.44263340616242863
-8.124599335777129
-1.8486013229290592
-1.536685715806623
5.0564748310572565
-6.938885920478417
-3.1614829518601257
-2.7968365554852035
-6.081994557382469
-6.019047985921177
0.26612067708260617
1.6885540749344639
-3.1033077981867745
0.8715418868992874
5.916764638638588
-2.944198844309861
-1.0338182501180102
-0.6940456329665192
4.436312919579436
0.026904391280275167
-4.225402806518067
-0.14962553439548762
-2.3080693649842754
-7.237220965175929
5.0511002049221005
-2.865590392570151
-1.5759215645139186
6.183816803408609
-3.1452341077321027
-4.660813003129906
-6.3685202839065695
-8.022365052449732
-6.032444011729215
1.052273281577739
2.6053141939767586
6.115704472974691
-0.14327095569868037
-4.196101828665859
-4.919374569870828
3.754528092315337
-7.203947932392401
6.179510360768435
-8.892048287448981
-6.89898457571018
-6.5386088417755825
2.9608807033065387
-5.01462727825529
0.473312271951536
-1.9791846411377338
-3.277522501666397
5.057098050418884
-1.7199529085825145
-8.908529011568723
6.447087267589897
0.4058974022140491
-3.6701020497070536
-2.3331465955192128
-2.3875342977764067
5.025864199948412
-1.9329732097978658
9.758307396997026
-2.6165649613375703
-2.271644348341716
-2.6993129065835575
-1.057496206195934
-2.3931995741771663
-5.280543866586332
-6.6153558606558915
-4.915511749315001
-4.985911366547077
3.9610697547345524
-2.3155480802102035
6.403188035743346
-1.6508105263125232
4.713864515286665
0.8522858957388386
2.105454824967593
2.0060556321282697
-6.886302775029787
1.417053481987691
2.7403719440661694
-5.851581330194502
-2.131491199407252
-5.553856863939182
-3.6045331557158935
5.235572183130568
-7.1003264575425264
1.8327539341559687
-6.885647365319531
-4.2369836978547
-0.2570981966373455
-1.8349544723803541
2.947555585511803
0.02497051718347054
-5.013213171911684
0.8558123651433742
-3.552758614841448
0.3653702906036882
0.8528948820279897
-0.7331345064792983
-1.1085068262693203
2.6814061637792577
-5.222279190750917
2.9101158139923324
9.882383450705316
-4.303107957894256
-2.00321195733002
-1.5610088252394758
-4.279679827175522
-5.970241273207688
-4.808958396874242
-4.103583675474171
1.7929837871739103
-2.640481080624287
-5.56079584220921
-5.746996095674727
-5.116544576009448
6.322108950906291
-1.575934568179055
-0.5272855006394828
-2.393542543339503
-2.23325581624362
2.704379868863533
-1.6254382033124979
1.4534487011287438
2.644637665952229
-1.2748322058661503
-2.815379112708254
-1.3902512935570872
-5.067378918450522
-0.6884808976858262
-1.0583140910956412
0.28496779914781595
-0.9914438375372238
0.7763711450431142
-1.0061602911872622
3.8894929369096696
-1.3163156896971864
0.14533122597431547
-2.2652713845306263
0.14642034308541887
-2.522175455955019
2.41562069882296
4.317646285424644
7.0330627911144195
-2.0842930213740485
-0.15190605032015012
-3.0708171682702785
-1.2675392357113504
-3.414501459837348
3.224493182903879
2.8634402567869546
-2.238304822710361
2.4378266492672895
2.22273041763545
-2.5138772171462818
-2.0572534252210937
1.1998705675101995
-2.3443221606387445
4.955727875123259
-2.8129236772783046
-5.000268621472896
-0.2849780621802209
-2.6938876536620966
2.35448389573944
-4.849878766504256
1.625023027205796
-1.9555232210365427
2.31627752249147
0.26079216678055683
-2.0861525735721926
-4.109829732135658
7.794051716685835
3.2986272333117848
-2.324806611908823
-3.3997618604317044
-3.3049464118088108
2.3343543213723184
-0.32550534836711825
-1.8364913312483744
-0.4316226256871885
-4.3998314005711086
1.063326987985475
1.6225617336894103
1.4528789952861043
-3.948960640221042
-5.15561915451379
-2.1752255324535876
-2.3196475835918804
-3.082303423709805
5.896213328122408
-4.7976878096676385
-2.2009384341095144
-0.3348535682195129
0.09690008167044166
-0.5519004076390753
6.170830493970652
-3.365100758279654
-3.329669042372016
4.457157372592228
-6.797793962006091
-8.902885924511788
0.0762243936750905
-1.0647403673361149
-4.347499856811699
1.173924643073052
-1.5624636973298511
2.018590820444287
-2.767562843397862
4.08269803238203
-2.129604251296776
-0.8642811644393348
-3.143000686941471
-2.710949402254649
-0.7968933858953683
-8.2958767114071
-1.646547536801673
1.1759324406256182
2.395843942632579
1.6374776237577195
-1.1199254776173486
-1.315814502399154
0.9431608393506759
-1.4357304463900287
-1.7497381060642976
0.19475342492300804
2.66974626822315
-0.034965636298813656
-1.2093469370477619
8.12393142153001
1.403327484696773
0.1500847078749129
2.753482863191068
-3.5528134802043954
-4.255330287569266
-1.4557910495648452
-1.113530373480151
-3.129769665527754
-1.154735097996462
-1.074497621735152
-1.793352246924003
0.5399213654954349
1.9092053519801426
-2.5676418782321933
-2.693780613788454
-1.9386751940234237
-0.2089256958670366
-0.0905273134970523
-5.95044530060995
4.558166751848221
-7.040336348594023
-1.1016880866967949
-3.940021235687923
4.10234256906562
-2.666681518349008
-2.550995227132621
4.851878699720361
-0.064158593897243
0.22140777347405274
-2.038528715303001
-3.632449711036855
-5.643518810726736
-1.6564287715762298
-0.18809275027128325
5.916977338033271
4.599554163889833
-1.3844465760183144
-0.7600085081032478
-4.858451000869171
-5.661192341636813
-5.010905352863256
-3.3106426633017834
-2.3022876732494053
-2.231186048722496
-0.8167446634061973
-1.4422486948620248
-4.653462601219701
-2.8949310514341726
-2.0111213261197927
-2.582122303519473
-2.7206189307370288
-1.9174266768762207
-1.8970649938617008
-0.6876147478776777
-1.6664149661131855
-1.5030133270259756
-0.33868759094269935
5.5828474746963215
-7.446078477549343
-0.4821255169530873
-1.2658712305998532
-5.082269652420111
4.901645690116029
-0.756390921767281
-2.621464300044182
2.2884894876238175
-0.37500162751762384
-0.0811082524503056
-0.6546961465621377
-4.032810327258335
-2.036264843318399
-6.891309206143899
-3.5049491140614166
1.221734773823014
-1.0162453461143768
2.764510380549102
2.063508920111264
1.1637712643366163
-0.020042074065626546
3.2019333728148487
3.1884910687469086
-10.216119606591969
-5.167196425669131
-1.0975553247483403
-0.558180856908831
0.9607594957925746
-0.3207222282166523
-1.5546002748182781
-4.940729582456586
6.044047534678002
-2.9701004181581605
-6.863499528858674
-3.742082358283145
-2.7284314086801396
-3.644334073289459
-5.065216929714106
6.677280344754781
2.1080292240495577
3.6262926571073706
-4.500639705082026
0.9474976141726001
-7.4643797698033305
2.7799070121844016
7.533890253367546
-6.934097533935289
-2.294143238931788
-8.233389464773092
-6.172963401089413
6.8461750794981135
5.420409791643887
-1.3613962842157588
1.334664035069615
-3.553827394356788
3.9492693763798306
-2.94757452989065
-2.0901935506797713
0.13719934294759814
-2.6004582168742636
3.1368637230757956
2.778724133396684
-7.137182255396409
-8.513522829158115
2.364814357255635
0.20574820702206922
-4.047238307929469
2.493598507110955
1.0546624430308844
-7.134561393150714
-2.00231653939146
1.5764133305048547
-1.6674098445072498
0.5280347737765281
0.18620887522246968
-2.342194681476313
2.4251294674568555
-3.465004935175003
5.488371110716283
-7.467310680155883
-3.996540656488382
-1.630859783432947
-3.3809475475035207
-7.310078715845279
-1.5188453826693342
1.824414367645154
-4.459727898759971
-2.110041803902617
4.183890148423976
0.02298870126755654
1.039363580563566
9.112215615751797
-2.2836245592423534
2.9671108970755595
-4.864951454618175
4.0543221447326285
3.0920763757788743
-4.400800517143952
2.357389244690207
-0.29903023788240307
-0.05258381848105819
-10.754341703918152
1.172170357254845
-0.8429200732030808
-4.870064776367018
1.647839735588021
-0.6505396285413525
7.6704096389069765
-4.2342131673619186
-0.4388325656972798
2.134699429154998
1.2726489167206416
-8.88084657381147
-4.565811955621005
0.37764666287985577
3.446827581753373
-1.4127171325837684
3.0647402631870087
3.1797137824333777
1.2986592875518335
-2.893102553362552
0.5340166722355975
2.678763883871544
1.0288290062699195
-0.2100313901230858
-6.865100445682119
6.721334156783985
2.7865377823487227
9.074645393161676
-5.912537014329328
-1.5534140895847959
2.5526508514489845
-1.33814906424247
3.8487496153733676
-9.756505217710881
0.4415744467408581
-2.2947066769966065
6.426476852055819
1.1181365965715448
-3.0632748175354605
-2.483646235417133
-0.12565585628719403
-6.1464670545800395
-1.0181579289167035
2.500451355315003
-6.1110606726641326
3.873984481804098
-6.7808486057997115
0.8519820189485349
6.041008134936724
-0.5997408503862646
-2.9915234229612087
-0.3262516416961983
1.6689133597400208
-1.849265438651527
-5.169924720638431
-1.8237275013930159
3.5356371140487592
10.822820127768733
-0.7587072359982641
-1.698563044324285
-4.373976522574384
-4.19631771446955
-0.7023704025647991
0.01667466403852378
-1.8133805563127345
-3.918371456504551
-4.219747920037288
-6.232411344311365
