2.169678336878266
2.405031647713207
-1.155572839137629
2.211511825365808
-0.5556301743528729
-0.040074588798578975
0.7012550168336508
-0.19661190017950697
-4.54230883299206
-0.4112093802361853
-0.7713199399096069
-0.032849064666069426
0.6708936031653377
-1.6687659545353843
0.6601689867180378
-1.6803929733778376
-1.0239604932980226
-1.2490382039637111
0.49617625192599324
-1.6797555477141626
-0.4120200113202627
-1.0114112402850477
-0.7160272184053813
0.10727344487397207
2.050485262950054
-0.09760446223856954
-1.9277152497945016
0.5623328681827309
-1.1986719908865227
1.5548539202905756
-0.5758044206462731
1.364003176478337
-0.75573769485579
-2.5801659672566934
3.1847583228993677
-1.5769626846877733
1.542425882791312
-0.8742518629643987
1.404060287704234
-1.5590684210062984
1.8990314307445775
-0.3892889757584459
-0.2947753694135492
1.3072612614444712
-0.6750832536286684
-1.755633504983641
-0.22539646589341167
-1.0374377441180693
2.627880815347153
-2.469516646224366
-0.8347739957402083
-1.3678276914718805
-1.8297919611064275
2.1089284250463134
-0.3463387473439586
1.6785533019225676
-2.8355496647205625
1.940069162626132
1.4302112398524733
0.7214204202615956
-1.4901670780664595
-1.0603923871083272
0.10796930723838873
-1.6162833882658245
-0.22916082258609696
-1.5143848137333145
1.6860364863320934
-0.9127634211498719
-2.032745506907491
0.3359328843421355
0.6316364301557902
-2.011765175633499
-0.7192850529532941
-0.4621665194254835
0.183100184000111
-0.4079921969553819
0.8452320712874595
-1.0756137933285974
-2.6928829540763113
-2.80608651372802
0.8562494781964252
0.3192565964905529
0.47255560172890704
1.000045348390688
2.6229854098250036
2.0487426114201472
-0.377755949841921
-0.15699164656917944
3.121150282971887
-0.05550033709615061
0.6777768269537283
0.19008085316301146
-1.9452208320177578
-1.5886994741180014
-0.5557106945633141
1.5412122415982308
2.0292793605456336
0.6689272410727947
1.8999974682832124
-3.130417902521537
-1.4122507487055198
-0.3651212639894818
1.1974838768792426
-1.1071176614511002
1.9399092235165187
0.19501801928415258
-0.539147450761301
-2.248589120893269
-1.2093183963889764
0.8127992313829042
2.7434791699481855
0.4466040756579011
0.15601697748549614
1.6646089106242823
0.7091021466562886
-0.10255510383668894
0.22865258348835096
0.26874651117009685
-1.2565115537893623
0.47320494495663806
1.2641072526868709
0.32113359147948894
-1.609709954987329
-0.502502107517509
0.25947277607455665
-2.3544187877360314
-0.942259603858468
0.46405397427856815
-1.0975186015972822
-2.223689558825648
-1.352428511028794
-1.049278872183622
1.39352836709262
0.7383241095648206
0.7715266845581544
-1.544614607315303
-1.0997495568786673
0.09793441525298513
0.17410911933422824
-0.44644543996555336
-0.1758404070272524
0.3752278912942018
-1.0461021669200241
4.561416983976495
1.2547966261288093
0.4614788773405695
1.6590702526101864
0.5548989282090813
-4.241599981422216
0.3155012647745171
0.04272626099758997
-1.1775466769081635
0.39731856877264843
-2.0829581625535196
-0.3101461384219388
-1.1939130260016815
0.5227923950132081
-2.3168937444535906
-0.5542621403314165
-0.07201574207399179
2.885383594570216
1.6506243035599821
-2.131595894083039
2.063461877960843
-1.836187842604267
-1.494821102865306
-2.2414389214085517
-1.277292533907786
4.093284494045407
1.0916598948177925
-0.1671442481180192
-0.4564973961901415
-0.6058604289964742
1.1478995125392244
0.174783614754641
0.7934307412232602
-0.8103519340522605
-1.3680144578963578
-0.6169580319520651
0.4855766375603846
-1.1182178201619708
0.296701869720024
-0.36323065201711663
-1.4676069982042195
-0.5522346658070142
-0.21799036856727952
-0.8758888724321057
1.3403152433754464
0.08556082373303273
-1.180778669224338
0.39021828257560254
0.6716842444704841
-1.866224410377425
-3.7257797636710834
-1.9710937479702775
1.9621974158040987
-0.09766041252769245
-0.9985459305972914
0.8396093927248307
1.4819011912977869
1.2021123781445233
-0.2797610186884963
-0.3903244158115606
0.32959584709997414
-1.0793716682029313
-0.4504454855197379
0.5232632850761859
-3.4920612228670374
2.5095800609642374
1.2977104065713336
-1.2487093385684511
0.3471917598953699
-2.3980354040277847
-1.9328719890795754
-0.2186584175756516
1.5164593749686126
1.6649900214853954
0.20362594868721143
1.4693045827454427
1.6595236703298493
-0.026639460574502033
-0.8281590636438242
-0.8051576807248585
-0.5749668901580012
0.3738784649215996
2.490984060389925
-0.30357184088843714
-2.6501971824589643
-0.3003372880867793
0.18243345666253594
0.7781490160984857
-0.37630069010763284
-3.1524118794092826
0.17962399759399053
-1.45123882788357
1.2315904167903875
0.5527276731871668
0.8949982479389218
0.14327134865299035
-1.2947586153125195
-1.445207043892147
0.33854499869765714
-1.9587738435497293
1.6645926478454738
1.1465667018261247
-0.2083094195829993
-1.0269458607457023
-1.7635557310728178
-3.754951270679176
1.0902479375311278
2.2542891460503975
-0.4947389785623183
0.3164808010159092
0.27718083882815236
-1.4471379661909118
-2.180087104814904
-2.8250156492535874
3.2823807694400844
1.6758732991069218
2.2480189012324336
0.13481853170353172
0.9471296750506024
-1.1073114019022665
-1.2265721915617274
0.937546382356263
0.5764193463525343
1.108783218968034
-0.3063828904669433
-0.8771210288683426
-0.8746226436663772
-0.8466948720842188
-0.9087703732816471
0.9654702479255367
1.6201237113927758
-1.51833736643351
0.3855282901052829
-1.3615346734174714
0.15013722136877072
-0.44718746866125136
-1.1419610355547494
-2.139572180750538
1.5538296503499156
-1.7782841833768597
0.2187993948205018
-0.15711014625074574
-0.4105778686761026
0.6583375300501857
1.553869380514902
-2.247179545824668
-1.999029268527842
-1.3471180352124574
1.058938315878745
0.2600506255349154
1.245165669246224
0.07246968517617142
-0.7387772502591148
0.9415525524918767
-1.148921404900229
0.3985551616022115
-1.2658802958484514
-1.9964941514048045
-1.1468534420884149
0.78907996456846
2.8507712767854607
0.781319105927431
1.21025937402862
-0.2882583150541636
0.005266059959311526
4.082763233794582
-0.7258914534038055
-0.4664957436786198
-1.1965393239591646
-1.6206201355954957
0.0876622425720536
0.15514022911880676
0.6747375344948442
0.5272592168728908
0.6536362894659464
-0.42219568376681743
-0.8104460984866666
-1.438044077483322
-0.027528463276315866
-1.9555760768911494
0.3378084063730881
0.07376702666005507
-0.2881812801780527
-0.6837244552278713
-0.23886075573192186
-0.59102974590497
-0.6745262752502568
2.0176773833208266
2.8555963554482937
-1.1171098451956667
2.7453605597991726
-0.5024734838301016
-0.1451308987186613
0.7012230357816571
-0.30128788497621656
-5.515028988962666
-0.4323446488466859
-0.7713689643598575
-0.13229936189844602
0.5711809028001709
-1.7752322065963018
1.0001356284058587
-1.8277771448268152
-1.024016632535069
-1.4218789077328935
0.3948010248897589
-1.7840316259441364
-0.32650565782573016
-0.8486447496708345
-0.8490987876869676
0.00258463472004868
2.4510006687749466
-0.0976174031343058
-2.0279641515378795
0.5623872833248649
-1.2112715465793513
1.451143631632203
-0.6806420526640551
1.6339600604168185
-0.8390598727910678
-2.9499876013676296
3.7373999280848103
-1.8749522332081157
1.6781433100475127
-0.8726736658327899
1.4037316163155356
-1.5620041890085234
2.052895916601754
-0.4126601027354446
-0.29477592119820006
1.3138172076250172
-0.6780805954535821
-1.7551224569839818
-0.12346304091968456
-1.2755153601574722
2.627837337919465
-2.937192819478886
-0.9068285911515734
-1.36529008708833
-2.125608689986089
2.1286999286485724
-0.35068659896977866
1.688236349812235
-3.096645227114254
1.9327535474073916
1.4271220586257682
0.7213771897075479
-1.5202863160829299
-1.0538249079021313
0.10477684934257424
-2.0854093120283124
-0.15548235476584046
-1.8554274729120643
2.0565950691425807
-1.2332069207406875
-2.2276094631465977
0.2150480168846505
0.6316988525565033
-2.13610603558371
-0.9553465484481485
-0.547317894162231
0.18332896643586521
-0.4176262764994837
0.7131474919151454
-1.231408414557651
-3.734451806574619
-3.144659284922929
0.8585806965320473
0.19012146466549
0.3624462471330269
0.9072020595679734
2.612330426250487
3.055845581675199
-0.4974530871517851
-0.5240454079977178
4.219229681643018
-0.05597257046733389
0.6949448021852245
0.18985574130490201
-1.934369825561711
-1.719248587535173
-0.6765810720237718
1.8910357737925954
2.1207545889122548
1.1045086872713188
2.2316961742444703
-3.874654838293627
-1.6569387440300918
-0.5360128162623842
1.1974367323981394
-1.2763742718513609
2.3918569551566
0.15411061149283725
-0.5392233585153289
-2.594027376466999
-1.3715200388196351
0.6443313897087007
3.8501010597452883
0.36481929241841793
0.15657314557013852
2.0253577846868285
0.5400931281645934
-0.27794434041141197
0.490850936290492
0.28558021740728934
-1.4204898691722687
0.5007046866820385
1.2776310857357878
0.3210876455403653
-1.7797968855322215
-0.5034933342651059
0.3380973702936705
-2.55319956546911
-1.11323038708322
0.7798397228098911
-1.8060279723047314
-2.337230386053425
-2.320947193946472
-1.4727568847132944
1.5985815349270074
0.6646210753155982
0.7712188753557523
-1.6107131210068732
-0.9219828163488554
-0.02449508293850493
0.17407789799540568
-0.4968673193839723
-0.24946120226349836
0.35555568157671924
-1.1155369012098766
5.479747901145342
1.2496979977721783
0.7178584022062124
1.608573054069938
0.4715081278102443
-5.294514008461649
0.4711239549903628
-0.02386798826812696
-0.8921612682761658
0.20156851439137802
-2.055006115262914
-0.49763231230365157
-1.1929963146501525
0.5209075248218954
-2.3806301211631475
-0.6280193170793207
0.1003218601668829
3.86340007538107
1.6802729318182843
-2.3897297923057987
3.234067890186457
-1.8947971779030743
-1.7486679948628685
-2.239762715050067
-1.5329413993417569
5.485630479893337
1.1651301685601159
-0.16711013399126548
-0.33518882222995433
-0.8503487810307833
0.8982730185627631
-0.23738825989034903
0.9007944652349802
-0.810427680491577
-1.7519241387443165
-0.8362418236134208
0.22682849946634173
-1.3194801777431693
0.3599611546966654
-0.6083562303875099
-1.6277075606516531
-0.3638120558748645
-0.21923656924539914
-1.1295517863000772
1.339710372110257
0.07738073026030806
-1.4240245245712455
0.13599379588982943
0.9644060737949459
-2.169595864900977
-4.273874165990407
-2.21038477472527
1.9412451998142453
0.2157031660510051
-1.0217946473606567
0.8393968819607451
1.4600900440200277
1.3139329910862823
-0.2582795010120832
-0.39032629908361566
0.37122533565145444
-1.1004578741816315
-0.46250939327400087
0.6832915547188868
-4.451648998999676
2.5083366164908276
1.5610619624423394
-1.3758436808983914
0.3257197378804338
-2.8751500892035065
-2.5170668225069806
-0.24165804047635012
1.7259217699294676
2.330273671740803
0.20363501506230527
1.4478095628849645
1.6595342966402082
-0.04773793965341125
-0.8503537025661444
-0.8284653580473552
-1.153249815736609
0.4959951998246147
3.3246909599435988
-0.7312715751079145
-2.697503860489941
-0.2854121992463692
0.19329347121952634
0.7782113158866144
-0.3660540065113531
-3.4433265815547425
0.4264099408056683
-1.4512422370180886
1.1987844914159012
0.5589075985851039
0.9023503161463227
0.0657616136292986
-2.129167227162502
-1.4453473734070472
0.441582666591025
-1.8838702257049214
1.6756377767402533
0.9469008652597303
-0.1302623962027833
-1.0141364115782108
-1.568260689523016
-4.357822655150055
1.0902579453411312
2.263595325583982
-0.494519032770578
0.34668549903840756
0.2636486643584422
-1.436946649160414
-2.939179276451487
-3.89447958471839
3.6343137529668685
2.100738703829313
2.7895465372173236
0.22223924534944406
0.801710486066487
-1.1075275505842903
-1.371836270878415
0.9339972701980116
0.6311726810278043
1.108796404709289
-0.39905732921902254
-1.0280808678738969
-1.0066296155179009
-0.5947036567613999
-1.2189817755381014
0.9663874026410971
2.2766958033343556
-1.6493888296280437
0.24171022533122064
-2.0163230145981723
0.5689388283808445
-0.5782105651863267
-1.4507348016323636
-2.564908289823028
1.5504836932496946
-1.9227657697751797
0.22497008190195175
-0.162292169301318
-0.5313597279743266
0.5128861987555189
2.012208610341755
-3.0906566598244165
-2.348999887125907
-1.8884442232928174
1.3935985595296332
0.06454375676413623
1.14850274072988
0.07263648032210158
-0.8278946955501569
1.0966771406967992
-1.1844030033333495
0.3985513605734284
-1.2785401875284346
-2.119549805169663
-1.2319235800696333
0.8879418380438082
3.2844365787256593
0.7813043176130939
1.229805098267365
-0.37528144228743404
-0.08954810174154045
5.3610164004571415
-0.7566634271409148
-0.5601140632221954
-1.176067253542058
-1.9348383172722976
0.08723801724970677
0.06714741225826067
0.674319403287595
0.501873531489972
0.5658330135054985
-0.5158434771808336
-1.0176167235756437
-1.5431129353474753
-0.030721530942188303
-2.0764725436155516
0.1668181754272268
-1.303893662280877E-5
-0.5420117327075712
-0.7070212664797563
-0.2284011542608307
-0.7365064267848968
-0.7696862962983348
1.969009433844821
2.99902656874875
-1.1084471959475621
2.684095842091821
-0.47507347824658913
-0.1574199192452226
0.7012284533640949
-0.31373688779095227
-5.622010082006581
-0.47024212877193955
-0.7713492394925933
-0.14796065811125306
0.5736866068625996
-1.788476717655535
0.9892426014610588
-1.7571470973560828
-1.0241539353577203
-1.2788629217170042
0.38151850533086007
-1.7965949284331022
-0.3451978744103744
-0.9903480610326261
-0.8535927929278188
0.006657112526567768
2.397629336407343
-0.09760477842843397
-2.040730755720611
0.5626403622026358
-1.2131188660830747
1.4381102422741658
-0.6929257683704003
1.7891129335758087
-0.7254195621996548
-2.969785951379259
3.698866333975144
-1.8711414150058328
1.8496554673066503
-0.8716739658677585
1.4039399411977935
-1.5594900369984082
2.0272089464203287
-0.4109867076323694
-0.2947760412163901
1.3115089914204192
-0.6751901303457464
-1.7553047754007058
-0.15899884630436084
-1.2371563661155267
2.627868703035567
-3.0263015927987817
-0.8983182955339892
-1.3655229287141333
-2.0611143100091462
2.109588274370919
-0.34893487275058416
1.6913725446229804
-3.0453662147713
1.9397048145555615
1.430151324864527
0.7213812178907772
-1.5190228693599168
-1.0465089252517696
0.10742121707595614
-2.0929241617952763
-0.3422435673417375
-1.765339118791645
2.069603561785032
-1.4354128899939862
-2.4415388294428593
0.21038809872074893
0.63165083461944
-2.139064713126977
-1.0132732651504017
-0.5529306104893261
0.18330705273862435
-0.4314916614490416
0.6987157298074509
-1.2201328890168088
-4.06020786498035
-2.8984821742373317
0.8562651684468408
0.27718024892541737
0.3673507788542582
0.8896156472757973
2.5802404514744515
3.2808279351407457
-0.5015951837312741
-0.41955345002510475
4.24203172689855
-0.05553751469075213
0.593125928680135
0.1899620902851947
-1.9265522099773273
-1.7468041385782351
-0.6812380020624278
2.0947976353935456
2.183186609601116
1.106850467941374
2.2137335854198863
-4.028123917881261
-1.864068663534111
-0.5407056156888941
1.1973674708414896
-1.282890657605935
2.402839786065179
0.1392861776551136
-0.5392152239907663
-2.5128600875421445
-1.359985827985688
0.6445634886297681
4.010877249314003
0.3724205905816725
0.1564899220471336
1.996287587994658
0.5357663256901458
-0.28004562169284497
0.3857973588924557
0.19253411171069298
-1.4212009727972172
0.5364306830373088
1.4107213939043906
0.321132051650148
-1.7847213603028351
-0.5029194244329519
0.39179451531494747
-2.517544535845264
-1.1178279662510258
0.8639061097005393
-1.8102988018488866
-2.2737037402153417
-2.4950625252518335
-1.601793891760412
1.8595755584810247
0.6420797718753234
0.7712960593174903
-1.6363582067688693
-0.8698905307655698
-0.0028852914495587196
0.1740808594771089
-0.5300417572568951
-0.27156291680022515
0.3539537204094668
-1.1246663372205132
5.427076799386811
1.2517958008278096
0.7473029261845877
1.6056221154779335
0.45099619558370074
-5.405885594453112
0.6051550560004326
-0.048156540182435766
-0.9374630206173621
-0.12118152242792521
-2.0807965374935073
-0.5127677802673996
-1.1936502463220189
0.5211858220509435
-2.4040889384596533
-0.6505174775408245
0.253274200129354
3.9713052156488104
1.7340873900373104
-2.5714913626114546
3.3600416044063945
-2.1057233231017536
-1.7585203293379634
-2.240716695520923
-1.5410834653817949
5.501951761880301
1.2242981822191925
-0.16712564146955608
-0.4032264568037785
-0.8516591705134974
0.8900505271464911
-0.32901592628741044
0.8418294759227875
-0.8103467980801099
-1.5985016869300166
-0.8450107874161664
0.21916782617959846
-1.3386458159457475
0.5400981109940793
-0.6233969844305346
-1.6593819599466841
-0.3926424431759612
-0.21804333010666474
-1.139489917189242
1.3399201762864352
0.06232341028648307
-1.4380634787141673
0.12642426298995374
0.9764968620037409
-2.2481662019664195
-4.208873780827187
-2.063580420492962
2.019776392421074
0.324242844942391
-1.021654045140139
0.8395008336262472
1.4600225120187573
1.151457478125742
-0.2458703178106994
-0.39032430354318715
0.34950715738304766
-1.0945393718980567
-0.46136581732342513
0.7691476524442559
-4.301281460026514
2.509240142090673
1.5846690197371625
-1.3476994500999186
0.324971066900849
-2.8350541586187914
-2.6699414892213125
-0.24145741349234862
1.700693461024508
2.4158846222364514
0.20362574575618542
1.4525065992138677
1.659831743174802
-0.04271507058360461
-0.8520102332749232
-0.8282894940480863
-1.2838554667415576
0.5732883938844043
3.570959662862001
-0.6810127911020978
-2.5499623125740296
-0.5393656254076781
0.2135060759460833
0.7782535674364165
-0.3457563139672516
-3.5712317586881355
0.3683593857358268
-1.4512416037357567
1.2503162293620382
0.5711323084816945
0.9305245782995744
0.05021871726904115
-2.156015854565347
-1.4452818499433786
0.46489812127969043
-1.8758734417786875
1.6956523897892035
0.7678328361565752
-0.17670894565166645
-0.9937794590625776
-1.6358284610463936
-4.238797945095153
1.0902464798322795
2.2882616232270414
-0.49450371289077877
0.35806275460206566
0.31030273445714257
-1.4166960279771512
-3.1365398941997715
-4.009667442446189
3.552237728605214
2.4102950229783526
2.8692685964449063
0.3280701728863168
0.7712570383376482
-1.1074737358693163
-1.4023250840190955
0.8852263262230402
0.6530513972660376
1.1088230735591484
-0.4553719973984985
-1.0697732919404639
-1.0338567422890925
-0.35594895421950323
-1.3990681684873483
0.9657693370339858
2.300660944719655
-1.6561121678856585
0.2104483446021372
-2.161537273238705
0.5367696045392957
-0.6170467159020215
-1.4908556487703097
-2.6039445343077343
1.5536975888222875
-1.9520404100629842
0.22223209778135103
-0.1666778560145672
-0.5406659989952469
0.48241326980807997
2.10330646405976
-3.2127914722752386
-2.1799909884303075
-1.940784125934234
1.5529979169246608
0.24842475148553983
1.1151300160076643
0.07259578310513683
-0.8652061831227673
1.1347642626557313
-1.2034332832640542
0.39855255293363084
-1.3648345230208854
-2.16776610925972
-1.2708297786043061
0.9777661802648201
3.2597740166079285
0.7813053104095135
1.3084820788463773
-0.39772232278448283
-0.12349168154964058
5.4971339720336925
-0.8235871492915992
-0.5950182921910608
-1.2504548290060218
-1.9380318608971518
0.08763196253212213
0.06135620098772571
0.6739869078403729
0.5045180949262934
0.5296116281484453
-0.5500477299313985
-1.168061140427442
-1.5553928378098834
-0.02807705895466343
-2.08112842349513
0.1622160985882288
-0.02250552633230361
-0.5518444004412135
-0.7068470340659059
-0.20822799643491186
-0.7669721101372579
-0.8035146683733217
1.9977715818378239
3.0111058212911055
-1.1465169396765
2.689792141488787
-0.524143027550982
-0.1411603033472997
0.7012357907170821
-0.29748201875249236
-5.75581022529248
-0.47992115419196263
-0.7713401893693383
-0.13192521926550488
0.5912943070007749
-1.7751200746956424
1.0099927231334718
-1.7920407433341592
-1.0241064593167448
-1.196314378376776
0.39902073112781344
-1.7803081011520732
-0.4230473076175566
-1.0701549812741329
-0.838013734834625
0.025214380074929613
2.3212078824771485
-0.09760464512704622
-2.026103256746149
0.5627209413271365
-1.2116842888396853
1.4546041709923074
-0.6766843994273799
1.8198427960346797
-0.6857888005622644
-2.981725420635757
3.633171870317918
-1.9240039634264623
1.900386750202427
-0.863713412705259
1.4040008935519586
-1.55065962951622
1.9970413659256412
-0.4121550156143153
-0.2947764238692526
1.320324235045103
-0.6662428592727614
-1.7440272156660583
-0.0802831058433273
-1.2415602974158244
2.627874229836337
-3.084046991196515
-0.8796827447818939
-1.3575793449552684
-1.988537832587492
2.114166861184048
-0.33994438893932644
1.7015746170662025
-3.0393078675218903
1.9398999051697894
1.439616478816197
0.72138394678204
-1.5091693831214432
-1.0377141997022101
0.1162845505698889
-2.1046144003729164
-0.3920450345002294
-1.6722944571032934
2.155716452731082
-1.4117806452776647
-2.561335002479315
0.19714895810079186
0.6316427895082549
-2.151188966343856
-0.9834660038714748
-0.582661876208862
0.18329338014461416
-0.4725004919301812
0.6928909791261187
-1.2500906871813136
-4.180199449561799
-2.7829349301803847
0.8564729715150258
0.3525348565768276
0.3663525797684421
0.87348583093292
2.503047107830509
3.20771587365033
-0.5151832630108019
-0.31293877099099954
4.288444023913578
-0.05552743096494052
0.5531393786356253
0.18997300555017105
-1.9311101225998766
-1.7829541639127673
-0.6944850835688158
2.1367041103045565
2.194030892358947
1.1495385459481224
2.213176938122071
-4.014313669647537
-1.8901594711307732
-0.5530030365786949
1.1973902234218436
-1.2967523251038282
2.3713292817544316
0.07227388272626291
-0.5392159333379968
-2.5059620918665413
-1.3758977923030666
0.6384422169627832
4.109287026959569
0.4818418310292935
0.1563062992450063
2.0725893422210415
0.5237168630433572
-0.2923300735299759
0.30183005129350177
0.1407646673597307
-1.4370465402993287
0.5461909874147474
1.4227547757840262
0.32113293357168554
-1.7955802274535329
-0.502852440695889
0.4018857326767585
-2.5047331340487253
-1.1301234536438507
0.8836580507740834
-1.7966842453067924
-2.3154081112685865
-2.574582108863313
-1.5725086974813174
1.8889215424855539
0.630421417502835
0.7713796479043202
-1.6492747411336413
-0.7552185170799249
3.077557547973476E-4
0.17407556682203848
-0.5374061779650877
-0.28305729668196605
0.3323522391676548
-1.04852633505874
5.418456651979353
1.252781718460853
0.7537636719806131
1.6101431259977446
0.44055775802928027
-5.433646906110878
0.6315093834612298
-0.06184266709327655
-0.8892446884667504
-0.26812848335844525
-2.081881233570328
-0.5383750651025029
-1.1937907636176748
0.5210160505436758
-2.418328817038804
-0.6621871568652039
0.23775377965700856
3.922946311334219
1.6746920808955386
-2.7602316258398885
3.3432790432661847
-2.017301138416418
-1.7531452493072919
-2.2409951156366783
-1.5353756269884093
5.541991059213369
1.346010153983092
-0.16713077061096435
-0.4637216904815998
-0.8529048419242838
0.9004865155903996
-0.37851263580021166
0.8324920253304248
-0.8103431038930602
-1.6537186484213782
-0.8581721207139993
0.2255487408910352
-1.4894537562782049
0.6797619639250287
-0.6188878521367585
-1.649248695941208
-0.4088798263070912
-0.2180218923691519
-1.1340821199126654
1.3400702535768725
0.04934576409940684
-1.4346474250833514
0.13178727809515925
1.0331236853482446
-2.2472334091535107
-4.184520340220663
-2.0433390325114944
1.9400748559615695
0.29590607646552575
-1.007415051960068
0.8395232151007376
1.4739040115761053
1.1431893151335912
-0.23980225451238443
-0.3903073923203992
0.36048544985135084
-1.083399384461866
-0.43264401137040753
0.7109049947125489
-4.23992731074511
2.5094421528263022
1.5389298470159893
-1.3068260074632905
0.3391484098329908
-2.8992597293048488
-2.742905478182541
-0.2271499791705287
1.727399346203683
2.397972416224129
0.20362552856387928
1.4663865237570834
1.6600566040427067
-0.02479353767615061
-0.8369008628767153
-0.814047529964832
-1.3362372256683868
0.6092927958507682
3.740769164642392
-0.6498464840583511
-2.5267975246801093
-0.6697327338490461
0.21772865526919355
0.7782660387910311
-0.34155043382726774
-3.630481385174192
0.36929664229208037
-1.4512411307196262
1.258808847699029
0.5729073858272734
0.9484356806655821
-0.0694937694482543
-2.141077384744671
-1.4452582244932917
0.49071677394346924
-1.8871164023638534
1.6998070387087836
0.7615795433988518
-0.23860549422022184
-0.9889085699932922
-1.671973699367431
-4.215064671100563
1.0902449057844494
2.2904187243129104
-0.4945053280286985
0.37146335595097674
0.3172804381832719
-1.4125549238854724
-3.219012069920608
-4.057540307806998
3.4491386592591398
2.5281351944073935
2.8096738743134435
0.32943190054436583
0.7678522198130332
-1.1074201620953865
-1.4057802251857183
0.9442854059924835
0.5888550338177938
1.1088298499459628
-0.49340970859934036
-1.0726681146874177
-1.0173743865198084
-0.23028371337410217
-1.4341106131749226
0.9656663853870601
2.320021112598685
-1.646572331359695
0.2068496051346112
-2.227733464764547
0.46591193361478317
-0.6249390110243017
-1.573724347057393
-2.681997347973061
1.5537735585772545
-1.9571792447814236
0.2217300743828107
-0.1674870925129277
-0.5341277422805577
0.4790190880732214
2.206900640540927
-3.198441553329026
-2.090804554891583
-1.9700814069940837
1.6296969006885638
0.3876529954054814
1.0879121766427942
0.07256717475255817
-0.8940108652327687
1.1408491975442048
-1.1952880957140954
0.3985511617648223
-1.4017280956018399
-2.1692375302528153
-1.298384310098869
1.0028410184422099
3.270990781367177
0.7813064693719558
1.4005904473518476
-0.4134792983368486
-0.1511478603824371
5.569963636341593
-0.8048362226504281
-0.6226878029189583
-1.3173504107188128
-1.9421129074618673
0.08764614565577805
0.046493458128180454
0.6740736267695058
0.5158464557319904
0.5015667701487923
-0.577656373065407
-1.2077557639786254
-1.539131811985982
-0.01921364078419014
-2.0943662047673084
0.14992112422701945
-0.034167601335760675
-0.5464750635002842
-0.6926031730945136
-0.20414331248316725
-0.7703644816361294
-0.8310511534757261
2.022984474097137
3.009013787530027
-1.2000394155194396
2.6251788473585838
-0.5253943650422761
-0.1299233519492502
0.7012339289554926
-0.2862591655145606
-5.793775397641971
-0.48317186897866293
-0.7713368939961566
-0.12058587535116476
0.6075925747551907
-1.7804581053567785
0.95010644992966
-1.8033780869814653
-1.0240692025408995
-1.122292335910099
0.41122873324798753
-1.7691542972638603
-0.5695562959667619
-1.1275518952560855
-0.8418717861025319
0.035826437830057484
2.3045468848220767
-0.09760465004422288
-2.015578420858955
0.5627187860400762
-1.2133611902690575
1.46546073187848
-0.665496340956366
1.7500440182648846
-0.6593766484590496
-2.969079091356536
3.6041441035697392
-1.9916323211528595
1.9666388881326766
-0.8676467199309655
1.404019220529574
-1.553902055193551
1.9727766339206534
-0.4033769515798874
-0.29477738415059446
1.3182357615207199
-0.6692374821596806
-1.7405520640151442
-0.020341656135389945
-1.2647379836300872
2.6278734784720297
-3.1408016490439037
-0.8644420298975021
-1.3610423515748313
-1.920212324537043
2.104416710177411
-0.3447761029978188
1.7047492920347767
-3.034534441634658
1.9400238030642025
1.4367348796297723
0.7213929172435818
-1.5055143921577656
-1.0432015581869694
0.11305157266514773
-2.090146006156684
-0.45986640950689617
-1.6261561882374103
2.151573010677191
-1.3758676975482407
-2.52696838308141
0.1967451208990794
0.6316442779767144
-2.1515108501026825
-1.0138236886451972
-0.6054367021609233
0.18325496726618914
-0.46519919698980183
0.691115704757806
-1.2914786809823653
-4.2326430993731226
-2.7574866679642867
0.8568277776208445
0.3952432977830234
0.3568030989401408
0.8719364983905454
2.500780529931196
3.158198506353406
-0.5177144566677266
-0.3026396326932201
4.283454773952263
-0.055522059821960096
0.5439925517111046
0.18993081329376643
-1.935545043226331
-1.7737717264483006
-0.6948951176809594
2.167467901241098
2.2720872552598235
1.1553129706549319
2.258845225015505
-4.0006189729153725
-1.9264898748508057
-0.5597206145891029
1.1974071349715822
-1.303676669200177
2.337008242502351
0.004315171800838913
-0.539197308608078
-2.5077709947807496
-1.3821332607449603
0.6280309764444025
4.188624992551751
0.5531997751059381
0.15626407738976436
2.0473489735877393
0.5159326554463679
-0.297953054654181
0.28157379865016413
0.08128283862738499
-1.4363303552810347
0.5071983811391452
1.400594279194825
0.32113314214365996
-1.7989035163673817
-0.5029392644007149
0.39790520270528984
-2.5204768694786157
-1.1368371130477393
0.8927634943955436
-1.7641714341166117
-2.3970545493355737
-2.5825843776518673
-1.5308852638587176
1.8955478704041282
0.6221079548279396
0.7714121835557392
-1.6581565231966862
-0.7165300850878343
-0.006517256613021283
0.174068840238639
-0.5352166834822407
-0.2910135117257312
0.29301509390288943
-1.061133047323892
5.400064613687061
1.2532746772098786
0.77381806742698
1.602604314881107
0.43346516018087494
-5.4376798563048565
0.6516993111883869
-0.06891559460858901
-0.8735552911758594
-0.2680723338560987
-2.082007330435613
-0.5025292652660988
-1.1938776575204408
0.5085979385832855
-2.4302709161093277
-0.67047681070843
0.2782829868660652
3.8930748541431996
1.695840099897939
-2.897016370517447
3.2876064219150494
-1.9667099890480813
-1.7485224959292256
-2.241094019916917
-1.5308421049371252
5.622648424283771
1.3762442721025194
-0.1671361847889295
-0.4715884636050663
-0.8484176930265468
0.9315624350204544
-0.49483639709158156
0.7883628277196697
-0.8103725993417688
-1.6924818534334098
-0.8807897865996008
0.2304963655259104
-1.5434553351099765
0.7319062025011762
-0.6134081705419016
-1.6753150432656119
-0.42355682425257823
-0.21804399407588665
-1.1294731624074112
1.3401207791296132
0.05010105365904086
-1.4302817147043672
0.1364442788254203
0.9619804711759957
-2.215891058907028
-4.215717459397347
-2.134737495317261
1.9338366679186034
0.25824774436044395
-1.0022456630903238
0.839532235218836
1.4791404227852634
1.2465113129381082
-0.22617627652921393
-0.39030048481585183
0.37060554079398944
-1.0778366064938094
-0.398185704010111
0.6809363986691909
-4.217396259604511
2.509509971494306
1.5336883349036048
-1.2944449260804198
0.34452001071015054
-2.9271560869670323
-2.732527151131512
-0.22150129423061818
1.6964045210313263
2.3869129005897785
0.20362546041008112
1.4727427790369192
1.6600038443833545
-0.024179634681892923
-0.8318534900435801
-0.8088747206157607
-1.34747611366191
0.6182639062835152
3.792927660047974
-0.552908863415669
-2.5500610172531455
-0.7929992123620513
0.22023686692701716
0.7782396364131193
-0.33891413073449
-3.689982689024042
0.3746764703405455
-1.4512410451155555
1.2605966516401657
0.5731755062534862
0.9907012644313533
-0.10578355625310217
-2.0985860963579186
-1.4452491903811118
0.5525328390117961
-1.8985683703130007
1.7025734089271258
0.814113167558234
-0.23285589806500903
-0.9853831068626698
-1.6727402470263586
-4.160905523483873
1.0902454444519598
2.2928479878529253
-0.49450123168456084
0.37274304936714053
0.3169414461405134
-1.4098326591124954
-3.244264481012686
-4.111685767470691
3.435353817269423
2.528934092742207
2.8341702047167123
0.3240342735875419
0.771540780215587
-1.1074060370983005
-1.40207606843015
0.9869123466214439
0.5045405255063807
1.1088452341764359
-0.515328029143329
-1.0719476943359254
-0.9283731522021262
-0.21036966040809854
-1.4989935256773776
0.9656037037925449
2.321263129883884
-1.6460662787223426
0.2105211361817433
-2.182738516311992
0.37999036894773924
-0.6194064382970293
-1.5724628999568557
-2.7582700740580695
1.5537864326865072
-1.9535635890906635
0.2219266011345026
-0.1691403737812689
-0.5495969437842319
0.4826911558534512
2.2635571924398263
-3.04894478425974
-2.042995471560707
-2.024224448635212
1.7011503949059
0.5209803969949075
1.068634251584012
0.07251524846568892
-0.9136413871203005
1.199885967206688
-1.209757342283242
0.3985497160354682
-1.4179752002081492
-2.1891693837127573
-1.3430839726191255
0.9915264798060189
3.3251225874666894
0.7813044545092129
1.387195477141898
-0.43704190258806386
-0.170508873663947
5.652190969813828
-0.8713941894866344
-0.6415929302579316
-1.3515380304711226
-1.9240774480390106
0.08764621785916213
0.0016805722371281459
0.6739587447473491
0.5183379300830796
0.4820868391997815
-0.597121552979378
-1.2136035651684858
-1.5278942593678957
-0.022446830108136716
-2.0947680973819773
0.1432100544241589
-0.04245520760649289
-0.5418563069185994
-0.6874299440758518
-0.20143466967747878
-0.766691976145085
-0.850366941617223
