-0.2831414988405706
0.32347220300499324
6.013008652555674
5.849402437165478
0.44235524996084724
-2.3961138123484087
6.222702502957605
-7.005110616783721
0.038394480821001636
-4.173783244019411
-7.220189613361848
3.843016685353211
10.488746296499983
-1.4973854070639352
1.6536880464697767
3.952879596442462
6.158311178706241
0.7640632834746541
-8.5421126427199
-11.27765728375915
11.28817125746699
2.39444677432817
1.8991734110125709
2.244462882965052
0.06055667873738183
-4.682052456753189
-10.077854647494416
4.342096987317915
-6.511623891599343
-14.701592469236706
7.906526596397089
-0.10963418506401287
-5.085048415804549
1.9812853322423594
10.461418031532101
-8.64276093245465
6.3709861714118885
6.653538515640666
0.7191692013009858
-7.038938871812926
-5.0900561633678905
3.6694923899703817
9.472666631266652
-4.3492697537646805
-9.259479838002958
9.47656058165054
0.07399610808142758
-5.040283777621991
-2.1422138330719944
-1.5704954529787039
-11.292028708665583
9.213631936082304
3.7886628556552737
-14.638805250705595
-11.162593749383442
-0.06043012211753809
7.535543944832195
6.1157873665647955
-10.783956208720022
4.711254823339408
1.957902461933026
4.729481223166486
-8.245157614496067
-5.1265167540431955
-3.6916209323370985
5.531238086528877
-5.244634743403761
-8.727590039266273
-4.674701620450556
-8.814891770072112
-15.266480105008885
4.338242924094481
-6.483976429823388
-7.0443902510663285
-5.319363276756414
-10.34798535471803
5.564461188638139
-7.910248332052642
3.572098886541168
2.032232717785592
-9.815935039960939
1.274198301179118
-5.355118863366117
0.7867743354076622
-11.510946237396698
0.9398248402787753
7.453996542113311
-8.464490363768002
-6.917066589161261
-5.8461448092693615
-2.1257031173185545
7.459409993256454
-12.40583562205105
-0.9101743926154909
-4.541160522049636
-7.177731816571078
-7.935003530164214
-5.003075471241267
2.386213635158056
-2.8734745794984318
-10.589147013680593
-5.1824759507687705
11.89142292635778
10.307885340440322
6.5086437335638125
-12.654607604451904
-9.047713518358522
-10.180984679529205
2.539188234912909
1.1701176368877761
-10.526754609932174
-14.599314110241803
-0.8135136273400975
1.2293305427973702
3.590521163963859
0.832573760800804
-2.50890182696969
-7.526568784178284
-11.065255777752602
4.298333197793011
-2.8566734181987012
-7.915383957696448
11.64095050053555
10.739501861537173
-6.08581025937348
-5.080522082336614
-1.084782556929288
4.852731709725017
-6.241019777191298
-3.9712820009740106
-8.097827081378595
3.3580624006315554
-5.980385099636261
8.356782931376916
9.53125773569156
-3.6246625496171356
4.775283845024918
11.137676643508831
2.475363863207644
-12.344556746009133
-7.246366319723641
-5.286012502001458
7.412459313692569
9.950901968891968
3.891931638357035
-4.894993043762328
4.150432188773527
7.257721666271783
-3.6312415691315776
-5.229168352536344
-13.716829560858887
-3.810320294108277
-8.548072753381408
-4.777964612272701
-14.58190758538778
-6.340851890139761
-3.426983319185006
-8.862227540918465
6.894084702604953
-1.1727361666083145
-22.829451652842586
-11.505009696428727
-13.90350265626583
-14.59360469212229
-0.01482356220091071
-6.46368015135139
-11.292642718982881
-17.23348278341526
-16.036786155202538
-1.3144988250747385
