-5.384152635947853
-7.329280364700249
5.343926137929801
-2.1089238353406863
-1.4058661759707523
-4.085948850177371
-4.371336561311217
0.9243181524583797
5.766249651509779
-2.1231575390025714
-7.937906675533879
-0.44909263510455244
-3.246122936318866
-2.184010084275948
-1.162215973529361
2.8506443478599106
2.2561338656968943
-2.0769425153238457
-4.16063617024361
4.5666595040124776
-1.7933119589177178
-9.044093029553922
1.0420931586133977
2.5927001695205747
-3.585009100694038
5.429322998331383
0.027110813326333815
-0.9928732643338662
3.981731582646269
-1.0967843551084697
7.253875562431589
7.507464973594429
5.009598259952065
-8.11526254625524
-2.0013879012406828
2.973204824510054
-1.8749618651513813
-4.569213507501545
-3.8447386848400558
5.441154725640667
-5.015272284246588
-5.021756574891341
-3.2689511829786735
7.828981863028692
2.8052317465314207
-2.954306564388207
-10.221763293742152
-2.9959523167671227
3.858566397185139
9.839225114140522
0.045036979428274886
-5.003245343303927
-3.701689078781499
-11.088393391155542
3.563468947473198
3.665036995366238
-6.358771550904749
-3.7626816897728492
-4.59777176615851
3.181355598073588
-4.940152854553487
-5.052681992874837
-6.409714112943673
2.686218065262328
-2.3396075289903324
-2.818814490381646
-2.9628965776771
-7.182912117778046
-1.7620670100226825
-0.8948577737417897
-0.7077740510285908
-6.57933957507263
1.4299582980444088
0.4889631471163907
4.074998818307732
1.1383401043836214
-11.267599626768972
7.1474893830297
-6.059246601421303
-1.8198461283056349
-4.783247672812757
7.551969067785716
2.804515171654687
4.283806260009617
-3.664446947744288
-5.0006682365466375
-2.5511830811210974
2.866932284082776
-9.213628890043818
-8.496832504155833
-8.105268235882022
-3.05678816389368
-2.114443674781958
7.521528615313158
-7.812690288976931
1.460827661952647
-4.594761670482171
-3.6306103194738655
-4.64154401987106
3.1034959992710465
0.9796136439683771
-5.736363157484124
0.1932408825147202
7.386640483721139
-2.7947795336358996
4.140175504163461
-2.2346045436980937
-5.668958057320649
-3.5813741878769525
2.749324777394037
-3.244280114030901
-6.426704264390265
3.1424337738878
-3.025106385812347
1.8947253153900772
-0.2873621387678679
-2.346249854346214
-3.1782587401665103
2.8473789638567157
-10.304257493885071
-3.5331376871557443
-0.03148948146058806
0.6534412520633736
0.470522936075491
6.973674891075921
0.10955651248191796
-10.057871214294408
1.7174809193054008
2.295123813646253
5.424124499344896
-1.4186190545499406
-0.2939152972919593
4.667655989199133
-4.8253756009956
-4.259232980651619
4.686381042746298
-0.5726647847339233
0.21365732719013564
3.154294062121816
-3.002830095554877
-2.0786420468054136
-3.246580911417152
-5.788468237180722
-1.2979816517648908
-2.8916664808487855
3.805490999107467
7.258326418466495
-1.5228959147304213
-4.522147698621034
-3.9304993155573684
-0.9792478663331334
-5.495427889568297
2.615373620812797
-0.24308188609713863
6.509927919490746
0.18493831625107096
-6.683303763089658
-5.35289985884866
0.7096574716425258
-2.0805164868704247
-2.7137609674189194
-8.801478660974471
-6.2702117826089365
-7.946834304473506
-1.3773583595486631
-6.900369890775099
-3.3931119814861774
-5.202945731736581
-6.986936261981933
-6.4745141083475435
-2.6049723320453215
8.062935761017963
-7.165748917398582
-4.197523018351139
-1.153449285182222
-4.929595053263215
-2.1151440596717705
4.585985029195733
-3.40951088298061
-3.543951018138372
-2.143485951339991
4.236276698266265
-6.0707830984554985
-2.898918853955511
4.834430851744543
-3.9607194066722484
-0.9136736832625603
-7.0253379998018755
3.8101607538201963
5.4582800400197184
-1.0029303384217327
4.46347706507391
-3.3623373734625206
-6.425822013998844
3.7835448442015824
5.917472091106387
-4.165587036203732
-3.7806516321474115
8.367542198933593
-0.928765378251186
-1.9200049667921444
-3.373443795290591
0.07763889596589546
-3.6970291502594934
-6.835860397829241
-5.885005387390393
0.8854113754883998
3.230551268598567
-2.6042788588953485
4.179526949830443
6.079537815180161
-4.484155808734229
-2.075163088766708
-4.084225854556508
-6.773631170997413
5.771838963197716
-2.6062285658722595
-0.5844673581118645
-2.9983729073876693
4.578890704992162
-0.9298478119643928
0.2813753581705716
0.37350957609938285
-8.29627297178414
-4.928389681632793
6.363558925485687
1.769706575899534
3.9606818096158136
-4.144444593972755
3.861748946040609
7.838626495344555
2.579544068316756
-0.1760104812011024
-0.33173609411141364
5.1765291301003264
1.701360069070801
1.0799414302784758
3.630432143753143
-0.3822643972677791
0.1958936683764178
-3.391054410227843
-3.8806717100966273
-4.256526997617544
-3.7065740994282526
-4.833274706492825
-2.5414299027648033
-0.7788111722506355
-3.479158539972497
-7.2183703075408
8.151437106220122
-2.5848548986712716
1.604529821907242
-0.004502645532420859
0.3883478777258497
-1.2874552928599265
-6.308400703611949
-5.0936452324701
-4.562327897570979
-4.3375688460976045
6.167468534350089
-2.617668398668597
3.731569684844292
-3.003415919870141
-3.816504722598875
9.124875669702194
1.666244904658115
2.307097756865213
-7.973569596276809
0.8274232452226149
2.1369750193465933
0.9643286017629795
4.798696956581554
-1.1938812713879967
-0.11227260718222305
-4.037020894172529
-7.931749013130436
-0.5068468245536868
-6.024725949783789
-5.371942998095228
-3.512753425576396
5.298246182471651
-1.5692510171480196
-2.6370198144832733
5.715825915245846
-4.212593545586896
-7.409036691459761
0.4705304405323764
-5.6380977374661105
-2.688301627009496
-6.769686802989866
-3.416520065543602
3.7688039644434546
-1.0610979984291937
-4.606225520062077
-1.3711244822041337
6.488915783597697
-5.212268972867981
-2.738959601148569
-1.2896251328802206
0.5235697682586183
7.923015281955179
4.91733581700746
0.0380720031865734
0.8411657479235253
-2.721087720595596
5.107178603851078
5.103627226343817
-0.4058829200064523
-4.133201116404294
1.8575024294330236
-9.438573715770604
-3.5868053012953918
-0.5536600271101849
-2.085525514679416
-3.6578220358632723
6.4854985047877545
6.858627584954457
6.118842847811405
-2.0419689085007
2.488016121157066
-2.1706559859356127
-6.199035542468213
-4.372017784719767
4.096076550111528
-2.5051908760531263
2.0310546916411205
-2.232991030999346
-3.0901449229474065
-8.187981881812124
-8.408597363949841
-1.3024086174137801
-3.1520672362466287
-2.0723032433659934
-5.500955249237749
-3.511237691900212
-4.239205060186525
-1.2383738615010422
-0.3946081954480475
-2.764039424662043
-1.0068270246543272
-4.107102218215051
4.277590344902039
4.647879818433178
5.980699427321847
-3.381730218047597
-0.5092386840057637
-7.2300556625689385
-0.6641179816905652
-3.4779911999053827
-1.8068375175845413
-0.7282480201630739
-0.5478860416546536
-3.4369926126474684
-0.0321465051383365
-2.4899820970515996
0.5345568152793403
4.23414539652414
6.775703947834561
-4.793866816838594
-6.007129270935996
-3.0809543871914595
-3.9839213410129934
-3.693545504511814
0.09469982906454888
-2.009948459233837
-0.1462340350541181
-0.5055857587722934
-0.8176791026411375
4.482511609704635
3.5528515526872844
-0.5588548992346494
-3.7599866085884144
-3.5953653257419598
2.894969325609335
2.030059582123335
-2.824733883463218
-3.454473380350129
-2.319583144859653
-3.119773968127907
-1.6898572973056916
-1.8455434830342152
0.3075546171285296
-0.14377611727983508
-1.8899965730763613
2.472082263937201
-1.2103143200492825
-1.7913354918393014
-2.8797133715058525
-2.374308063319145
3.8238177607950314
-3.640911605554241
6.2546456971338324
-2.9710156873321636
-0.7875205521134299
-3.2800704672346086
-0.5035102555400213
-0.7143422150582276
1.1740514091954182
-0.06537596533710094
-1.5876311871320292
-0.2659835691051323
-2.3259391458791328
-1.1609989480001754
0.8211354033121075
2.2683028509148824
-6.589386734972664
3.487852839182418
-5.229598015860214
-0.3437805642558289
-1.7927481934892902
-0.2782535280344678
-0.668625540490529
1.0687797700228763
-3.9226248711149965
-1.5861465143209663
-0.9973956123920206
-3.7425712198665786
-3.1766988347477114
0.722180976614293
-0.3999852332297081
2.569389874677264
-3.931421054831318
0.720867192580034
5.331078829932418
-1.3093059167254275
-1.802825943633131
-1.9964612975874005
0.020435740717338634
-0.7012977511414448
0.03784573376998876
-0.7143158915346385
1.9806544343356314
-2.090279495602587
-1.666552888507249
0.5477763005946104
0.12726223047038177
3.766605099208585
5.1782361060567
5.05358331354113
-4.423504771445318
-1.8780034836016302
-4.153252218285247
-5.166750506443522
1.9646649494271335
3.4710029435731347
1.2229087656988435
0.4460427655619972
-0.0642874937461007
-2.7027392136558364
1.868846790401926
0.3834604785414777
-3.1860549958124764
-4.649504328298792
-3.9659358681698405
-3.146909040440049
-3.0286296097834415
-0.4575590192353858
-1.2925533546770098
3.108272854416704
-1.4045281795350248
-3.7774359517002853
-3.8555373242469506
-1.2458546996541375
-1.012340159991368
-2.487979250548874
2.347593032810592
-3.969631021981395
-1.7385936396905115
-3.001558606511415
1.4621122898106873
0.13858182391433096
-0.5539068794573415
-3.927283021317178
-2.6014131977878683
-2.6998116217229895
-1.1689119184082937
0.0171293100974978
-0.7938437288810101
-1.6718791689786423
-1.5735836484266545
-0.4017822553297788
-2.2581925444404676
-1.246936417431989
-1.0191653448876095
1.8275540973097304
-5.906738971011129
0.7046356618637993
-3.0033296556457456
-0.33941758977051495
-1.7814691416849853
1.604546943272207
-1.0070071467822534
2.2972896040518873
-3.167371883968775
-0.06143243148356276
-0.7598671667032108
-3.5800881297186264
-4.2872420203377954
0.6847072129551892
-0.5770644132877552
-9.050576267188536
0.965879079609811
-3.9656579991157628
-2.087968702575548
-4.147173083699
-2.4183597641690824
-5.544469610534091
-0.7772031806909284
-1.2164446350079268
-3.5206585717058836
-3.50544946285961
5.858253459987665
-0.13284819573141946
-1.9586848875781158
1.1328418352124858
-0.7563185090079976
3.8950930160683734
-3.5077695154228423
-3.2830257249372043
-2.4068709380718807
-3.135996198253312
-3.857431932861334
3.297130371442648
-0.031935761799898044
-3.5998015818374105
0.7142960801215641
-1.5270552440166485
0.1483813954455835
-1.071730241495282
-0.9360043476964425
1.8291467446698502
-5.506792681954144
-8.66466929629874
6.533074790529495
-1.7949399366793513
-2.3199611205342463
-2.0818439406017646
-0.3437372088281141
-3.7824792568388497
2.082212802802129
-2.6440862023764953
-2.4944905836256357
-4.522322170208273
-4.602177244016869
-0.4837739217982457
-2.061075671080253
1.422389929663172
2.2068887329433076
2.24323993787508
0.9586348058699041
-3.99115963700249
-1.4804881932155498
-1.776080762831736
-3.457478306958091
-2.6363546423813276
2.4772960553635315
7.815944986868785
0.3103486712390186
3.3556603493735944
-3.9130809118705114
1.3649472329324472
-3.67091528780991
-1.5603477009602458
-2.950699424236328
4.179072014404477
-5.966895295348511
-3.100209669966598
3.136544304141324
-2.4978622195445035
3.162943169914626
-4.918773130717621
4.314096070286462
-5.876046688102989
4.501903665542294
-2.338232087425542
-1.8520629333648142
0.41565165262179693
2.7330000266166343
-3.8514387141789355
2.797618380668374
0.8135643764405769
-5.29764233921294
-0.9483041091415024
4.121464114051819
4.425994754402071
-4.445263419094195
-1.3866880801401829
-2.17752258503305
-4.13970372725237
-0.6658695022858726
-1.9904336369373679
-4.604140601683756
-0.10953549928644968
1.359512460615269
0.2838993621075678
-4.074143717099207
-5.698955026563231
-6.954166029663222
-2.0132188867877834
-4.2468984410719335
1.965801862535617
3.1484416830109594
4.949766031245449
2.3262334579077306
-1.8202788276619155
-0.32577793449957254
-2.7985065977974832
4.542469719345079
-0.6598516001735028
0.01595682904454493
-3.3614670177600985
0.0654978714279758
-3.7450832104439775
-2.0286526993321994
-2.655183354265798
-1.5897128375739158
0.8028935737025306
1.736991903073634
-4.18768735305092
-3.2017912009211185
4.871584066329326
0.8162573389359831
0.2949760766494267
-2.2257618245732647
-0.5958771356933938
6.831016466966215
1.5260544467206654
-4.927256083047904
4.407815033192401
3.2432879362641835
-2.4208357633262203
-1.8621439702235412
-0.2922684792291712
-3.6538178240494186
-1.0328539036606807
-4.28875770402099
-3.176703163181577
-0.07585489578494432
2.8518994666173203
-2.5388865718732148
-0.08691226744667635
-3.3121909870785733
6.285976887778738
5.455110096602547
-2.7335165355334645
-3.295079036923965
-1.8827007680670294
-2.393316971953094
-1.8041809774180815
1.4584332946069671
-3.914450168750227
-5.50304701520611
-3.9092700156286306
-2.1468038815972705
2.825063745347758
-2.135121670008496
-0.9116745836058304
-5.430031933885027
-5.4524020031081735
0.11046831577631491
-1.2810140294705927
4.846645449467543
-1.5512512660710356
0.32342062114050407
-5.696196031977554
-3.7037404652404766
2.999091341853802
-1.5921093427429438
-0.627922549571364
-3.594439826161566
-3.086880720526478
-2.524720836383771
-3.276752269898047
-4.355101225186068
-2.2573986111549083
-2.1853529674014003
-0.09418415371385412
-2.8381722206540765
-4.318490870102904
-1.2320863176657997
-0.5960088480688366
0.26408045487476967
-0.47383264083561416
7.050689143211914
-2.6952923466896737
4.092132795649752
-3.169300670792958
3.0730957840263056
-5.859055574433781
-4.26071452451318
-0.029040373089244016
-1.735733811133078
4.915550796277013
-6.862288292972758
-2.1132068092765013
2.423996535171602
8.02915538851798
-0.34261910212650815
0.6021045146313957
-0.5118909560123224
-3.7968628691083057
1.9950559339636629
-3.231546212105318
-3.213757093803234
4.914920497889773
-7.915189225747804
-3.0716424108389457
2.709420886860276
5.831026317882273
6.06735060289221
4.078529561832703
-4.326508208894813
-6.800989563536192
4.1300363504836675
-5.725298327646038
-2.843792493307684
-0.6944679283238018
-2.5877932889106594
-2.256595012221712
5.113799467522954
-1.6734763884211588
-3.0293763572873744
-0.9431509637143752
-7.451066713107053
-4.2738226078987145
7.232741200419605
-1.7875555605953712
-2.537030691869543
-2.5161818999456202
-0.6705812868959062
2.6387547639162667
-2.66335139913647
-1.5066014127669156
-2.824495035574698
4.900077238285924
2.5723412986543197
-6.861829463500391
-7.768223947688368
-1.670801882508192
5.560264508944916
3.5134329594232523
5.6441703903026195
-3.6871582638375493
-2.179603683120603
-1.1227887300420214
-4.243278505647425
-5.522164750721977
-0.35875971385914956
-5.346442066222356
-2.315891092780832
4.796585526641684
-2.168023349215883
-1.5110751115009617
-0.733309779883912
4.928061323549375
-1.8568939576023533
-5.994072301753096
-5.841125519632573
-5.49368359531721
-3.2178356998928908
0.23915097226602097
-2.828075420360395
-5.890570739665625
-5.6655917148393735
1.3987185971074287
-1.8039786855784052
-2.599825105753623
-4.685223219081094
-0.9447902204517525
-2.551759239115825
0.8761874293473106
6.560668119472319
7.319564040245247
-6.402490738846831
-8.375773763157506
-2.14893664776049
-6.929579914938713
-3.5740343494949975
-3.578044381772735
-0.4045171263919733
4.194392641497366
-2.058889740307048
-2.742209152841689
-2.4598588382960553
-1.5411536019215584
-2.0096810301877377
-3.569744970127408
-3.822900194851969
-2.9211953747767483
-5.616480859663869
8.125949651688115
-1.813220208496096
-6.337789667788334
-1.0569522196067331
5.470340110866966
-0.5568502942978586
-3.664058880393228
3.325530775304752
-1.8871999133553008
0.7052176590066644
4.876862649717765
-4.786187410147966
-6.874405141189813
2.6552858948347136
-4.467078699364622
-2.5373255071674103
-5.613243886578589
-0.6258764229884103
-4.757751024035249
-3.8776118097030503
0.42303578234087535
-6.963293183764328
-2.6104386404582787
-2.602842293426197
-2.6197691081996473
-7.634438108425318
-3.2927672384951316
-3.1513381410929275
2.073749547052168
-4.108304210922643
0.6452716940178683
4.119251360266356
-3.5505627991748927
6.625014031996972
-0.10300669080516651
2.1034456656592124
5.27577499905495
-5.874401573095732
3.545742621965292
-5.397077880452158
-0.04228644729819774
-1.2154774604177672
0.035548624166612766
-8.882796403096346
8.155954894173835
1.5372624936965495
-6.321144346317796
-3.6541565016952906
-1.276599081690216
2.4666459775341654
-4.487077825198334
-6.994415458983341
-2.4428044133797306
-7.8901451850176105
-0.3890004623880318
-4.645291149538137
-0.3777073508494744
-3.715104351301915
-3.0284884546144397
-6.734034243267199
-4.191936055056533
-6.390687569911551
-2.3729742103755287
-1.525861614629342
-6.74699839068386
0.16752338167548989
-2.374414281267549
-3.3319118550419065
7.301075682619563
-1.649362681626421
-2.491694625263452
1.5487384763847707
0.5227241063442472
-5.383201443461651
6.742432815672102
0.3901560505243106
-1.1347069585626866
-2.126517312125399
-5.159257378708956
0.8363929578976655
2.667575147431745
0.19900952560743282
0.8120310634001069
5.324305923068486
-5.016715035014948
-3.164494074285682
-1.7941473109364638
-0.9202614273123977
7.603457831946173
-0.5110546289541162
-2.781081082164426
1.7702894133444371
5.409493861846673
0.9749472980531971
-2.4843570316562484
-2.0390316842248284
-5.040021217516027
0.7335644987806916
0.1564033978967924
10.371358502335676
-7.410029771876596
2.4259175056029547
-4.402096883292667
-3.1378608547840625
-3.396624208430576
6.770103732332115
5.315569969084238
-7.959636991822687
-4.456323994731751
-2.439393278545003
0.7682403939763
-7.039494006746212
-5.76166228980964
-0.5987075628345622
-0.46675058358753607
12.45153690989501
4.414567056701556
1.5319177441836058
-4.87904790009206
1.9457977083839324
-2.9439794512628494
0.6631695758527948
-5.355467220984073
3.4721175448406383
-3.503329398426047
12.933602714766767
-10.159920473605913
-4.553798235471958
5.388030695066154
-2.174635819852092
4.8132355384921865
-3.9277138095908044
6.37981075786913
0.8404762688281308
-5.40675668898462
-4.685305781195035
0.9479202687800207
-3.0574519739054162
5.0468653687836404
4.430746861269127
-3.465770727425206
-8.593299402780138
3.219765868454242
0.15830586114169745
-4.642375077586045
-0.4649487255185866
0.40407156293799473
-10.120397174574121
-0.6482447871020659
3.684417363901159
0.08525644136118625
1.6708494050701002
-2.8293428578268247
-2.0161458600972395
-11.052087461482333
-0.26301688699276987
0.4313709576495023
0.32266605779229457
2.217478512100651
-0.8872986341472138
-2.577833332696525
0.7089970541700052
1.9270611776891766
-9.167227783827181
-8.09340970637603
-2.037609623863713
-0.07836586984834028
-2.947575031697483
-0.627060293792269
-7.950896834602706
4.907479038113014
-4.7316488952451135
8.265894983526536
-3.986410176495438
0.02863994505883655
-6.085079660218523
6.288333489748506
-0.5004251731532428
-3.3194820479202534
2.3942931140259605
4.058418231872414
-0.7677555138946331
-5.830229441100835
-3.4672964439219767
-4.451855491876217
-4.411524513584922
-0.093883427210169
7.048507229520065
-2.253309544900745
-5.328884941371908
0.42712328083423745
-6.885899838138134
5.749938745459424
-0.7615191724079403
0.7964220894238297
-4.9813813865895575
-4.743467145399231
0.13752012055824386
-4.832005098131037
8.960229351449755
-4.596251392320057
2.9413718843265246
5.214006932488262
1.1574050517895378
-9.087908948947831
-9.516632735883201
-0.719344929780636
-3.743453640216688
7.733913837465927
3.202468437761464
-2.753881768616548
-2.620413052127206
4.390700307442684
-2.1901734597081246
-3.643259467093581
-6.948505980147266
-3.9692137037688124
5.54437529502832
-0.09834759329692194
0.47877356151272826
-3.1363240620116404
-1.3247464807117382
-4.099570276522558
-4.062274139390324
-2.885574951142637
-0.638222290045788
0.3067067340324959
-4.764142435773343
-3.992164373517472
-3.4971920504063108
