-0.010425355605776909
5.06701418674611
2.0505960449421203
-4.655867377284433
-3.846078199864868
-2.0695944550738785
-1.2771629069333306
-2.3643804534058006
-1.392255723092167
3.9738623262512847
0.3848747609327537
0.8736685706358523
-6.668978587436654
-0.20528549487021933
-0.4386362491305432
0.2692864448475325
-3.0974659385965717
-3.5962391840093937
3.2152678124383325
3.2305057755726616
0.03569444340007397
-3.0371067588355505
4.381963690535269
-3.6109408688458435
0.8008893807955143
-2.879337938981416
-1.2083823493341048
-4.693586593924323
-3.381027491785426
1.6831213150067241
6.257544678336557
-2.419714700602707
-1.4821254540910493
1.3323354632457114
-4.190020814435849
-4.502323930202078
2.746916922070942
-4.542973436228842
2.487277281243198
-1.6396231564848511
1.5305771160821706
-8.108997727361041
-0.2784934094612511
4.71079196930002
2.170822888750891
4.488874506754107
-6.321566657871537
-5.6291495741894195
-3.750214415061638
-6.1786942630250135
1.946948633496037
3.0373843562571587
-4.192973116794898
-1.4364325410785306
-4.794398448911068
-7.842363925041876
2.4652041457505756
5.431707486557483
-2.7885050406836993
2.0196523010133904
1.2524468116661847
7.412032068698946
-0.5575829863319035
1.9367265022034772
1.1724155949030897
0.5490766171704532
-5.922177752975087
-4.825815753375738
-2.5664190733897954
-7.425540166542867
3.426442371674159
-5.412281983402799
0.10825945370136386
-4.320222647487462
5.279119798829787
-1.4707058606108356
0.936978471748022
-2.6587913928797042
0.33476688883319927
6.96481551035616
3.8489438190852807
-5.712251374960186
5.636045211215223
-4.080053916921527
3.2802832913208753
-4.205015835383029
1.2420147920361784
-6.1947026509457155
-6.945520955237331
7.007358413608397
-2.987493177182409
-1.7621379804858786
8.483577891632851
-4.0963743749285415
-4.68740251478184
-1.40963691017079
-1.917378683238748
4.7551647345029675
-1.6279210213320154
-2.008692469960889
-1.1486799855297265
5.360432300325784
0.641055606578831
-2.313102609562616
-2.802420080590994
-1.4811023333586861
1.9611789708905838
-3.98105003567675
-0.8174758610165629
-5.090864330934398
1.268884709134549
-8.449013579118224
4.756837608685868
-4.11733997466164
-7.737669024895394
3.3600434342629035
5.842642849068851
-0.7471087907743111
-0.9666656551889407
-3.01773869878686
0.8767154076473532
-1.5124522354102627
-1.8959389373482654
-3.8569972399821375
-6.9607051876113735
3.9474909915655965
-3.505832502128863
4.052035151488169
-4.026738734556821
-0.5514846153021088
5.4700263229005035
-4.026903240432163
-1.909512071433084
-5.378880453922238
-2.9180264360540473
-1.7828662219939242
4.875703978525119
-6.8289275977072315
-1.7424939784018258
-7.8764477138004905
2.1661373663090813
-3.6462490417680926
-5.386085713336406
-1.2348764641431702
-6.479750088399589
-3.168716719131179
-6.162139650439632
5.049111527399871
-4.26104512768483
-1.2687535506904628
-4.387600094141243
-1.4548487156130938
-2.1845915043514847
-3.011555020291803
-6.0469521998969435
-3.0926335935317364
2.4893374000404256
-4.90197311336904
2.9864159093525484
3.180110575291654
-3.114030427031297
-4.772986148286181
-3.3092747159674656
-9.1899341329726
-3.5751720150824964
-7.247908689933078
-1.6917508473681724
-3.178277360125881
-2.9779211343090517
-2.606213593710253
-0.1519323608779582
-0.4595120619828929
-1.8964420395916406
-3.9149745684493094
-4.584060075342129
2.715120689257831
-5.509622296980095
-0.4349712214500699
5.350194624086999
-0.31756975279021904
-3.9808131941689524
-0.478692752693717
-0.8499069470827196
-0.06237292471311402
0.6741223779270301
-1.4196443234164184
-2.642951382298041
1.2805702425352523
2.754190490941063
-0.7541033833400601
-4.327562716221666
-1.484037152871269
-0.6413319819708961
-0.5133890564955178
-5.0044680344381325
2.2621981172043615
-2.8245812691512664
-1.1786867098310247
-0.5867873134962686
0.22802292254711004
-3.899743285943226
-2.7076169734423736
-3.5478885707480567
0.07552867789925895
-2.421981705755558
-0.5096797739376261
-1.363880099817201
-1.875687426910029
-3.784651408661685
-0.4985758910350665
-5.309932085647094
-1.5624370685895357
-1.5330756699783008
-0.7449614893984191
-2.066043353562079
0.48078749730715536
-3.455993790352157
-3.3871777662880276
-0.5062774047794999
-0.6555459641575694
-1.4698751010140236
-3.597482037784391
-1.3731667606325368
-0.3553393109359097
-5.214515586057833
-0.33969134226347497
-0.555175928363128
-2.063126118389208
-2.2715026669373337
0.5756472650790503
-1.8134527818684756
-0.811259401729138
3.1369891458028225
0.38323061845020495
-2.8127172533229756
-0.598717580562052
0.6455061871044521
3.621033649345587
-3.2523615914415522
-2.2500490319032083
5.730107376184491
-2.5930189591531674
3.829625821332377
-0.8643408160795996
5.596688443904048
-2.0116256977661298
-2.800156000913062
0.2747359402167065
-2.560635570051364
-2.8556061975023606
0.37990217029347473
0.010218044046657332
-1.6489490793466217
-4.6493795370385635
-3.755067636710878
-2.156021741145484
-2.2086126590806647
-0.4216915394164259
2.0104590702015925
-1.2703688290321027
-0.36211993204002496
-0.2843061175569732
-2.0070747349783553
0.04814602086920753
0.5291510714418545
-0.8723547527334221
6.20544053887268
-0.30572775541504293
-1.1672267847914455
-2.673967404913827
-4.811389107246077
-2.5327926640863088
-0.6060682920715966
-0.7077489125032698
-3.1528933850004313
-2.107375289678831
0.39547298117586716
-0.8243462012033129
-4.587171051982563
0.21847591353490708
-2.0855450506870827
-2.8673016711329242
-4.85872454627596
1.3913833775814632
-1.5517794001198533
2.639071651879785
6.604544832020903
-1.736212522968432
4.4413067598211935
-1.1091601311948094
1.4694469085928337
1.6984623873995257
-3.03962289639958
1.16027663146676
1.26999527089403
-1.2874259789896116
-0.201480565010333
2.3924497720035287
-0.4886829784343937
-0.6787499938438522
-3.0716279091602288
-4.0907897278714245
-0.5336227559189772
-3.016907208213587
-2.9945151388431115
0.08908262655541291
0.7080654297920803
-2.1274187330334353
-0.21627708322567196
-0.7894096106129442
-2.383303525300775
-0.8345821439057994
2.7799164432966363
-0.9343574055492122
-3.8965149058815576
-2.900784842737841
-0.7132310075567098
-0.7673657960302052
4.708626022048598
-2.083672731960279
2.3733562277994245
-0.05037504339280448
-2.3801548921045215
-2.064401262422283
3.9196253341918594
-1.834539028491153
-0.22331861365332262
-1.1923363720363134
-2.2812331525711302
-4.111903657266178
-5.584240401681807
-0.2424925258512388
0.2813716134930627
-3.829821599127016
-8.567451973781841
-3.4456242511285087
-4.305690709463035
-6.097443178012293
-3.7397035783213735
-3.914659994928889
-3.1890493610995834
-1.6799998014367383
-1.298909377383272
-2.7094455237006314
4.1394062502635185
0.5655846502109693
-0.9590271350624084
-4.5802311483930715
2.037080823779853
-6.689628585941842
-4.939893621776345
-0.5278023812701561
3.8160135525604026
3.103816486786443
-1.1268866119392695
4.493665638447787
-0.07363460209927633
5.74043430502588
1.3077937516628755
-1.299980068090823
-3.1505129048266935
-0.3648489103571091
-1.4646896081288356
4.436856264457969
0.5585138791075649
-2.2109191501603114
-1.3336268165410008
2.970197782097849
-4.014078570533077
-0.46810312407211774
-6.963151568393471
0.7875135375589738
-0.6721838643473377
-3.3603406456535136
0.8446872403742562
3.4873367605897267
-6.947000431563424
0.6047117430726412
-5.361855996380963
-4.764887261315788
-1.584556674005007
-2.1943693356118885
-2.0782300014159207
3.539813639225762
0.2539019703956767
-10.30939602388444
1.1188685663157132
1.766707499946823
-2.1123380017606266
4.244668367296935
2.7393338624991603
-3.054825494349178
5.849530184092387
-1.0530114386161464
-2.783980402302443
-5.847445942958556
-8.203386121775413
1.7989888993581644
-2.6991552735404523
2.274953450807532
-1.8248345036046314
-1.1466498686258702
3.3310716578551283
-3.0217037211907387
0.6247156559205084
-1.8963894331908357
0.14553968741982773
3.97644110340066
-0.7825779288914744
3.6295682005811707
-0.11911307596129843
3.793024622721794
-3.8095616608556835
-2.8775727411178065
-1.4257644017914528
-8.71279569898719
-3.6536860755052443
2.3559418670920476
0.2481342745475522
-2.4747177950677055
5.133223044606139
-2.6619003588458447
-1.689412905923635
-2.733968912003173
4.12923948187034
-1.7545103986785295
0.39441356012008705
-3.7281245657710547
5.442071628512482
1.9205806869256128
-5.529741790393179
-1.6447124377538944
-6.6987603784530165
1.9614408931619975
1.306204192645053
-1.3125899492676172
-0.4819124896059463
-2.9642434050428657
0.19945660643320046
2.083275811787457
-6.148631041287841
-3.9548749860870616
-4.460993232122903
-5.56685803471986
-0.3436308758458308
-0.3797867256470529
-5.94728716783618
3.340025708184925
-3.7355316092702298
9.852359801474748
0.45539856149007485
2.4375981889430047
0.8584347756354216
0.9833531293228586
0.4610748021192931
0.029037878223526145
2.5817173339370987
-8.547159761415793
-5.9245644974218346
2.6554119922489763
-2.0302104838371213
0.8562232921551464
-2.8090470418245093
-2.4232248548557984
1.0227114753652917
1.8349536390100782
-0.5061500792190202
4.34783683788049
-2.087774200809288
-6.80830439006464
2.4934408868063787
-1.4956103550469508
-4.554148268041143
2.2714023497259435
4.151558473979808
-5.52432683065053
0.8903623930936017
-1.0865636585670753
-0.6081559178986244
2.6689705418353022
3.9456156328595173
-0.6100476100911847
-6.122091360450158
-5.7108382455919875
-0.7352872504613056
-0.8883249161714367
0.9107046878348051
-5.8524207188310715
-4.047362364307286
-2.5825444604510013
5.286819304570666
3.6875761668477085
3.9534765244336674
-1.8339044544064584
-3.0853242759443518
-6.780370836699217
2.7693240544002733
-3.538037932752024
1.5400129754734737
-4.767172365456772
-3.8091991907424787
-2.2779372078458513
-1.39999399249384
-3.0129324256916212
-0.9406063892736598
-2.9451719936720258
-2.722990161320887
-0.9344953050123526
-1.3208799636696291
-3.000936516837217
1.8972933624525656
6.251866462414259
1.3151934272283667
-4.9179073675285006
-1.3112441197519376
-1.6479300159559505
-0.5254928909417734
-1.2805835662680638
-1.328333402678944
5.065047168912618
1.7858496140041897
0.39036314378466125
-8.010802183231942
-1.0805142518018165
-1.194070192421186
-2.7870994024893787
-3.4824801354342747
-3.780266602677486
0.479302455779616
4.533774027336789
0.3992407241657812
-1.9212867485504175
3.3002113235893873
-1.627227857786466
0.24202330418057347
-0.4176566138086092
4.938067892932451
-5.560381181039091
-5.053029901733563
5.053806008982878
8.010140761708769
-1.578771046628251
-2.7273129721297225
2.4356886949735976
-4.933591087196614
-3.4306963653090854
0.45845153590178744
-5.785900474977173
1.4449463054321403
-3.4400711568117144
1.0659147305767371
-8.901710956090449
3.504125282056331
2.986287336667339
3.129278531689198
4.690220205758796
-8.808379775744227
-5.54436436239847
-4.726745600337073
-5.65297333701794
0.6210202409157262
4.175091810345252
-6.911235089795933
-4.405381860782709
-4.932225934092833
-7.299163869808393
2.1273588931738994
4.736926700175212
-4.057293808967734
4.240569887725717
-0.48012719706178203
5.858219043495573
-2.3430892150618137
2.8327067168771296
0.8216667051922051
0.34767081714234443
-6.130882156867779
-4.95500949566313
-2.970077567875921
-7.457073437913808
2.222564003912207
-6.406121588999231
-0.5519600062900638
-4.684071685937567
4.084634022592122
-2.1069882930189636
0.12215888613261519
-3.061282836495641
0.25516886416420786
5.77175925473097
2.285258252523789
-8.55737394651855
7.8879592475592695
-3.4125826114224025
-0.3042368544661646
-5.487249093573662
3.0906641350882706
-2.651724780278457
-8.360601867021376
6.908257463616691
-5.393350975373794
-1.2559905269575078
10.630436101083752
-5.319606803443201
-5.224123706837584
-2.8117255471019154
-2.556721345024468
3.8451834887517604
-4.9456195517305215
-2.5243632630915522
-0.46512420541037924
5.3918400898680865
0.8413780110935052
-7.442730942071638
-1.1032078755493917
-1.2378268382274915
-5.30592323111726
-4.311179689431844
2.8571926072865
-4.53806847023607
6.275004034246152
-8.641351690547118
6.242302401634859
-4.637438206421257
-8.128848944355415
4.8308295109672335
5.7323117054434505
2.997986970162272
-6.288837444730167
-0.5474362060727052
0.9509517309382253
-3.6761106023765535
2.4648116338984116
-7.967991100532076
-5.2514997467442175
-0.9336623500590296
-4.318386121185792
6.717835557669031
-4.025632058444005
-0.5514587842078424
5.475532448839663
-4.0273562283591
-1.9102114487830113
-5.379049359134861
-2.91205394453464
-1.7769726288186218
4.878523830314719
-6.825431110475108
-1.736610793051772
-7.875401722810318
2.1699134671611637
-3.647102438960495
-5.385593902393599
-1.2320324360315107
-6.561895143353297
-3.169366115368217
-6.186265735811263
4.550693795056303
-4.340600920424161
-1.3278374411773752
-4.403278048981363
-1.6664462882544289
-2.485695166482397
-3.448310501469497
-6.050975320984796
-3.367298379662663
1.9949954791269837
-4.965532499472461
2.808014443295366
2.7015095699123846
-3.9609532538918484
-6.652066629747767
-4.598993265832066
-9.97710920379377
-4.8167981726305555
-7.145728420741651
-2.127873010701773
-3.9965599086318924
-2.974103050666049
-3.1041141913960666
-1.3495790348187748
2.580050767081257
-2.369064250916791
-2.435830516434105
-0.6410733622851956
-5.065301373878964
-5.708882039748262
1.4934491413239372
4.096626001360883
-4.539249967538295
1.150031104628373
2.347480801124633
4.9789248117702805
0.25637664065136073
-5.214904995536524
-1.5005795107297857
0.2483006932963334
1.8747369643264342
3.734033293388625
-4.58860341339338
0.5169457147278355
7.919117096833844
-7.218618877870278
-3.917886691893439
-7.774734451393681
3.2346504032925436
0.4200204904363417
-2.8681804932343855
2.255908313118895
-0.5565937571551994
-2.90754401323265
6.314685658427271
-3.525098259873833
-4.409215814637162
-4.112032880052804
-6.850120652731908
0.20976213997298568
7.444441013330327
0.6541706735981023
-1.0088787911315973
6.0257680815594705
2.4087607613978985
1.6257471832388375
3.875053469533418
-4.87928742618938
-3.068127025494215
-1.6978324754256666
-0.1244732658865668
4.686722689393656
3.946972160186176
-5.168889880086506
-7.194869649588384
0.3796682337784245
3.483117676926546
0.4896032965748962
-4.2864376424377255
-4.8426778173943665
-0.4245322564186067
3.6492260985512552
2.780692923833617
3.1106369444520525
0.4467705391391472
-2.8683750608740493
-3.272926448838045
-5.167670462414379
-6.7600902303786
-2.9997058009155357
-2.8847426587249445
-1.3889792254487179
-3.8370336919212926
-3.27518795817214
-4.977948462003116
-1.3158496372896737
-5.668112358527607
5.929684438569339
-2.661363273589443
-2.799462032236396
-1.3590148860368183
8.063688777383097
-1.5256963186782337
1.0708172088390067
3.9335808094148192
-5.021421974035012
-1.0974122150815795
3.1487095407891856
-11.305093891485843
2.1543556642173636
-3.950819131061068
1.1796644850612887
-1.947845307609073
-2.719806858795176
-4.796078242373861
-3.6239978284803027
-0.11396292751938637
-7.855723059477252
9.45359890975148
-5.056869952483391
-3.226526037808267
5.840775644198
-2.4006065397187193
-1.939336862037124
-4.550558644432647
-2.1610354027849508
-1.5728157736589443
1.8469780173187544
3.3761266147872364
3.061607575304424
-7.232552721719676
-4.000074140989659
0.09112481876433445
-5.661297102612212
-10.352718245757016
-0.8538136032509631
-4.2150303340268955
1.8382491388142388
-5.328145938284548
0.8960052225007734
0.6391298289199276
2.4485098913934698
7.997838677775554
-4.810228356316671
6.688576889707549
-4.143194958029824
-5.827442733718782
4.364353735559353
-2.321555582827041
3.817795240519058
-5.985196441922027
-0.6292405336874837
-5.89272073443673
-0.3984835492926984
-2.7161826074024344
1.92013900036838
4.340365291795236
0.17121349223306861
-4.428300795551061
-4.148156751356236
-3.484559868372601
4.776279185423346
-5.8979267534534126
-2.243929635904308
2.118553308133886
-5.935038031595233
-6.75215005312761
4.4273095380415235
-3.013118203331352
-2.6023004394574687
-2.7585629061472186
0.3944559620261717
0.12421288843173751
-1.2329839879192301
-8.20404446372661
-0.8811209554260089
-8.87499363059019
-5.176642413367292
-3.7064164027943365
-3.5506617894975387
0.12214553579715584
6.365084302131216
-2.178114306251046
-3.5615499059651534
-5.070002003027677
-5.597751927153049
-7.124627368409895
-3.6507760554914266
1.0991630920664148
-2.4950857756218623
-5.324350390268295
-3.3737063455365885
-2.2769439535229674
-5.048527460467759
0.13866855606541134
-7.216604039712131
-2.261515194773431
7.51895815415476
9.721928089768038
-1.6024019367796312
2.487510988085158
0.7367316460177235
-7.93165956349944
-0.2769127265103214
-6.178621969946563
-3.8997345911785306
-5.973920875304008
-0.21494795243625603
-1.0472449426854642
-0.863181299213372
3.806856022725031
4.038363692505114
-1.5591489497447646
5.987815350007713
1.9657995604704168
1.2298763169389106
4.835816106147227
-3.083318507638929
-1.3085229679222181
-0.6751824347575818
5.377672739778044
-1.0022722075131187
-4.164911984600042
-11.192297766625055
0.36675298840357157
-6.412350207854262
1.6080883388821527
4.865111770296679
0.2919480568458447
-1.698210010941693
4.640211879017179
-3.725284168327477
-6.580676976259243
5.85275069352923
8.999645592696742
-1.306145186778672
-0.26815130200101617
-6.06371985758118
12.411057926455772
1.4002817362134738
0.5819535623440891
-4.582951536726343
-5.770972567197563
-3.3091205376561312
2.30831344411531
9.08551251300058
-7.759788274609648
5.201352684180683
-12.230734614703023
-1.3436321428978282
0.3735244361727212
-1.9769865402202906
5.286654052536188
-3.417195884540193
-4.605532269629143
8.654735104305372
-0.9474557921789682
-0.7327262066218775
1.0652384624204558
6.2756790252153145
10.511800292830223
-14.2284571515624
-1.9839948011474735
-7.2266784779729045
-0.47135651923143934
-3.971708442147734
-0.33565713303894307
0.8081284212159142
6.267315122220491
-1.090207631581897
-3.762235190404843
0.03727230902660424
-1.4398074966108085
-4.901395354532378
3.295883050231024
6.863465269945423
7.266722223614378
13.015834509187888
-12.778216374627528
-6.158377522867378
5.529435824491126
-6.0584348633685785
-7.94491421356968
-2.56613215491559
2.456237551523339
-6.203582821703187
-7.31697923402795
2.415924865137649
-1.131820773737205
0.8116574909151899
-1.915188937197289
-2.535185091410984
-5.365332013210013
2.734151339901174
-7.187411188421229
-3.6187611696905364
8.253860521533918
-2.5815429964883463
-6.766131088212743
-7.90256572482773
2.3132271405699276
-2.1012742362471464
8.71109969066448
1.7279144109674756
-0.47570451016287396
-3.1530293767969457
-0.5296530626215288
-1.0205258090527223
2.712742114571767
-14.599735961727141
0.887400193825613
8.864145073132436
-1.491299901880477
2.378695590038444
1.3645211503784471
6.624349229081372
-8.849766987538484
-2.574005868580044
-5.9743724022398865
-5.808535275350052
0.3523492024563693
-7.55648454460087
-0.7988848867511485
-7.761014593205041
-2.530686456623335
12.438026515997832
-3.786814575907813
-4.5986548347733835
6.987274953538351
0.8375739798154812
8.192479443663016
-8.81660055460027
3.4240429315662637
-8.020157616106843
-10.265877925764242
7.475229510550863
-0.6272938415263112
-1.0167236190814393
-0.6845780000648872
-5.342557899042658
-10.369619875752923
-8.870557102342158
0.8372536870625612
-6.170059287252192
7.652354983638082
2.650856270991076
-0.02435232822654312
-6.5534972115928065
7.620170164317297
-0.7195697666594426
-10.766059601760173
3.9508713478745094
1.335609768044305
-3.4721100435595815
-1.5767254642804367
-4.0499215195718135
-5.420140899667742
-1.954857321650711
-5.598576525236306
-2.748353059160872
-2.840230828428673
-6.4691574510959
-2.5886916462153096
