-0.35444107715413636
0.10983546171912406
1.1394772379041278
1.7300273974475076
0.4333438458369614
-2.151262264860548
1.4860028527773537
-0.5828475125777565
-0.42817250757382574
0.394112100546313
-2.121173482472186
-1.3882487250438118
-0.7735687533455936
0.4958805217508132
-1.1995191385124588
-0.17114016325360903
-0.5514519604943706
-2.4830870356161356
1.1348933459902244
0.6712331240047464
-0.8197245837047367
-1.9128854348511168
-0.1195098315730814
3.2277608426914757
-2.0404210984438103
2.299029813394964
-3.214974582272721
1.0529274910001372
-0.6609056234002542
-1.5732046566225415
-0.9554857618694758
0.5986482519816916
-1.3951920733941843
4.0561963346358265
1.1221024652285614
-1.3885376471361819
1.0215986799408443
-1.1147170317656314
-0.03593822157330134
-3.5351988333111555
-0.2130790128404107
0.14928903344807903
-2.0917083494339193
1.225392775156358
-0.0396013266245077
-1.1913910691860312
0.15396161132764005
4.16587815072434
-0.2493346501816852
-2.983948483862387
1.9463141607874086
-1.791778617142934
-0.08773963642646578
-1.7905276060398754
-2.1051570898850853
-1.470448510543079
-0.37699886529863025
1.2717613901890448
1.5646792674442138
-1.4914342575209651
0.6471782313818595
-2.730760895961699
2.8768250560601007
-1.2585204793198683
-0.7950661083181108
1.4565805924415256
-0.188165599313557
-2.8471936444280828
-1.29966669219925
-0.6562922790817118
-4.182122972239436
1.9401022539125987
0.408410049221864
-2.541084683795692
0.3881581247943757
1.461351125656363
-0.4868692556827534
1.9302210936310502
0.6381313414736126
-0.8447059499771173
0.6328231739387641
-2.3837077621854945
0.3130157887904695
1.3030365082925013
-2.1681623792985545
0.2869924820260556
1.7154860288317964
0.6078675766310249
1.159732266571428
-3.436328072982669
1.0431621510666973
-4.379931107424714
-0.17231658416127485
-0.35051164038869703
-3.2578608982808075
-1.2038121885405402
-2.7982673490858856
-1.477083717679334
0.17047510284994247
1.144336628465464
-1.8873835984080811
-1.1990142060673454
0.5498468197141919
-1.8442403366474898
0.706386205866217
-0.308089135425477
-0.7626198925087191
-0.11925394498119271
-0.940529441376143
-0.7133167431643439
0.9406535631977293
0.21430531508415485
-4.36045024176318
1.554915154989668
-0.5777441733698161
2.701440117937324
-1.367390111194872
1.1277121311317364
-0.0835608866503314
0.6838163205976009
0.5196779724704367
-0.14258888133346181
-0.03876455529927892
1.1820155488681905
-2.499373241020103
0.0649448194299255
-1.849688299970992
-1.8112996501316385
-0.07773237791139831
-1.4759861526861269
0.8633130924622229
-1.3071868707606038
-0.6040122745999044
-1.2771684172588182
1.2670466463263363
-1.307502889403485
-1.2460257522727662
0.4476279008366934
0.4875426687277471
2.726718808708366
-4.3852310174400975
0.9906405966373637
-0.010279370497765429
-1.486835775302004
-0.7917848109372022
0.7029112686455856
0.7700591491221729
0.42802322582309266
0.6594071048265988
-0.008272609032588021
-1.087311060954727
-0.7891298469428525
-3.9998866300921803
-0.804854821945225
-0.14140492692516068
-0.6695612459223254
-0.8991084602047561
0.46784709983305484
-1.4938810162408729
-0.08844960706578638
-2.2191365347432876
0.5924181652270771
-0.229395034013945
0.5465979244646563
-1.888648934764182
0.27972838470885364
-0.6906902377376866
-1.773687939755545
-0.1136205061811813
-0.16787475254510853
-3.0832429563190047
0.8353530099135636
-1.3682546747129198
-1.5923989105364367
-0.5684829229030298
-0.6040681505583506
-2.36428014617341
0.3178253749461114
0.13221257063408506
-1.1777420280338826
-0.4589696811971091
-2.171294891755467
1.9005979723779824
-2.248744358066846
-1.0489395174280327
1.3388225923795225
-2.2778090594304334
1.3552999619134407
-0.5193608047585885
2.04135055263122
-0.5882401432027821
-3.381289905056985
0.28033553391472843
1.665393884847616
0.45430085940066606
-2.201068942304057
-0.36012312408020086
-2.812159352212052
0.11167116025258411
1.4009487171988195
-2.3667040243289725
-1.2484506332186684
2.454748376829182
1.3846564141222792
-0.4029058078124886
-0.9883774195462864
-0.23572896156817502
-2.7137267488713634
-2.99839183087075
1.2096924478816506
-0.7017313246974342
1.0377586841922533
-1.822139335557039
-0.9355190111973388
-2.397711450189526
0.08841348569517993
1.8138614952803687
1.5896116649381122
-0.9136223825350076
1.6497015589305843
-0.19113985199179148
-0.9149187180336146
-2.8535646122047456
0.8366935658648071
-2.46570656112381
-0.881413152247487
-0.4503268281397293
-1.9993041989720863
0.8501475376436035
-0.6394281555647247
3.173188922178354
-1.108333848716042
3.003782752108944
-2.5491519759205334
0.4822258497572936
-2.706309867755288
0.48458309390186355
1.226169202639132
1.7069449861147705
-0.0953485245970671
-1.2973971854143733
-2.0505525820375783
-4.149090105710491
-0.362414747640483
-2.3988602358194977
0.1676744890172166
1.512703610239526
0.15672547907125403
-0.6314215675963519
-1.5789334346587236
-0.6782017736989268
-1.3565095659305912
-2.6419412089907297
-3.363255886259322
-2.368712721960321
0.3167497353703809
1.337872465937213
2.307062708709878
-0.8024327797342279
-0.4976411469781799
1.0704771435052265
-0.010247181661004126
-1.5929132034190536
1.5476106621823509
0.6300160447177858
0.16168411955074533
-0.972873593543249
-1.722818832446598
-3.308429446453439
0.5713507118211819
1.870834392379605
-1.044006261044829
0.9433994215059746
-3.553445017033941
-0.2785850745284382
-1.6485642744122453
-0.4634602546450125
-1.063239085010694
-1.5647598086280803
0.3838441523407792
2.0197420160481245
1.3691892985682663
-1.9796417459891205
-2.5369264998174503
-0.1237017462074332
0.16614944285048056
-3.1978952337519067
-0.7839674044908777
0.13442154630316536
-1.1748632098389855
-1.2864212613711115
1.069635747439141
2.5585592206427035
1.1500857635855835
-0.45764020404037803
-2.4131408365885245
2.5380931254202297
1.782923072378622
-1.5585238520181608
1.8885073483472081
0.3358423842605109
-3.6941634045233664
-0.010026768499381639
0.27901798939321754
1.1075629244004754
-2.143139746475933
-1.8136307618678662
1.5850788035124759
-1.5793202914692825
1.1752772396839117
-2.964645404165985
-1.6029754372342204
-0.5714208047609396
-0.5480738599020225
-0.44885216062413263
-2.516709856960381
-0.8965783192572664
0.3843998993814475
2.4113509948545806
-0.2479100763315521
-1.377732853301321
-0.13052447460626487
1.353465146179318
-1.4629907828464248
4.255101021483493
1.0278688310068005
-2.3943903530573136
-0.7274124137725664
-2.218107561963779
-2.396932833695779
-1.4218651201955674
-0.381542464952018
-1.0662997081921044
-1.1806788825734091
0.8136642395323781
-0.21996380500749718
-0.2040533397690257
-2.3744847035795744
0.08966919698216014
-2.1145498242909477
3.4832592296870257
-3.318033626157939
-0.6938133723343627
-0.17459561365904502
-0.5453765711893415
3.3917929242806797
0.7876880805140015
-1.0776161807917979
1.7648875609158525
-3.2027070893143437
-1.2278003545446021
-0.40275100634564037
-2.7393815721348913
1.0577628025383126
0.6813271990437948
-1.1965665274643291
-2.281248415994374
-3.9299090769153744
1.7458912156544386
1.0873856923833265
2.947919359844753
-3.159233082085501
0.35138492899805046
-1.6297726237125925
0.45330744879005536
0.16900581900853853
0.6610733287621126
2.396411091891533
-1.2958386121563579
1.628357372279667
0.83526624065455
0.3992468713611839
2.0585826394244706
0.2873436094824837
-0.8731077858656084
-0.8769618014683817
3.445864161315801
-1.9027453684632958
0.33043612009567497
-0.164696873656696
-0.45825174533270907
-2.896350747323831
0.1640258349468675
0.701263628005877
-0.5333842307658684
-1.493409878189031
-2.7176441080131375
-2.2375288174009444
1.4035358618859515
3.0190061113278928
-0.6957133354598463
-2.094749786428158
-1.4842326461936672
-3.03550909961345
1.3319600292913523
-3.5580742560890144
1.1253729688931289
-0.32538098449419883
0.1313282564043811
-1.4484212902036762
-1.103428147644216
5.426080299878976
0.6978088202045715
-0.6790193092383303
-0.2900759873671048
1.9653951692362226
-1.595333856548495
-4.92963045762199
-0.9556301955228476
1.645337508605957
2.2203421768077436
-0.7040192389640776
-0.3843906448142449
0.5249642619812352
0.2972084784295615
1.0400137151325524
-1.3578482534309173
-0.45900933003575933
-2.336546983581839
3.626978125407948
-3.0583895520685656
-0.9757597060396881
-0.18602553472807315
0.9470905393398444
3.3725922618420805
3.1780483157587396
-1.2622124007939284
-1.600446485716357
1.4012979458756547
-2.2253632697345407
0.2983597299662237
-1.1983215801890608
-0.8604972645670524
-1.074869080026427
-2.829389937446038
1.1432841038474126
-4.192490202790068
2.6271857523151443
-2.140564551509586
2.2628684999954767
-2.653235156788181
-1.713274479650032
-0.07940254473140197
-1.4594175876934534
-2.8373938740827884
-2.9923902298974094
0.29075815942148775
-1.052152846987846
0.2398218042149591
-0.9259102567520963
0.868341325298562
1.482130000915042
-0.24657179267092993
1.3938440415672022
-0.7598992489741956
2.0495657912643366
-0.7211925968608798
0.23901355563628518
1.9439197943157842
-2.16844174349271
0.15285602043400626
3.656041071417548
2.095155653892746
-0.481265436723152
-0.757525944172788
-1.4879677135799714
-5.1482947173174365
-2.146149401684551
1.5223279680521538
-4.111886325757078
-0.5357016206330106
-2.216144597237194
-1.5960134681971572
-2.4759382992584813
-0.1462664338885393
0.4897350410377924
0.8355935047532455
2.746339787495048
0.37767906905783083
-0.9585822921819472
0.24063192757856514
-3.0152707527636182
0.8676645909030746
-1.7074544041843283
-1.1431295163416912
-0.6032419044597015
0.07616319240169336
-0.6392503982244097
-1.7960965276252945
-0.2924968923214948
-0.9864029753323981
-0.7107531855893409
0.5185833962657437
0.1262354816027551
0.8122022360362768
0.6457511186558216
-1.426562763497419
-0.3144001229725586
-0.46189806253010524
-0.35931863206180303
-1.527980171739569
-0.26397948249604736
-0.8251423385992991
-1.2477798251749923
-1.0336591983697239
-1.193101733766705
-1.3374517530210681
-0.35666741123809864
-1.6341378526349022
-1.7675469489398385
-0.23349901955261707
-0.9480607912380118
0.13410755621624273
-0.09207255211765786
-0.6343304823365382
-1.8689318740958314
-0.22400822862533062
0.4965792802477843
1.0033652999841944
-0.25096767890601257
1.2613764078932406
0.30264675138065134
0.3097068122303691
0.22878953760309848
-1.5323664463623288
-1.0659892531674162
-3.799759727854667
-2.4192450694628325
-1.1414018193668245
-1.042504722062392
-0.03827153139350828
3.305674733658125
-0.6058278679889953
-0.17771855368546652
0.51926761619679
1.7826985555559072
-0.9346897161685862
-1.9120343693035677
1.0606840899205672
-1.8103151260180814
0.05268474195980531
-2.1964626736428228
-1.2495071118176173
-0.09225622342109
-1.1182298746175332
-2.0938117608480367
-0.7827956770600546
-0.49848507705413553
-0.8633283866392557
-0.5940337615237039
-0.8170238283683742
-0.41420942018917584
-1.7577400086406674
0.3842702190812007
-1.2730509365708205
0.4926348022503783
-0.18746706182660353
-1.347742619898232
1.6394482645503778
2.601740054151741
0.002373510273543099
1.2055859207687962
1.7010750103914367
0.23005631947110547
-4.39068073259197
1.2791110151786451
0.9151416469228816
-3.411180385072975
1.295295019147758
-1.8088840880544406
0.5043096662305865
-2.7431449096659697
-2.4576240204493276
0.25998565667931534
-3.658914107613021
1.8754705978473714
-0.06099704732700074
-1.756405840614435
0.3059732030555695
0.11416853949061509
-3.037170246834447
-0.2530401035889543
0.3056420000448695
-0.5924570781766103
-1.7773579148152796
0.8525662100832926
0.7970329963738009
5.543333758427726
-1.0580475676394943
0.29729960907858527
-1.0388796824580284
-3.3611312062379195
-0.5621103486756502
0.9596226787836812
-0.3142443556272998
-2.1251134909128138
0.23427058946733847
0.32408084473485194
0.4202987930439311
-2.156298458173614
-3.451707414696072
3.3373463173968667
-1.3973781614811274
-1.4273485977080806
2.4186924462059034
-1.1355564103663236
1.741015838961813
-2.7466915892428783
1.4308296187927754
-1.7984570558132746
0.11888009083464825
-1.98441205985633
2.3331291504459477
1.9514081740121425
2.811688700072305
-3.224731683002942
1.71192086292803
-1.4303629643055416
-2.284191607592333
2.6781309267662916
-1.3468510965138318
1.222426298124471
-3.15371564845364
2.155738162741692
0.014903453434039449
0.49814737441255547
0.08275348423951198
-1.996199247613603
4.0035125013641215
-0.14332706916054846
0.5426537801383311
-0.8234252431441565
-2.6315587748068614
-2.0717272366485413
0.7216668028703134
-1.5698620150456482
0.15064833802940986
0.6813264674159238
1.3352927156720689
-1.297794131090064
-0.8010511818659497
1.076653706768247
-0.8966028379326744
-2.696968757552047
0.44144361730774717
1.3466642971817726
0.06714257774561203
0.3700325317833268
3.5054249247934797
-0.2860907378029119
3.0284360381734947
-3.356188584910329
-0.9879118464443327
-4.844966921918218
3.2683755595441433
0.5691795533020252
1.1801021377795808
0.21631300302951673
-1.0005869226982622
3.1113125493461564
2.270188582739949
-0.36655673077893725
-0.9442268806801956
-1.0159966287305406
-4.188859204365927
-0.1707530270030948
0.7149219300654852
-1.840677881713832
-2.569782090014813
-2.205705381183394
-3.7787220985143266
0.8354040650541008
-1.2253419701235437
0.07636446788897787
0.07347698545904978
-1.8297346021237346
-1.1922298424374054
-3.2102189007944513
-1.2724120999812454
-1.7228302403857247
3.7238046749893434
0.0609199812061483
-0.778522270764982
1.0644399639911717
0.47438531090409825
-1.9081416490619199
0.2973572245223404
-2.4541275293535785
-2.2255849500944254
-2.4977191806954977
-1.1379166177489433
-0.31366907088015505
-1.2586991645031915
0.28056457994838857
-0.504761878294419
-3.5638729423204345
-0.5155792624607134
0.2866729343019425
-0.155003912413239
0.5091420473571361
0.14109265971162782
2.0513756388769364
-0.24668228118395966
0.6030764034302953
-1.0462531905861074
1.8238198934204017
-0.7095259008804129
3.132123054061448
1.201484459105758
-2.094080401935123
-2.9113559708105776
-2.8162782616647544
-2.0539755414473273
0.43793146975871133
3.0548099791333705
0.6683058853883301
-0.6636872693607992
2.73762411294305
2.3969353131437834
2.8866190262068057
-1.7227962043957883
-3.552661488102674
0.8154416846810266
-2.0173073251089453
-0.5924013148496396
-0.9625224683332354
-0.36204599611928123
-2.190041544281362
-2.0597428204333137
-2.369309832342739
-1.2040838095495567
2.491001317545585
-0.6586674703413877
-3.7666757154516546
1.3536792376136952
-0.8258578081833082
-2.0949666471570443
2.1278587557651947
3.7910047919583323
0.47513956245077843
-0.6238856349382663
-0.48394351421296306
-2.8470305839286127
1.3080620684724469
-0.3308146298032297
-0.41159674872269936
-1.283745272932081
-2.846941813682783
-1.6927284686820814
0.4539738644239847
1.072844306609465
-0.13052696481998338
4.7519556370115135
1.3280660236129844
1.6641642899853244
-2.4744484667103066
-0.9820833075070475
1.790709818427093
-2.4970196773709072
-2.8865049232861395
1.837148716329109
-0.97705211193507
0.4248014987726881
-2.1807452655886115
-1.7777588139708036
-0.9239095797780381
1.7567361988642844
0.3026585557432246
-0.09721625519384625
-0.4214221775499945
-1.1244781188251758
-1.4171896419350383
-0.8128755719557506
-1.1297252201797443
-0.5167880021535579
0.33773939736035735
-0.9918604625290293
-0.6261423593669868
0.6514963888787284
-2.6588771605223527
-0.9533094953537566
-3.156710441844032
-1.6166407646268013
3.1027487384276524
-2.1545687914861067
-1.1727794244126608
-1.0552064975674256
-2.6461220395306557
-0.36590647329731124
-0.7861443540400443
0.2062717561617783
1.9441097128855862
3.687583113232623
-2.648865441196562
0.7227591036611095
-2.827173741798365
0.12668642784203918
-0.514448011219431
-1.2613687766931627
-0.5470259397622312
-1.5800537655133915
2.526480713245826
-2.3311397583161817
2.302112633566333
-0.2518570771902561
-1.3490849742489834
-0.1347339315721468
1.047823033760971
-0.8226164724809405
-0.6288236835964187
-2.3052915244960768
-2.689569603017416
-1.9837308003529
-1.2609327932467078
-1.7608642816954239
-0.9500958600339738
0.038123890796425516
-3.8531446435127723
1.3608505534613067
3.236881049707197
1.2789822852071915
-2.348474651366612
0.4896807592356374
-0.3379678955177239
-1.1813777066389914
-1.599190349613141
-1.4963363103820364
-2.6170914447441755
-0.797681322136205
-0.19306374238441099
-0.8871005766716885
0.9857879709078694
-0.10087975288086438
0.38759540902613804
0.7992133028676188
-1.2680940044552216
-0.9940716360808817
-0.9931484238094009
-0.3895312630226777
-1.6402885799265072
0.5420429966106044
-2.998886035492738
-1.968225812966211
0.09913124861286063
0.2415513469932064
-2.142400568351808
0.2502034509581515
-1.2935945774983733
-0.7937872796597762
-1.1350556949920811
