1.6166124334431875
-0.7873448762755414
-1.0707747671700705
-0.07939431308520878
-0.2701734016832301
3.12020381615456
-1.0968272858309616
-0.2670547765279617
-1.6563318149676765
-1.5765599118423088
0.7464014150840445
0.6499132286674258
-0.5967568152087593
1.9852782365280528
-1.5072207296602325
-2.3771210308793544
0.24773641782376413
-1.1027334533156203
-1.1969008565215427
-0.035360471997490824
-2.3125607344579184
2.473951627575124
-0.7103752793715887
-0.1677965567678238
-0.35250261477953093
-0.18208634100748966
-1.313829289242237
-1.2526852763703935
-1.1002135010137535
-0.9935010319582702
-1.1056307192689083
0.15360461103608464
-1.6343304080169003
-1.5002450967470546
0.47028260179936293
-1.173176804860983
-2.266417196727473
0.5535079510378905
-1.412624888751224
-1.0050482350171235
-1.5079364697895663
1.0530278120222185
-1.5481853853852796
-1.2086409068617883
-1.4528730837524642
0.7622122955502786
3.6920160561335087
0.7186665710894973
-0.03059311435650225
-1.3038502348730636
-1.9290190580029165
-0.6786759496648949
0.4864301673900021
-0.2049514360128828
0.665849368670944
0.14029343701774083
-0.03352795927522702
-2.5840130537233175
1.285198937263276
1.646764647464016
-0.5524211959133746
-1.710581272331821
1.2476695766399402
3.1535892767858065
-0.2116783828019056
0.5421192124267845
0.06324555020304891
-1.655181304908483
0.310399763190593
-2.0061765240922664
-0.012790446979561441
-0.7209427292346857
-1.3976028369461955
-1.119182807101689
-1.371277767809716
-0.9564462563312531
-2.635917294201888
-0.010010499692820429
-2.252197598452967
1.0238853580652225
-0.8968847198081288
-1.2903755253316278
-0.21089328542470484
2.2414653564876086
-2.418161199162655
1.7730039029206879
3.113272685744187
0.7247542748677586
-1.8816167369857162
0.665253369287891
-0.03897122232231124
1.8389641393466267
-0.7011890717201685
2.1171767838965247
1.5418112466480196
0.30594500198373364
-0.14051260694430398
-0.4488371341778044
-0.8093867506941449
0.18459925692216123
-0.7692343484278571
-0.9235692375027323
-0.14576460653283388
-0.7082334574928161
-0.3856707289863717
0.17655717108695448
-0.8357572162247149
0.06045076812835485
-0.5940756198346564
0.1933339122306818
-2.1821182058326083
-0.4681071376973632
-1.610562050078639
2.1572467563569275
0.6896443658522536
-2.683934281337429
-0.9275267537598149
-0.7715552268188041
1.4131916222644767
-0.31335661530226294
3.8981875456177915
-0.0563132259588781
1.896551338737338
-1.4096305092942982
-2.0881530228652063
0.16522631264343213
0.6048842070177025
-0.6321290530692285
-0.7897331939964205
-0.5516512571287262
-0.9545729197604063
-0.2375033997822707
0.9039858338753732
0.4560518652579894
-0.05657174369540966
0.4243089433483322
-1.4523082318516254
-1.4727534931781332
-0.5255783575176535
1.1597978621896277
0.7212629432683304
0.06848526497118047
-0.8014710954288334
1.3943787724190415
0.5048191682503997
0.020670761994522054
-0.03758113701032998
-1.3232350326228572
-0.05515080456056458
-1.6314297149811516
0.9468553732420741
-1.9864438918857636
-0.6820769329968877
-1.1470028681651538
-0.16857123450087783
0.6386230660582646
-0.49150636473658604
1.3263549716655474
-1.3249815024087603
-0.8262294486882376
-0.1976728397525642
-0.3790988864675922
-0.8388679335603909
-0.44215610415123197
0.08165059125422672
0.7962021241310805
1.155560511608362
1.5684852019335134
3.3233035694824555
0.018840870616214988
1.3896724216685523
-0.8856759444960189
0.806485782361328
-2.5841108304109977
0.663330995218749
-2.4155547365610244
-0.634533072144222
0.8792461041471695
-0.7173974532382312
-0.4689548584338859
-2.2144826307445173
-2.639707341386329
-0.9596766136388813
-1.0781935059811387
-0.1555728183317136
0.8249726360407239
-1.6286389005736803
-0.93271795512519
-0.5045969842882674
0.5329980316949284
0.519229551757113
1.3329045626502236
-0.9092936016448867
1.4459826735575527
-0.8347207127051224
0.39638371419274
0.6480374328174848
-0.8391562603066963
-0.6160215061765381
-1.457192077203983
-0.203495608793185
0.970954364167052
-3.553962572444928
0.044186596020260545
1.774801795545165
-0.4165109949247696
-1.3165809036608276
-1.1076449437492737
0.36174724291327676
-0.34373936891588974
-1.0027014569424595
-0.8837414347716938
-2.716482758001113
0.8960156220521787
-3.122713949521759
1.5359698456887771
-3.474769734894888
-1.2789439438628094
0.8192359980039527
-1.863843654126872
0.7656345981850131
0.14475165430629153
-1.6223014261530273
1.3175725204984001
-1.8144604868780798
-0.41813242639068127
2.18744532799308
0.17977516493686888
-0.06113204059123871
-0.19443146932625624
-1.2027096224465932
2.504688021259672
-3.184555950333234
-1.5203335139769787
0.534525174699428
-0.7369036049525044
1.4270093544400768
-0.007399469650483376
0.40965678499397173
-0.8379546460253982
1.736213716286693
-1.5020519827606675
-0.0347986108167142
-1.3548841432790626
2.3024374717904483
-1.6530738876173865
0.3116270715272124
0.4263502660901771
0.4991687098775517
-1.4876586627812582
-2.4633603224951877
0.4058064169795725
0.5597251776248355
0.5811330702737206
-0.19168351730803498
-0.6484422396362813
0.430246657424971
-0.0836294157119227
-0.5075645654113558
-1.1067432175278031
-1.0781215776765118
-1.4580635533156077
0.2544646026128635
-0.7572428394133315
0.6011391846753928
0.17570440954367925
1.591946817399786
-0.41055018260366005
-0.5377130111297366
1.040464868371755
-1.4934093427232593
-0.6129935989682154
-0.3094659821508661
-0.3957154608272181
1.6959621302797456
0.9922300638720316
-1.5557006938997282
-3.1684736961505284
-1.810477258348449
0.8841978641534783
-0.4296423550345796
-1.5801459852523898
1.17803458081423
2.25519292252737
-2.24967305378086
-1.7412153105319443
-0.529542864457885
-1.2811998888863922
1.681096038881046
0.10146708614307397
-2.0166310161917274
-1.117509496238103
0.11201828641117031
-2.4686936212893307
-0.6429426808988356
-1.8088503687105189
1.4423826046438728
-3.2159107169174543
-0.5096507790964188
0.1214068264242828
-0.994849261687534
0.9993609967319789
2.2422462762151807
-0.051631136414627916
1.9990257886338088
-0.9687258657046703
-0.960397550577104
-0.34902235198406895
2.4596812100834025
-0.07297916145910513
-0.4792893749941908
-0.7776179941636134
0.5445704219041619
1.2901920500412032
0.23790696283714335
-0.5356313691753054
0.7238111560239872
-1.9767178975904314
0.3733922707479053
-0.34936109680964655
-0.9713946981893611
1.1232325761925548
-0.12187199298817362
-1.1926489373820781
-1.841808853162091
-2.3040640771847745
0.24997905340687207
-1.0544540642442832
-0.6800993070767217
-1.5376750369055956
1.6867285491172328
-1.2243629372759324
-1.1725794774947154
-0.38511212221690655
-0.22841346663244103
3.3556819695372218
-1.2824972584241774
-0.4913961044831755
-1.6946891975119798
-2.086797391017352
0.9275942968513028
0.6862534668219008
-0.8497099579373837
2.318937945650418
-1.5695286028627309
-2.4251249109640227
0.581100148989513
-1.0319543034508136
-1.0151172367496082
0.2879886014943513
-2.404362324739651
3.3269344833604553
-1.1801419630075698
-0.10461444856716318
-0.2958501453355021
-0.6244549771783848
-1.9147055684859882
-1.457176971315574
-1.0803870561905369
-1.246019728220293
-1.400689459398147
-0.22535018103351254
-2.180702923963163
-2.0635188725728084
0.6857970498120425
-1.204826325552424
-2.424575254336859
0.7939350867685507
-1.9164493411421517
-1.385819299540115
-2.0523456776566795
1.0201593045304058
-1.411453869675342
-1.4824515375807545
-1.3511677908787474
1.0770897686121603
3.789214211654382
0.795719565499306
0.5400350479616721
-1.5166470182892755
-1.6651328420576592
-1.0047185826404825
-0.06973620181750524
-0.22617167939152855
0.5591373271319807
0.21362338377219747
-0.12624336863505137
-2.7395239772309323
1.6810003437383325
2.336822369442511
-0.8004244724483957
-1.8684109224201444
1.511285039893763
3.5462332503628953
0.19085279262780153
0.8789054723092566
0.31497364598237665
-1.8978951991271331
0.2633298855942626
-2.291329579260944
0.004082925052905964
-0.6888156591535016
-1.438122361912041
-0.9081942755859874
-1.4499676724401496
-0.9010630130443628
-2.7451552039935616
0.9002649408153951
-2.7999618817390193
1.159388319591445
-0.9083537016670722
-2.0793017147313897
-0.2728140450416077
2.792163351088455
-2.2293278342601086
1.757035621407207
3.4292653717605757
0.6216642358137211
-2.5826381505317357
0.6005106566119894
-0.14792282229440082
1.7594960333534646
-0.7121148556514332
2.45738920048824
1.726247025252149
0.10789843665566594
-0.6826319351336811
-0.41882277727963796
-1.5798805351390577
0.24391045771143027
-0.6116003602937392
-1.0753439000678602
0.013311201274306423
-0.3890710221592305
-0.5670664916973803
0.5716328515507534
-1.1856013425872973
0.23770724951896557
-0.5565007298737416
0.5629453436002306
-2.040919625987985
-0.5011585861023571
-2.1615185408248836
2.2024646289552567
0.6072470571054246
-3.2781936897580257
-0.9580382602789451
-1.001283573333491
1.4886097255532704
-0.1496791057150594
4.397162153000286
0.3523349190980543
2.4458521241687365
-1.4671410973696535
-2.6226868775258514
-0.3130281079758457
0.7636450485484798
-0.2873257700776301
-0.7564058200775867
-0.6187401283323594
-0.943063596083252
-0.31802525479246063
0.866506887278571
0.38473032278609104
-0.1541166632815596
0.4530536306098128
-1.373501741706145
-1.4714850314490096
-0.6079164929617062
1.1077853658702552
0.6362026193939608
0.0025140096235364787
-0.7947290933783757
1.4494773885904895
0.4325187114363853
-0.06467179069496756
-0.01958253658016093
-1.2827996717306323
-0.05602879784851691
-1.6321204335062904
0.8132071561791554
-1.9890592308611073
-0.7934600783008509
-1.2096540788636987
-0.2422937749786563
0.5193627822085776
-0.4507544100440654
1.1997503640248808
-1.305585057983868
-0.8221560077441745
-0.4633838183833316
-0.30993549826156336
-0.4055392661008951
-0.254461688896267
0.1779697062497135
1.1895267121491926
1.5773941721324793
1.4776442920943493
3.409377294214999
-0.13730363971376922
2.2871778302973023
-0.9348729438326231
0.944188209626529
-4.355452658197208
0.2203370542769965
-2.693292102567627
-0.5729581316049134
1.07194526512841
-0.9495902580560754
-0.6590916934372676
-2.4595143253641365
-3.3044990452445457
-1.0135961565617744
-1.1449186671445788
-0.37752267367022446
0.9727206214926264
-1.9677776999395216
-1.4661132209902399
-0.6783623327457495
0.8335220918342022
1.2032088866953645
2.366265413557245
-1.2719535249094203
1.693648246563032
-0.6215224632465547
0.3984501573505582
0.42299260672370875
-0.7948224189934634
-0.8885289526913115
-1.8222095071366913
0.2806316107660344
1.14828400366777
-3.750065773239944
0.16223330756071183
1.7530135394889632
-0.6272385336541747
-1.889753759650363
-1.3231996549005474
0.2251571368925161
-0.22726366795632436
-1.0373249175636843
-1.7116278783554537
-2.9686624127179697
1.418845239600996
-3.397053232579815
1.7911025999086765
-3.8438261750091094
-1.327511815206914
0.6111827230430674
-2.12151225978649
1.0744798066926013
0.06341692601090065
-2.1640973493183626
1.3322961359813221
-1.9199950033897049
-0.4864846699806118
2.4523397648358145
-0.11755894531635452
-0.26618953104897936
0.0010170342133410067
-1.2336489039411753
2.745635193250773
-3.4735244662276235
-1.7141116635387987
0.05878225223344957
-0.7887255923248201
1.1186818402282839
-0.09067499626152996
0.1345068604435247
-0.9145138479586489
1.9625609414601404
-1.6679832408910884
0.19880758609217414
-1.097571684240235
2.7977140663270625
-1.9553897688204895
0.6948493576331826
0.6384964229346933
0.827098866379746
-1.7315724459269874
-2.748433818004616
1.0737283643621938
0.9667957986322503
0.5015872271404224
-0.3420343881519682
-0.8497490962522478
0.6252913977844936
0.234908290174941
-0.5698737523034841
-1.566312835286511
-1.3316141251745746
-1.5364828839378466
0.09780199842587252
-1.171441468326394
1.0250350079113904
0.09521405167300999
1.9990048213359912
-0.5224547859705165
-0.8118938569514784
1.0615529115748021
-1.8502310758155
-1.0006306612087208
-0.03958734128001339
-0.04671571320646699
1.600221717510722
1.3884251947592507
-1.8640062932106811
-3.667107529857618
-2.5831444090611653
1.058821695335837
-0.13543654472232974
-2.079587160486678
1.0195431354102762
2.8114016417073646
-2.865177420351202
-2.279554996705819
-0.9733345386247597
-1.3450396252409584
1.8664032204354304
0.45114569055890036
-2.2699530167415456
-1.2384891722652347
-0.3150624870130276
-2.5940678835928197
-1.0134029250006824
-2.1314456827633426
2.0399219388387695
-4.1111378813916035
-0.1292660047360157
0.12514550783846615
-1.4188086289537956
0.8497514239757886
2.7628358729654825
0.17250306318570993
2.8585834701447634
-1.3700171525326486
-1.6004134626670667
-0.8662732327077567
2.9555981826173863
-0.16999522980621964
-0.8353614587628352
-1.1669542907455122
0.9810796328901372
1.8404578217974277
0.5530161229621146
-0.7447000848118972
1.4777399001009808
-2.6036388888340847
-0.10594239541753028
-0.37003705717557156
-1.2073250782025342
1.3242655760145547
-0.24225804620472047
-1.1911807014004034
-1.922091245188031
-2.2141651712432755
0.23168447348000182
-1.397378205095916
-0.9558078395666696
-2.005925419015528
1.6845869845892265
-1.2478836160583957
-1.1831073624327766
-0.3739809563392518
-0.4524621469884413
3.2196766634412444
-1.356257327261845
-0.5835684542940226
-1.7672423657670122
-2.0806069232436313
1.01933743739917
0.6212723013623861
-0.8811143257041163
2.1039814138257755
-1.5982584618511275
-2.4252648089153017
0.7343487362976328
-1.0447625530772624
-0.9720160541685677
0.3447204913136794
-2.3496902926864243
3.3211551274913167
-1.297268806852996
-0.024001950355698225
-0.09877845095292204
-0.6734141768061606
-2.1131930377181827
-1.5171494177032312
-0.9284811677383709
-1.3058742553250338
-1.481600789571981
-0.3871094824993005
-2.2662620227381467
-2.154362917467702
0.6240641795056795
-1.2264603299498409
-2.5959567721238392
0.8569106095159399
-1.9915290206935439
-1.4043370002378983
-1.874593608606635
0.9731244728356234
-1.2451480736751321
-1.6071794967220336
-1.367900713101395
0.9577606716114783
3.6988113580989057
0.8123411326563593
0.5284749833067472
-1.5301236739574136
-1.7013988021099287
-0.9953479715816754
-0.11052874769744377
-0.11620081383875565
0.7816561418233681
0.23108890462046844
-0.06533616373843418
-2.855914958788075
1.7531645136359044
2.4242289254907923
-0.8633558958941577
-1.8347199428967764
1.2658179272910857
3.566111301296314
0.18975005937827616
0.9906949491830199
0.4088994893495752
-1.943347426444148
0.22113725116578148
-2.202113218971613
0.023214384100390537
-0.48687094151244314
-1.5244592574646119
-0.789326523488372
-1.5460535335300178
-1.0574171890031163
-2.694074696853995
1.0898006644738918
-2.890658362641018
1.14968798603437
-0.9612030795078309
-2.177696719648926
-0.3342534285265121
2.8150324920795926
-2.1461203689462183
1.6852820018502022
3.5140649266710406
0.6211712906220994
-2.5722570739696953
0.6098571840616424
-0.09067504944425098
1.675508655172423
-0.8151851280839153
2.7297721013453216
1.687819768507285
0.05490232670693088
-0.9182935229359277
-0.47645827108642913
-1.6223276361182013
0.19754871410579009
-0.46295169810712505
-0.8928311028212618
0.020292736106393174
-0.4101304422759249
-0.5249119438426488
0.732352335257405
-1.2438295347610866
0.41354421314516204
-0.6040203830658369
0.5408348371591057
-1.998057301547435
-0.2905304900151382
-2.293810710586503
2.1782381267752133
0.6253500189882338
-3.3336512913019027
-1.0196521048009726
-1.1018674872504046
1.6682354797175563
-0.16010795499371422
4.39425441327936
0.4841305790990341
2.432829256519448
-1.3384504443778311
-2.7135047096921814
-0.5182722033677813
0.9336574210760032
-0.27196964648902816
-0.8016208815726135
-0.6703767855450782
-0.9722821571285652
-0.3754096416504022
0.8279495509131533
0.33910971203052864
-0.19390723017896774
0.44097371062487234
-1.4169564640559416
-1.4773165076892523
-0.6549097769964192
1.0744586575449186
0.5806862769111113
-0.039022362467749344
-0.8028542892408519
1.4079726041265292
0.4031129780907493
-0.11975157238246133
-0.02329766471879241
-1.3179802259044218
-0.08199652337384797
-1.6363811399225858
0.8084068472011212
-2.0186073601493377
-0.8222127745844271
-1.2428367110361662
-0.28969095373306963
0.5087483243183738
-0.4857235742115432
1.1978692236555615
-1.3194008452655785
-0.8359011112648596
-0.44070009492539913
-0.5233117534098871
-0.42743739124214913
-0.2287804522167693
0.08680089672464703
1.4167719130924215
1.6606676377294023
1.527524840971121
3.143194686297166
-0.07119262632877013
2.4147193561664846
-0.8333192818726158
0.9495802949048441
-4.610395226261882
0.2395732602142677
-2.6630082807618813
-0.5678310557700205
1.0416251202297422
-1.0883028027045387
-0.6289298413967248
-2.4816341224503837
-3.2744445066907844
-0.9963837051369888
-1.1821842729520675
-0.3066138408283646
1.1757690081159224
-1.7920195996264057
-1.541330587707016
-0.4811834928707061
0.9311468359887026
1.4884332179360766
2.414531974406535
-1.3310589563394277
1.7388387538277066
-0.638069426142279
0.4079047325309484
0.3380533021940591
-0.9124978686498297
-0.9636475547491384
-1.9568907398358601
0.29566167587848563
1.0678815690720178
-3.6593941787792383
0.3475595531386144
1.763070659530166
-0.6160182015899418
-1.8830973474632893
-1.219125562767791
0.14768720232036397
-0.1935669519507783
-0.9453600728360719
-1.8615995273771908
-2.850532839731318
1.3214895178815156
-3.3592509237788866
1.9321411175776064
-3.8109848644608846
-1.2491504177560853
0.6199744070531953
-2.127815222568836
1.290674449510645
-0.03293630748817804
-2.3179041184404605
1.4318797020747032
-1.9163142249414133
-0.5805221860883453
2.502442111851791
-0.09633379799419756
-0.019420079447701435
-0.10779229231934243
-1.2738884207765424
2.7568494547660127
-3.541320580472383
-1.7276217074282316
0.09463848731409612
-0.62278430111855
1.1475472811886447
-0.11782656692533984
0.1409272736026828
-0.9971254027374942
1.8898297721818278
-1.562127197610392
0.305177937415724
-1.2084099574872382
2.6798808615163643
-1.9406920745430554
0.8423970179475985
0.5313981786538359
0.7409825844903883
-1.7248957878833249
-2.7642085496494366
1.0433556472260828
0.9981691604268499
0.4373961022820892
-0.3495471682903678
-0.8587388333168463
0.6247216171481598
0.31774791289640036
-0.6430823022964581
-1.475742892439262
-1.4573062480103334
-1.5275054717970489
0.09231345233309948
-1.1727240268282577
0.9919314034780096
-0.10102651882550928
1.862304953658044
-0.47073385401621415
-0.7736790130867383
1.1138810868919178
-1.841726093706882
-1.0811877977647077
0.09420921051742595
0.037180475638608254
1.4204733344252998
1.297280496120417
-2.0875296103123815
-3.7011628972694965
-2.605845309615809
1.1579393319031486
-0.24030762898463526
-2.200732384050692
0.9127051482082841
2.938730381902476
-2.8509825881190403
-2.3539642201688165
-1.0926942596273226
-1.189660190776044
1.7189626182522963
0.6052562465654934
-2.1862373515060485
-1.1186664724637445
-0.39080640404999895
-2.546201064345806
-1.2668689728595317
-2.184647454228192
1.9452426195451267
-4.117832598747276
-0.19605709781981653
0.19892294085267861
-1.3251572508752019
0.8065565691410129
2.6992247520199038
0.28874352191425995
2.8148252599190497
-1.229980190248104
-1.9618231138468816
-0.7849974661178047
3.0950082338529867
-0.22010279056151677
-0.8535547122720636
-1.3944123046358052
1.038273773736958
1.7911020081828284
0.5484119169204821
-0.9229959938556127
1.7210481175809946
-2.710983386784403
-0.13351474264222435
-0.37599799047614446
-1.236023858418436
1.3106135798635663
-0.1963002733330157
-1.2418675995236343
-1.9801919947682178
-2.2089025000370683
0.23855004146260061
-1.3888137663039715
-0.9171191183984994
-1.8894672757022493
1.693377198704185
-1.138447708048612
-1.1621069732199432
-0.37024931717122267
-0.5714179230481308
3.1796363244092025
-1.363892229371457
-0.6287722146110857
-1.8572890000488627
-2.0532248571165197
1.0193852123745895
0.6222315775987872
-0.9154914626919208
1.9893738063545277
-1.6180169610658865
-2.420409541350247
0.7733046605425767
-1.1094754430472449
-1.0360779602008985
0.3490021504006258
-2.336864956330867
3.2821625903742313
-1.3155122359798994
0.04528117810534674
-0.07169959780484467
-0.7137185042927343
-2.1608751024916475
-1.562038963602623
-0.8469871836108275
-1.3209760852245394
-1.551537831439586
-0.5159626567529247
-2.2901121307703325
-2.1623413694863953
0.6456657961130023
-1.284620091122075
-2.6641278385119675
0.8606558354962366
-2.039698630655489
-1.4312034673014857
-1.7990103833113085
0.9048812790726201
-1.1786804848938817
-1.643880398721053
-1.4294156237011606
0.8732524413352347
3.6858198970094236
0.7868357286927371
0.4403191694393387
-1.5576315105921805
-1.7035025734325748
-0.9469141310929278
-0.10125437937004168
-0.06799315005685022
0.8538763226389112
0.20340475738963484
-0.08193804835025968
-2.918717295939188
1.7206440528545492
2.4998105581644343
-0.9063821993368695
-1.8679808536079183
1.0844903551557523
3.6115173768753874
0.09542396391355798
1.0305450028574732
0.45313177717793757
-1.9421259325210507
0.29697940956218327
-2.188191187465854
0.03912464368815245
-0.32250645809524137
-1.6152471744043573
-0.7802250448211113
-1.6875710464150107
-1.3524764632446826
-2.6526367052371636
1.0877369146961562
-2.901861480471452
1.239931778117041
-1.0839590987852792
-2.1727606376134196
-0.37395051647876265
2.8161659362314784
-2.2047390796560635
1.708325253377079
3.626920321659112
0.6795321791172365
-2.5211393107035365
0.6811818651082981
0.05654928372951498
1.6628059942375133
-0.8650106926883255
2.9337691754337447
1.6881899724601426
0.06023831168729993
-0.9756767616755873
-0.48601125295025377
-1.6221072818302436
0.19180934935580368
-0.48457497008616235
-0.8103262671531719
-0.02359077165722495
-0.42007221866240074
-0.4322791375301164
0.8054389820784199
-1.3270446930670328
0.533452747046855
-0.6181248069600715
0.5743925016221962
-2.001082604993677
-0.09355564289482177
-2.2873154103360656
2.1464208291419493
0.6759700011352322
-3.3809303203457355
-1.0606423731583445
-1.1483953680227255
1.7716171828221454
-0.18598350842889247
4.373811546416959
0.5464703698109383
2.3552642600991063
-1.2846717761189839
-2.739212099702569
-0.5738557726061152
1.02452963207368
-0.31872081259964624
-0.8110254088528328
-0.6806334021645983
-0.9767034628359426
-0.3923657588990248
0.8029238027330131
0.3162402078672753
-0.2103914762095306
0.43699471097553333
-1.430728931819991
-1.4772467119813046
-0.6707995325292728
1.0533823269785838
0.5642518662511564
-0.05303333559762321
-0.8046339807887023
1.392821298319346
0.3967645385182314
-0.13570822901247942
-0.028070366355283188
-1.328949460212916
-0.08313049250138348
-1.6360934446223734
0.8050255754484961
-2.0351718664111886
-0.8326295897019066
-1.251976396503106
-0.3044490514948825
0.5054892067212468
-0.4930916162552452
1.2065997972754414
-1.3202547024935192
-0.8453862388327039
-0.39223259446987435
-0.705654478528727
-0.46854119003223654
-0.2729263470179954
0.10698667937797184
1.4821852992330249
1.6931805606990882
1.541890288825052
3.0299495297438797
-3.1208363966249474E-4
2.448927238184378
-0.8844788968966214
0.912027524218907
-4.665809213412942
0.31818901987298664
-2.638594499941409
-0.5419150393573268
1.0115953994516529
-1.1105245546168903
-0.5919432131115725
-2.522636603203412
-3.207384321965815
-1.0428376708793377
-1.2021598772215978
-0.20101827778185763
1.1599280358475457
-1.707162553007202
-1.5994634761934934
-0.439005798720196
0.9766223865821928
1.5427145341663946
2.431366350054377
-1.3353355514339404
1.7422053228658532
-0.7115545703213076
0.4233422398600353
0.3299927054688946
-1.0463539539951239
-1.0351325282501127
-1.9715045785095147
0.22985255972116708
1.106072508871869
-3.6182120513895066
0.6044188285747004
1.7747246276627215
-0.5878292684647849
-1.8662635488190513
-1.1733786416088514
0.15613930057516887
-0.1932038700690137
-0.8696739249189512
-1.8571382470173718
-2.8002887491366195
1.1789304345908656
-3.3576025736152064
1.9916760472524198
-3.768199640096468
-1.2441048454370511
0.6159734865182769
-2.1086165432208595
1.4448530084532756
-0.08352453820529829
-2.4298505295790447
1.497334797295635
-1.9051779704211023
-0.6698469752867484
2.5292917016201946
-0.07495120494483354
0.1402887793252593
-0.11258027483150872
-1.3562848225629938
2.8024704425419555
-3.5904299775750665
-1.7316822898099562
0.1402005271030715
-0.39745474388506313
1.1906983671618234
-0.09446320262667235
0.21359772814908184
-0.9941002868798696
1.8870463623921534
-1.5176267014096232
0.3028727474574531
-1.2928976191679153
2.654173843938105
-1.9263926762194956
0.8619819373814552
0.43610033330926284
0.7026011147973219
-1.7339593272536904
-2.7582743746262475
1.0639711015665545
1.0133561651160612
0.3497395085572123
-0.37773995482919986
-0.8858334078788506
0.585127077985179
0.4063515190168123
-0.6550054879692063
-1.414108888103608
-1.6290213480641682
-1.4850212382822863
0.11094787331774429
-1.1918891320325904
0.9776740868334868
-0.2732369209488673
1.7635929715737286
-0.4344015974081704
-0.7526410668022968
1.1807605600986695
-1.8388627306247243
-1.1236528370523744
0.14680416410110902
0.08817213466031958
1.4204977647948414
1.2953411385469862
-2.166683029198998
-3.670751782921634
-2.539512392067856
1.2167419489704703
-0.34731775752348915
-2.28022561369557
0.9637789662256188
2.97843243464719
-2.793833950382789
-2.5060462616605306
-1.1673414492979024
-1.063250420099325
1.6393497676580002
0.7449375963691028
-2.1779438737440233
-1.080588793284606
-0.3953344312022647
-2.5802665255532187
-1.446306531786499
-2.2171691719072024
1.8708319626603018
-4.0480322942157505
-0.2943244899436929
0.2771478013188032
-1.2819479962324862
0.8225626179877141
2.6595183595411593
0.28876764575556124
2.7199035990853067
-1.1866842060155878
-2.2372044676341623
-0.6901891369799203
3.2064913337432137
-0.16431634198061595
-0.8504077835817379
-1.3747242709697953
0.9813673910519883
1.7101878182125578
0.5210138574464631
-0.9117332605313849
1.833987643611381
-2.7150319676338563
0.042548745962510924
-0.43272420394502614
-1.2577537268880996
1.250470138591297
-0.16387676332217452
-1.2589833567385962
-1.9973929254993623
-2.257101985399491
0.24785155109175014
-1.3702297407045758
-0.8966504356640319
-1.8387788169907742
1.7245093354674852
-1.008044973916147
-1.155846643414314
-0.36585753529687515
-0.6266657142619435
3.154237752562899
-1.3319064576526285
-0.6643205308746363
-1.9374960273037274
-2.038347883900973
0.9742896490587796
0.6691904506965115
-0.9457048421580247
1.9366626830909075
-1.631605710527776
-2.427392305447625
0.7669625239464011
-1.1344333666168407
-1.1100722357205264
0.3201947231410489
-2.3451126829751066
3.2523490586475687
-1.3028234761343094
0.0698396010962313
-0.06030017891646289
-0.7317729818516976
-2.1684627681520796
-1.6079980972636443
-0.8291126258757807
-1.3438898876742653
-1.6095518170083043
-0.6046666794034234
-2.2878655713051987
-2.143815110112427
0.6907674607186721
-1.31636654547709
-2.6900238538679857
0.8418271001411584
-2.0650791670518203
-1.4610482515060916
-1.7838271867638449
0.8324369419640609
-1.1716685400548417
-1.6539088690532513
-1.4644024859402207
0.8390148557729281
3.71376442349103
0.7568901659598841
0.36880792320907335
-1.567076755389013
-1.7166439389667345
-0.9187014704928623
-0.08404689452082843
-0.049298888490218476
0.8286859424300649
0.16472681329577574
-0.11318996954559014
-2.944731417638233
1.6765883226552087
2.5205916940807125
-0.9048247970873409
-1.8814895843488728
0.966298419633333
3.6077306725232683
0.08593835330221859
0.9683485367430918
0.42487503948799615
-1.931855342139553
0.37585288902028197
-2.15724113316007
0.0662240251624922
-0.29650861178456983
-1.6472365360822503
-0.7806484098236744
-1.7056531674326025
-1.4755242499691164
-2.625225993465297
1.0746394919707516
-2.8682130389287614
1.3591885598225544
-1.0826076535696616
-2.2074429121298706
-0.3689081864417204
2.785521524821559
-2.229402545225106
1.7957314768559962
3.717881763475261
0.6749686932448687
-2.52883810478326
0.7519091749920069
0.007368907143430689
1.7391655287697498
-0.8777711630652871
2.988032624252281
1.716323469484267
0.04184957216383947
-1.066405741500606
-0.5241344861634132
-1.6363937311141477
0.2025375443530187
-0.5670172564051971
-0.8050128521815204
-0.06356888564389349
-0.4106306187637065
-0.38211377840757965
0.8533387209158734
-1.384008562190853
0.5638864989354605
-0.6082419086858821
0.6027324697114593
-2.0303638101957144
-0.018536993548567693
-2.2770607622561148
2.136916041822138
0.6833102485636912
-3.4340318221970563
-1.0554819124583568
-1.1760215203844535
1.8614937265709621
-0.17755148977784838
4.339466638834091
0.6389395991033933
2.3148509406973985
-1.2326418258585434
-2.7880191943341375
-0.5420417814477999
1.0684534739299312
-0.33119711333662594
-0.8120382677771992
-0.6739085528103228
-0.9726253769351638
-0.3933056908266771
0.7910543000898244
0.3100181286681217
-0.21388237457731746
0.4366181545643795
-1.4358916025728792
-1.4738143667035137
-0.6726161354560246
1.0520113923295613
0.5635445737898314
-0.05397590738777653
-0.8046258522965928
1.38710288757577
0.3989660158705024
-0.13637658965097751
-0.029885769082216657
-1.3329535659322405
-0.07786164293969589
-1.6350369040125825
0.8064139373114086
-2.0445420209271523
-0.8332554463121927
-1.2518395500357788
-0.30515028132836464
0.5106469818515067
-0.49139671476965047
1.2205691627771393
-1.318907803318781
-0.8529743712556059
-0.3072065188083557
-0.8633631224453203
-0.49869280648049763
-0.26989047010176764
0.13166389434366801
1.5086806816623344
1.670579531150061
1.5370116578052204
2.99272992739558
0.021646923525427273
2.4553284094168246
-1.0681008414509985
0.9233549207736997
-4.648876516816065
0.44623578708464057
-2.59647533149565
-0.5646243461949005
1.0167529064511767
-1.087681106594017
-0.5246027045708749
-2.552492235215182
-3.105716095757888
-1.0787879381123284
-1.2233548489921768
-0.13052689832405828
1.1474319426209725
-1.645567990684015
-1.6404467009911194
-0.4284495831739963
1.019654538735236
1.5452349047378116
2.4950934727305567
-1.330208163571732
1.7134549797356837
-0.7683257139273522
0.4375825400395675
0.3585482074178447
-1.0957450883884063
-1.086159206800371
-1.9836557198599363
0.19548693843091464
1.1619491990452882
-3.5906424907273684
0.7593665476345716
1.7845905800806658
-0.5817474423362469
-1.8565406078030895
-1.2183747559348945
0.15617164480600387
-0.20078909342148143
-0.8260091976836798
-1.8126962852970308
-2.789291136954289
1.0818469562225965
-3.364337473560915
2.0376142934765826
-3.7330792240167474
-1.2572576042879322
0.6031188544094354
-2.0762236172859456
1.508564789104601
-0.10672793137778543
-2.4770244445638077
1.5470589094111602
-1.8933916316617432
-0.7616544543200011
2.5138662778384884
-0.07325899673172998
0.20177974324370135
-0.11801497190199466
-1.4011367645798785
2.8224048221107796
-3.657438716281223
-1.7277720240541412
0.16979373695239958
-0.3150923626599456
1.2346891156588924
-0.09419166003768259
0.2504205830164429
-0.933369749422786
1.9150374594750623
-1.499269780190412
0.2683195562145053
-1.3479383440337929
2.645877525055077
-1.9089755966134283
0.854153330913039
0.3571943962719485
0.6791462533112592
-1.7214897191432803
-2.7481775832230606
1.0807069056663317
1.043411212869559
0.27856255626950105
-0.39501236251823907
-0.891165578296595
0.5947320185488122
0.39601414825787123
-0.6365262058260431
-1.4170142630489713
-1.7224937427960099
-1.426918014039383
0.06980836479631232
-1.193342849511083
1.001135328564201
-0.3652609594485753
1.703418083050363
-0.3696125562527111
-0.7653632807297359
1.1867486153549727
-1.8588635108119018
-1.1653251512338392
0.19737756242147408
0.08976445621689531
1.4495635356040169
1.278976467270723
-2.221815315701328
-3.614406368883139
-2.4967386779555
1.2399040464904303
-0.42788232131373366
-2.3584754905204246
0.9959731618427534
2.9871296816298774
-2.759301884863804
-2.5911770044478097
-1.1889096319039851
-0.9483128566224415
1.6387013955768783
0.8414398966263535
-2.131472125522927
-1.056226895018247
-0.37698913907626563
-2.6104766285813756
-1.5381235686300005
-2.2527209499208736
1.8175844719405758
-3.990444654180181
-0.34345327775497814
0.35226275167249
-1.254176980358213
0.8453508500495939
2.6245326703917717
0.26633976893513406
2.5817318456226928
-1.182289176617353
-2.482450364693605
-0.6381606294480682
3.2641922267612125
-0.09126298685137951
-0.8358425481522068
-1.3223683979611613
0.910750702730264
1.6973239314151984
0.49994003661360764
-0.8943266826767647
1.866689810116356
-2.7504979868097466
0.15795405258200224
-0.49633704879004753
-1.2704681651582261
1.2122309028454155
-0.14623054364774413
-1.255547260472194
-1.9984275140110905
-2.2607809942866637
0.2535685196606567
-1.3584123976415374
-0.9103542132289135
-1.8129351608263904
