3.024969799157803
-3.083082358762711
-2.4137264683459465
-2.0197375209905024
-3.5356215383825447
-1.6899703890862885
-3.4497326382671547
-3.6074874943542428
-0.10150398389651873
4.232274996570642
6.906199351909457
5.6348576902339405
-5.1601537384776295
-5.832100039129893
0.5046753769966563
1.9562496662605353
-4.025495709418971
0.3551404968931915
1.6517732056808616
1.1973675284705976
7.24386191200375
-0.3490180992545846
-5.533520459108839
7.003998708062585
4.37716847946731
-4.138631095496592
-3.387811593989075
-6.266059867853344
-2.0836096358700296
-6.864681503354661
-4.4777445033699355
-2.1998188777642884
3.906005282359486
0.23392091051030178
-1.1601458331728007
0.46687819213865983
3.51755039787327
-1.3929584179025412
3.053430858855266
1.8144276406178772
-5.256479572316435
-5.644484031550701
-5.66502678655524
4.246925904387605
-3.849195059340687
-4.767139345679603
-2.7328063205554556
2.2750140166945734
4.035882226596158
-0.4206565369909589
-1.4717803839018206
-0.44672001343989864
-3.437492429359251
-1.986006476861125
-3.727407000379614
5.661891937813809
3.244700091508126
-4.403787980365533
-3.9779926687444314
3.498338097930739
5.640883161318479
-4.576936018629719
-2.6763614739408217
-4.34653854110451
-2.86289917613172
4.318674674448564
-3.9341451237253704
-3.2062504457092094
-8.04677448081756
-3.5617210284544054
5.3128954365775725
-3.0382659075448815
0.25909250382876375
4.415052790817173
-3.411773950161356
-5.122337185579533
-2.7371223070355417
-3.0600634143043277
-4.16284086084312
1.5836069419456424
7.201411577278054
-3.06154065085745
3.944633611263952
-0.7190421566831904
-0.639994171106576
2.789520595915818
-1.7336506033151706
-6.52472009634171
-0.6384444991386385
5.175727751724625
-3.9617146463496145
-0.9279294492897189
5.174153442005834
-5.957587582150464
-2.760340654225266
-1.5675422097693914
-7.577969996735101
3.455051591293812
4.550292782040285
-2.7938825318746705
5.283357786369085
-0.7662966761065222
-0.41236101323898355
-4.347194443892988
-5.339995260167972
2.8011338856970123
-0.1648880875369441
-4.399349232923093
-1.5842278827736027
-2.2259222657389617
1.8125985746298208
-2.3305712258693685
-5.160943871145048
-2.8117280321548517
-2.939388642862394
6.108557902391442
-4.934310551074393
-3.852416498327746
4.855624768951389
4.942524611820373
2.833284425652122
-1.9396897049467994
3.2103129606486083
0.7462185496043855
-1.4135344312108264
-4.9324897647433525
-2.9055599692055685
-3.5836835207979836
4.286370950642788
-0.0943432821053841
-3.2554923591636933
-0.8238834870847731
0.9095197311133031
-1.5533888473845199
-3.7573863105281404
-7.679135117721617
5.006225987704253
-5.576401498962828
-5.308980275732746
-4.184646604951334
-3.499488508340125
-1.0881147981876984
2.2462079797147134
-0.052469024733108396
-4.232391414613487
-7.041545888192162
-2.257703615432178
-7.42473137735243
-5.274023789665324
4.181326547690204
2.641370680348989
0.5043744486641853
1.5565609461839423
-4.755457989898817
-2.6497940531118096
-3.432097466870983
-0.13254833174043656
-0.05009503637109097
4.702212196382914
0.15733077130731254
-5.545794592135015
-5.116405240315862
-5.267475685281551
-5.861012431965165
-5.016687903216205
-5.990521957074083
-3.4524368212016863
-4.479917147942406
-2.2966924080676634
-3.290867237545308
-0.04299007082485274
-0.7113997949346644
-2.2419878277672964
-0.47447780637171244
-1.5946532683683565
1.9731401201218794
1.8087350659778902
-6.29162411340135
0.5813683768206998
-3.322033262213057
-0.36277489785125017
-1.7279306862110988
-4.436471005576357
0.7630734580918543
2.267269278491907
-2.346390254079941
0.30063044475247014
1.0679144119693316
-3.0951744117901616
0.4177044271469427
0.2454803780095557
3.4640836463584206
-3.2081900692726153
7.150452529884443
0.03284042677265701
3.9389000926219286
-0.7056299810784644
-1.8318910538293103
2.527640951991503
-1.1439616204472316
-3.6900659710406103
-1.4113366302460963
-1.3092488611592072
0.4878182452364999
-1.5162920288750097
0.2810273047192098
-0.5906879932688742
1.2330468552670748
-1.9204282611826446
-2.7686076713277705
-0.01438972531976902
-0.889467479049288
-0.11212830460441642
-1.6369971383393827
-0.4558071870878884
-1.2526496591118652
-0.9352189683846431
-1.4068672553166455
-1.278449329422229
-0.21889112510360387
-0.7665349300776326
-0.9139480192347457
-2.991459773671987
1.221004767086439
0.7538591231260636
-3.7432659518645273
0.8605802243315431
2.950175717846079
0.8247327111001449
-0.9266350490959974
-0.22302082274797494
-1.181560518964784
-0.6364214001600954
0.9776520209176363
0.23217611325179435
0.904525203627906
0.02363673121105516
-1.9207660609494857
-0.23033470161884434
-2.800705562869912
0.5867520669122943
-4.600292721370707
-0.16885575705419079
-1.959845333046751
-0.2620437808862115
0.42480203339882705
0.853502694143408
-3.491073355035943
0.22291206249353412
-1.0076976164241762
-0.8625470099246261
-1.1108331372013505
-1.4892512718213073
-0.731381966522847
-2.116180242573817
0.29386760314823696
0.3555476371976772
-4.1425220999152055
1.047357483410933
0.5651895559828932
-0.6318347826088621
-0.5290176879365609
0.15759848940810478
0.586795564504637
-0.09372659846619498
-0.24793849393825873
1.0946807618804169
-0.4954588356684087
-2.8643025582581196
0.8919883657386156
-0.03569573599409816
1.0468999058318735
-0.890948241387201
-4.930648935832161
0.36391813601405193
-1.9536812322685204
0.34028306021325877
-1.7994865184770603
1.9889404047896269
3.582454542711511
-2.1875681295151876
-2.733586187169646
-1.0123882752141065
-0.460391945268918
0.2559252697519284
-3.7519242291244823
0.03537971379271588
-3.701878327900913
3.8739137271848754
5.300108842441523
-0.43053339001983726
-3.2359803595965757
-1.5707107501448774
0.04774043738776107
-3.3342639255912228
-3.8623106379890486
3.30515105633874
0.5714155449688797
-0.09528923772372798
-0.8925313832643038
-1.8451342430049353
0.0720072785589515
-1.8948021336951488
0.8434603573939217
-0.33590964212278507
-4.3109282230499195
-0.5504180153469985
0.9678043517907432
0.6642484911532291
-0.14593311574744525
0.4552309918179127
-1.176918246003748
-1.1780493536847698
0.0023031345230269565
1.031687065576534
-0.9441543564810357
0.20690252460717606
-2.1913788257034477
-0.8035688423185688
-1.5993379933431178
1.7394832394912834
-1.7292801124343797
-0.353232201118049
-2.278275560459507
-0.7929372821074069
0.03591192671719578
0.1318948377138341
-1.769946313993873
-0.22344130168151366
0.7184977706195667
-6.163784394697989
-6.460603709710577
-2.1583875349642963
-2.4213185537587067
0.5178232306792386
-2.21410764146699
-0.9777062951888472
-5.334770170345781
-2.3361318565169045
-0.6071577273363344
-1.1453144747877915
-0.3743877770727767
-0.740549673984755
-1.8126617322765484
1.7195187179803089
6.852611925235948
-0.19595580750536043
-3.3266394239513466
-1.5409822254265264
0.33946404116680334
0.6497802568755247
-2.7736689186609684
-2.4205159814695514
-1.9881463823926213
-3.825067421232504
5.329618156475814
2.873317061080559
-3.8853491505150224
-2.027406644710317
-2.9990394562290197
-2.1465872054509796
-0.04344403206147884
-0.04618694499521068
1.4675442999068355
3.7995296678384514
0.5664634746779842
-3.50499236652866
-5.4336460277601555
0.5177883997788767
6.208631283178333
-3.206039436492104
-0.6714257868764805
4.565068844602453
-4.958623116447408
3.154883097596356
3.031501882332712
-2.6723265761520434
-1.393461996474145
1.2846375350757269
-4.99442302068522
2.708967104147986
-7.941845267137623
-2.8171731205106174
2.1981043621991145
-0.8534762213409437
-2.0948020861782117
-2.1581623782680848
2.1374098584555647
-4.425961075116299
1.256449877493594
3.6256944746411284
-4.245037482121466
5.241150176241675
-1.0767665821929933
0.23927822548162697
5.386030397442453
1.137058244860424
-5.757431342117895
-3.6010854419037375
-2.2753469070670223
-0.9656266216072321
-2.1576971320468425
-3.275000107159356
-2.649354296392277
-4.549361367827729
4.304185462832994
-1.058526832041665
3.11950941265039
-3.8345449757873964
-1.9245691289352573
-1.0939500417359895
-1.1778665876438377
-0.6349373084636236
0.8015965707151075
-3.1755477865852857
-7.197026131067814
8.203383217173775
-1.148358744465914
-5.865094668475382
2.33456772847148
-2.236328218337217
0.6523553763957145
-9.365631703352793
-5.475621326251475
4.031292484553675
-4.457341957398783
-0.29254650526662856
-1.7745712747109867
3.5300322291427597
2.776391114115103
-1.0783886420564415
0.7803626808916375
-1.835957531811433
-0.8099013391797834
-0.8347374842995393
-7.027651545170236
-1.7850748248020296
-6.47105614751664
-3.8118684166704
1.3372816827905567
-3.361110940264376
-2.2378151678418394
-1.487893290298852
-4.138276145489215
-4.9652303522621795
5.074384280820662
-0.17248057948865972
1.6685488472780108
-5.257662844443063
-2.160864168437109
0.9305955319067807
-3.101086918878493
-1.3093541027159876
4.769873494431001
-3.368302909199614
-0.6247459440497967
-1.6357567488080824
1.0168286798005528
2.3243644761117994
4.433358399410132
-6.697475831122927
-4.807282877246736
-2.283446544973028
-2.1504198027620167
-1.5533868952703256
5.120010767454071
5.542710288848455
-0.5469105303379935
4.594996440435702
1.9954720727634851
2.7043820521629702
-4.813443524625534
-5.165087125941196
-1.514261593501568
0.6394401925487243
-4.570178300908258
0.8815288179117751
1.229468893946558
4.590718538930361
-3.244603538613041
-2.0102685870700037
-5.188577210655035
-3.3399536680758053
-1.910875794301275
-5.443532632498835
1.8112427417379509
2.463102880644019
-2.247419951741792
-4.067475593817314
-1.7535170723879743
0.6121189726466459
2.8867705446692034
-7.298218137404843
-0.2805078263482608
5.275814426079367
0.27529683035348856
-5.588283399923577
-5.378752972450169
-4.159308551352706
0.44649643797962474
-3.808635683778253
-2.7484051215440086
-2.45599787563478
-5.20333018966173
-1.69886802046974
-3.746428890528683
-2.6721513658857243
-3.0812188127268643
-5.906703064038864
-3.1368515068120097
5.151492305501235
-2.1288344612924663
-7.989452970591099
1.8071138184846578
-3.469586631921422
3.8147984442288783
-0.4926341366215298
3.8941543303100805
-5.940940479135845
-1.6773328510877097
-3.88963309014218
0.3233868551762327
-3.069888793485608
-7.465808248448256
-3.8774899374327405
-3.463212457098341
-5.277786380589292
-4.940823314207329
-0.80474431136247
-5.469953072790729
6.99839839498926
-0.18067059177878503
-3.113002716608933
-6.949685284061185
-3.3634435514159433
0.15982043880792357
-0.944997362488406
-4.966384184364109
3.4013110245645346
6.372691130074124
2.01226735166489
3.077215006198812
-4.991838428247149
-5.621706694744948
-5.543528362816928
2.945056206424171
-6.52873921064814
7.5728071259970635
2.755118974114539
-0.2909831347336795
-1.9594275409404311
0.8936545670356488
-4.144179258450751
0.44944024806881033
6.461670457782836
-3.5680238165676594
-0.25039081548116854
4.2781178906709325
1.1238864751968036
-5.5089537954379955
-3.4934567056698964
-3.2414826784044855
3.4154549751903684
-1.9524211877226112
-4.837744622044847
3.759019093918943
3.852733267381832
0.17162165949243402
7.433370862458736
-0.004975514301774272
-0.755350235910347
-3.000820269243874
-0.21319476455449096
2.991154323803075
-6.064101641684184
-5.998998787951274
2.452051560243788
6.196373029754593
3.14607086238522
-4.532115843535055
2.145795459844638
-1.3349998145239892
-0.5743000494686848
-1.1608389575242282
2.3854068253520513
6.857233458663699
-1.9379177106986158
-1.6781006586283937
-4.861352865756652
-3.337923090987434
2.2041959054280733
-3.2676704763103137
-9.482956922828185
-0.8960580227975012
-2.9303655020653934
-3.731231417099726
0.6125928311391199
1.3626361223107815
5.015588358230725
0.4614892441101754
-8.84812149933228
1.8126797137951607
-2.0987321934263434
6.685371594588051
1.0260779097939554
-0.4594454346402116
-1.4328754792523812
-5.56057708232359
-4.74154250328025
-2.267143976068246
-1.809887530959385
7.054105288170475
0.4736109981232057
-4.692829609729204
1.858181324154188
0.3718689051518622
3.8669219430618877
2.8700696841461193
-7.429375177722911
1.2736476181960659
1.4428391844663582
-5.072782763122696
5.2461241154114395
-6.002530108840049
7.000617031049661
-2.1839984971743407
-4.376763244736968
-6.142446714090479
-0.26439161123465005
-2.1403914261409125
-5.590017397193014
0.7793803430593935
0.9029413952604255
-0.05350069827122836
1.1018810221291002
-2.517024634786948
5.6714469020477205
2.1565205092170006
-7.141365642601636
2.187218760532543
-1.981217256299073
-5.67534497347784
-2.4167734909938927
-8.70686247408725
-1.1930682217245534
-0.9319408698855116
-2.830957737554447
0.8308506096021159
0.9413094641612292
-1.5575049225605806
0.5283053945479056
-0.8185791905526164
-6.886184605927905
-6.3058450499552245
-2.860097145799871
-0.16363008168553844
8.484916058580787
2.9803862545991935
2.9510167817640665
-2.9512803816294424
-4.83843383653102
0.8497134763466498
3.4128380987304667
0.018319475826042732
-0.7811716083593931
-9.117518685670554
0.8625496623532252
2.3346127325158705
-3.348065822419515
-3.5535540878370018
-4.662085442862022
-6.203085351388686
-5.338290946734389
-4.399241999416075
-7.684315571233632
-3.060797949146657
-4.795675296510748
-3.8375616569452586
2.7703019745113444
-3.6187123979285647
-0.08505708668012558
-1.8160327665481086
-2.2400606439764643
3.972844971043533
-0.7570735119027268
-6.843382048245419
7.21471088857535
0.9286613808284532
-4.51515949779737
-3.2849498751645836
-2.5725711140511356
-4.789232263757179
-3.5420559344021454
2.5727644654017463
2.239549988376638
-6.42538739920253
-1.3993839263500172
-2.1915355829552308
2.2766742151950967
0.2396227433624572
-1.3580112177336445
4.594095028826166
-2.5766118602197357
-4.3340919418489205
-1.8441845414805644
-4.481120009277351
-1.694204211060087
4.625386510490386
5.8047991717536345
-7.619972990275764
-6.540707365793226
-2.488713761268265
1.4193437025196365
-2.2150162240152373
-2.398446917543896
-3.900792746192836
-0.6159722457861261
-3.8622584950769023
2.109664307950705
-6.751993538673023
-2.189252945005807
-1.09721436799677
-2.1519188954835586
10.014264994843838
-6.961851976639644
7.623089529459831
-6.4972307689667375
-4.622415468297608
-1.4956031334621582
2.7254454679185236
3.749702004744373
-4.244813698880855
-1.4008760779663658
-12.357381630975713
-3.7271395896194246
6.843971519717232
1.0358636507010377
1.992676787227902
3.1844109290003297
-8.031141675662852
-0.6716589528398795
-4.575161956642538
-4.997158871901601
-6.891822848197735
-8.659672825321088
-5.075124518302673
2.652730939856013
4.123170179169079
1.101743451619716
4.689891918508688
3.107245085755505
1.879707311089143
-6.096792873994563
-6.447312066373125
7.470254885779333
-4.013961443161057
-4.666196912559155
0.05562124181602612
1.1222279626567582
9.081110451823903
-2.620474269081106
-0.7046783838757508
5.771688620467684
2.48596152933704
2.4373664216060247
3.534291966887844
-9.053178476194535
0.5481393915521249
-1.1780269583569816
-4.098120338993885
-6.291443207740184
1.2998573346657447
-6.680412655668622
-0.7676943158255097
10.361474542399739
-10.996475416569277
7.132099873640082
0.22957194187890184
-3.2505882150903695
3.3744184324567543
-0.5871740492424684
4.911074833520031
3.1646245602542167
4.687462578740558
-7.156585904126926
-7.846790737441503
1.2452755556044104
7.647216166521493
-2.857235613787626
-5.461117490667463
1.9689038567201056
4.926980818431098
-4.295632651866778
2.77630692659117
5.631538801723872
-0.35266252127843567
0.11667609245598012
-7.0522058703613615
0.778537915987384
-9.451263867145336
-2.4022742918574727
-3.573572365037039
3.3468236871434516
-5.206035844589866
3.337871084840607
6.901761707372758
-1.653791491646375
3.193006585751844
3.3734549874973236
2.78246652095513
-2.9348298904113594
-4.845577062621549
0.10428780880526285
12.166679961214864
5.535143041224757
0.9611097694353417
-5.532050050826847
-3.313404663712294
1.1377669756475792
-12.45804573300604
-0.9300907120523654
4.2601743280989455
-7.878394125949163
-8.084982817518213
0.7850026172108027
-1.859868697809468
-6.2056424990391745
-3.039482435119704
0.4949675275445245
0.46642887397400246
-5.32225203991113
6.78305226545521
-8.421205572598351
-5.68956244232365
-6.501402953311392
-5.326918749903577
12.731956485096681
-5.630213806992786
6.850950776026547
6.866298465680783
-3.5699196934746587
-1.51387616137967
-2.2792306774985307
-0.7139961027028019
-6.773768959262992
-3.040048918050096
-7.460384041403002
-1.714877558507129
-3.8270216376347697
-4.354505610642601
