-4.838993212276667
-2.5940558287917383
-1.228472156710114
-4.285257151521093
0.9469282106138317
1.6940804867860104
4.086439273443785
-2.664086744312524
-7.9615421915329545
-3.9782851734479516
8.69265547433063
-1.277062449892339
1.9547437978781548
-0.47160355192743575
-1.59098199238327
0.016934145572624626
-2.6597737823526377
-4.049842990517914
-4.18278770558346
-1.38165085806852
6.253605451876731
-3.0744873061395936
-5.439036991088588
-3.1122877827681217
5.065538314275858
1.5941909252664082
-2.8687169546741105
-0.3123767629097097
-8.453897823058874
1.0214065237578154
-3.2232115179132843
-5.047214900694269
-1.3790778637454244
-1.4344786636913731
-9.984854115549401
5.830832534687047
-6.96321060669669
-2.8538812389768093
-3.500609060259238
-3.339589001518161
-6.582786805146255
0.8981892507449014
-4.9639128074175005
0.4499655553826915
1.2698205158469467
0.7962978352516156
-3.9200933306849173
3.322641283208163
-5.825694123122191
-1.2970213955945156
-5.838937463166014
-4.308458488540128
4.877657953805062
3.6414401884546908
-7.6052259965366655
0.6677087781134734
2.711011248868531
-5.362592279100074
-5.897963155282571
-0.35488398701038953
3.6583087226338056
0.42637534068794564
2.2487080255814664
4.533541191740162
-5.465406645474689
5.604850474906383
-0.5581586998906914
-4.546117977113343
-2.4711687426210363
3.1285568043010374
-2.8376003985539286
5.352149876756266
-0.5025780038336123
2.425530648406792
1.8026688346673618
5.875116404742246
-2.941326893168382
-0.6039114478205895
1.5750262890146662
-2.8206320275827537
-5.855063078720324
3.913450461441109
2.8330372712150007
-6.0464215986673455
3.8236001369055304
-5.947590441902297
5.8672969922466685
-0.5646734514338307
5.582029870074117
-3.17861948437153
-6.9145168140679205
-2.4534064069933694
-2.2440982537075405
0.4151210016319325
-7.783159964983962
0.29808331220872725
-4.737651737254874
-6.671023580788602
5.370003353410118
2.567089534174219
-3.7220219213046652
-3.7610301223603457
1.7396635229411006
6.932857699919276
2.595244023354887
0.04968426520361732
2.3954078134578203
-4.928526156704135
-3.9766634251914477
0.8427385148896446
-4.526702518267807
0.22401549133134252
-4.138334742138493
-6.3325622446746515
-2.5556957337940784
-4.051320220929981
-6.296742634362412
0.45591925625889884
-2.4543940032636082
-3.177226291215962
5.425264187888669
-2.0251889666474985
4.551453199602603
-2.2678880888433577
-1.6881004751445057
-0.05383180305570324
7.05181205939656
-4.765264699014835
-8.886435935065137
-0.4232623079589763
-1.52009080065462
5.435418734269263
2.1410500605866734
-1.965024355965795
8.499771508356101
-2.371785721039248
-0.4604434071397652
4.160795921079189
-3.3390320625328047
2.478133009262386
4.460951496674347
-0.4535996459405697
4.614639552687193
-2.4747413408200307
-2.3746000220300325
5.325582673218515
7.40386503412798
3.3419010826495934
-3.4388125423502554
-3.903048150523767
-8.458086757712014
-5.796922034400425
-2.7244153878722908
-6.193242965308954
-5.865920363306613
-4.338239020788282
-4.410289534993138
0.01242523405350959
3.7895004698907715
3.155243321223245
-2.77149831898776
-2.443186586724964
2.6687692279478448
-3.869848209954554
-5.315323386698234
-4.779898602799806
-4.9244000691941485
-3.082065165178512
-9.226122101300183
-3.4242772299711293
-7.018486127318507
0.6001139343331552
-2.6945251026409003
0.35252927434101294
-1.2863335280681296
0.8180041692603742
-1.8894057970780864
1.6550300091990344
6.284748003064032
-0.6978424953163216
-1.2012708730336152
-0.29925747484796505
-3.092278740747596
-5.079696441367439
0.1761252287298492
2.0698992365515236
1.8509131642635046
7.244631259312824
-2.310031474275208
-1.3457134568919777
4.008407416550682
-1.2308954745702312
-4.733294646663618
-2.0092180727765947
-2.8925120404307276
-2.646898430090142
1.5565025686502698
1.0814636874558763
-3.9663569766149487
1.9339451926471132
-0.39280796054232564
-3.408514935808484
-3.0644064027519726
-2.4950294708345404
0.3800743253028555
-4.891014707287113
-7.993184498538162
1.0135225059841606
-2.113050643649362
-1.7198675704350996
-4.166471758698837
-2.468379892499191
3.2407540001741624
2.6420035016614127
-5.7705885993844115
4.9405714101836615
-0.8300625454249673
2.2528953339457676
2.7374775166723317
-3.6868407591181533
-2.524037168445295
1.531172634436326
-1.9017239552481215
3.1345167146599313
-5.0501659077744065
3.537643025277045
1.8454341059754489
-2.7910537291544286
-3.952286135982951
-0.25165826074826514
0.9014580402841643
3.6727343885446655
-0.6707035881171584
-9.452470326229001
-4.476451834936158
-1.6925573586279814
-1.9792624026977048
-1.234748059704999
-0.06691329624778088
-2.6999967029500436
4.035761123451686
2.374326617345257
-4.331717045608876
-2.098712700816733
3.8419294642859105
-1.6557831186103165
5.398434809114841
2.090040800699543
0.8867422832611067
-5.915584653394192
0.6856954027513691
-4.306656070621413
0.36950667167892814
-5.317780733002925
4.833451413371789
-0.819181483663875
-4.227212600821801
-4.715982376027706
1.1951377094181284
-4.3062298640963785
-2.7176692570324485
-6.37252561628203
3.322866099526042
1.8266408326350196
1.8476460256632572
6.506031844075501
-4.529246280803824
-1.5431865043399484
2.4453226042818175
8.203424169415419
3.307577279071055
-1.5317810399415692
1.1303046733001452
0.4834562474643382
-1.253505348268192
-5.865048337088768
0.714838834093542
-0.30709864859715963
-3.293102845287754
0.6593695579430824
0.7546579921899624
2.2742099372539153
3.2414486110515934
-3.2094627704930816
1.5969130208300075
0.012238134291798838
-4.3669563775039055
-7.265201829605571
-0.25365870536982565
-0.4904205023011371
1.3213077612066864
0.42712085414360745
3.8080246276091736
0.6477312362128594
-1.5220663659116898
-5.092742981852641
-0.17839396210329703
-2.475676960807531
3.7310362563239647
-1.3343869701748428
-2.7422896916816604
5.24376742646042
-2.282608802847522
0.9233535664991459
-3.18489648767817
0.2960221111725372
-6.745922411470014
-4.9268795885915475
-2.5182160567325678
3.219894239222588
1.9256592951180342
-5.235045432323161
0.1287963526152491
4.800790328281336
1.2585059040324407
-1.0070486180180063
-1.8886316295961243
-2.5382180458913135
2.7923926908091867
1.925237182925774
6.461152076349261
0.2767358469025478
-4.168915185400396
-0.1953563949824657
-6.692865312203348
-2.1794938047837946
-3.7384759604589117
-4.9466235136549965
-0.9720066107181471
-2.5652454894635977
-2.203895112269611
-2.177255253735389
-2.5913402089445636
-3.273415500554002
-3.848661936373838
-3.5825193850974206
-3.934338353289212
-0.6222100750018952
-2.903787264633391
-0.8581129406821414
-1.267578541499964
-2.181628789269502
3.6572076153059525
0.5099763103024462
4.886374493108927
-3.151768706240536
-2.5822599593563624
-1.6189506725382465
2.7126597927596707
-1.9930994189471833
-1.630113292755703
-3.094845518957049
-4.43848464119024
-3.3925400358335684
-3.554679942183648
0.5814078642830824
-3.717242528397403
-3.260296008658611
-3.497348137844909
-2.4177674293890927
-1.9101121851103207
-1.3448035133176446
-1.5481123259105947
-0.6515818160853242
-3.6274641632558455
3.7696175904536404
-3.41989659419013
0.2673129041407612
-4.469757317557838
5.952465943458262
1.7576369801426357
-0.7295550972721434
1.4595632208508371
5.651963764097957
-1.6674873736307803
-4.290702497755428
-3.9903264161459817
-0.7554097319173688
-3.0829581337196013
-2.4969660009618457
1.0273777330185372
-0.3892632239095126
3.564248638803865
-1.3942024891531033
-2.0306319361434033
-0.14093842000369888
-5.332747986915087
-1.0387799142681222
-2.8860585313002987
-0.063139508408277
5.62477218845221
2.8083687338858767
-1.81518668206519
-2.478879575409419
-1.495765728918004
-0.03776377704906247
-5.716823637524455
-4.907039256005059
0.054631572552683
7.323882411689552
-3.10549362222174
-0.2960030128714042
-1.9553070169909113
-3.7581643745698328
2.072722281489516
-3.4707333193523837
-0.5645975428998343
-4.308744727073509
-1.9042938759877912
-3.421727314229376
5.170139829458387
-0.5553150032581377
-1.270300691230591
1.5847302937557997
-3.5949963689382343
1.1944914558122364
3.958063122302202
-3.273308494353798
-4.593366372777341
-0.09814054322596043
4.990502529821449
-0.4121026745569935
-5.070896778914698
2.7029509610985776
-1.851279303974109
-3.4659973533120674
-2.2320708100297875
-0.2426930722805578
-4.364894704931355
-3.6637359977777635
1.7188081797739203
-5.0014410473327
-5.185777253566724
-1.586110438672732
4.679363266478849
4.133222276385172
-3.431357440584528
4.631461529950749
1.7777263947755513
1.4458474176503124
-3.372348150561096
-4.63076207686612
3.209399504448585
-0.003851609950034155
1.7065601242928354
3.1524413562279925
-4.787476451546753
-0.751769039975938
-4.223969608218505
-2.8872932364783694
-0.40669574574032064
-0.5157107693040203
-1.3904275440059264
-2.1752445034251147
-2.7877087647017147
0.18578897807473943
3.607658635359995
-4.264517911049362
-1.5733014175768507
4.650972447451778
-3.887400233420205
-2.3579375914772287
0.9730946260065874
-2.3491648941920173
4.487487509015663
3.6592153597580164
-4.061765421735501
1.931860946985459
-1.9844283822145359
-3.5678627038701287
-2.0885916159879385
-3.6353975954638833
-3.6024400420965392
-1.5858295993267173
-3.9337148802400024
-0.8494888240742314
6.860812533730181
-3.383958977186569
-2.305774203261349
2.4000938561563827
-6.0729476826178255
-3.7315239097514508
3.3252662567408406
0.3520976162794036
-4.017058982072413
-2.2467756702499937
-1.8534462827011893
-0.6002814867049177
-1.208190376714525
-1.476827481432993
-5.783466608885567
-4.476761099597382
-1.0679293631448814
-3.0077538565548734
-2.259831343860648
-1.8435369156935955
9.350728395739628
-4.137458676561151
1.2263131621609844
-1.0533950682960533
-1.223663674847921
-1.7127434147547382
-2.459751597439153
-3.31808168479427
-1.9597427027690482
-2.7738223718207338
-3.3322466007808864
-2.8480005240286643
-2.623144672264502
-1.8477462484502598
-0.8602500713268728
0.3588396489115072
-0.4993824866882927
-0.5533653862075014
-3.31896857930448
8.10466639216422
-2.7184695185174204
4.792578504816229
-6.068305320845837
-7.339682442572072
-3.9852809914660203
-4.347772849980816
-0.7405783164774428
-2.6973264455772146
-2.447644028304487
-0.049243242860755744
-3.0537581256436814
2.307789187413617
0.11811732810407341
-2.041075259744444
-1.1370725716358732
-2.851186030934827
-2.4426191542185665
-6.893671355558484
5.959626788662184
-3.6674061298045957
6.481436646354921
-3.5434434604809684
-2.543619386678408
-5.232550212067027
-5.2670794554068605
-0.5270357679286464
1.736187167143745
5.109751806755089
-1.4446949830653253
-2.9897042628460135
-8.177832655293852
4.072853762808683
-3.6615550982810374
-0.9949040534167767
-5.890047289313431
-2.729730557510462
5.867168590365198
2.9021474590740524
1.9992847683763038
-2.453021447968776
3.254959916312831
-3.1148291717355945
6.961396073994077
2.7821105286077095
-0.3312176920212459
3.5481915432683646
-5.36347975670766
-7.354388992493648
-4.361008130629306
1.9869602498398875
0.9437454363775457
-5.1167702638373305
-5.909804170654309
2.2758846199714333
-5.3177746213312584
-3.7244322880847345
2.1834786997059847
-2.8584850590601656
-3.4936480300301374
-2.5510993171334664
0.7909089214944051
3.8954434124159865
-0.45543241188197825
-3.8195720525800607
2.9472494331828734
-4.218414827497109
1.5617095149596851
-7.240057128772389
-1.5220858576906144
-0.7670245495629338
2.631831356506545
3.827262888730738
0.12061809887666099
-1.4668541250379785
1.7157390105656665
-2.741959601687925
0.7051129729421052
-4.37608075014055
-2.049041090225892
-8.361904830677021
-6.300010670022196
3.836767111856156
0.5032059045538013
-3.157180817108538
-2.9430320271441794
-3.729462242311425
-2.8034872396593666
2.39981406065841
-1.6130170603610572
2.1183314687701778
-4.425470260625704
-6.257456532871849
1.2962135697360775
-1.3104005736472997
-5.3199651611755145
-5.583758246653756
-5.9625154749458105
4.065237186767487
-3.924986450953493
-4.058483090981773
4.245633153833975
-3.759226429484975
4.4107326975638435
-3.7309163018878295
0.7163484632967748
-6.118067080840516
-0.9345789283572186
-0.11872869339366211
-0.6331396199849897
-2.102011895219182
-4.97133518090535
0.9044634637006
3.873138506778718
3.092349972872359
-2.3358691583872075
8.685390259159469
0.5138379639606504
4.493815990583509
-8.72020073444156
1.6679626779501897
-1.1644872754928235
5.058792565800037
0.7815531903831503
1.0437492838295683
-0.16209058629876952
-2.2622734143235053
0.6550290397850855
-3.1722263548441463
-3.8589488320871412
-5.385352333420024
-4.890632667231271
-5.321612314289471
-3.5245517794901984
-0.8575665971309651
-3.2979742838782986
-4.472959013917234
1.4663744222038224
0.8665875586566313
-2.167713728241486
3.118728900360118
-0.9635886931311679
0.5375837173201339
-3.889729621364838
1.544481363280456
0.17106387043248458
-5.7524986518233465
0.5644744611563437
4.95401838762119
-6.909435296227346
-6.733075462386768
8.384428024686216
-4.117096160816065
-4.57793290761184
-0.15839112014024526
-3.555974199417218
-4.81911615864207
-6.884821603236186
-7.465376958757093
-3.8082898435759427
-1.0559691511950806
-1.7535878370958058
-5.921123636811162
-0.7185168291290354
-4.64232472767072
-11.449710466404078
-2.5942182070302735
-1.2339898279014865
-4.277900224667769
-3.776430736923456
-6.547573441561777
4.086358021881506
-2.5120547391018957
-12.747778951872032
-1.2131917197071622
2.0604879815775354
-1.3147906264701563
1.60937033579615
16.865662943353215
5.745996678592881
-0.009797716710326684
-4.5812356662253
-4.049913869204614
-4.183018552604482
-1.3783783405805254
8.977754711205023
-5.14121227847826
-5.439118182610251
-3.112450968555755
7.510252243424351
3.035256449824317
-4.634698894757708
-0.3170363805809849
-8.394848925741522
-3.645728224274256
-4.086200124084682
-5.049961913302502
-0.11630458635621166
-1.4341814630417165
-9.984974622637708
5.794170360132129
-5.570940333510883
-1.6588811464138373
-3.500616433161238
-3.3849234054673496
-6.042045765882048
6.675058060315731
-3.654093154714137
0.4282970546228045
1.2331602670167208
-3.012571248545337
-11.101614399793014
3.2865046139116436
-5.697119805834769
-1.2970214348237181
-5.838938390628662
-4.308440035413834
4.9840421492734235
3.572170871976465
-7.605239998056949
0.6677087789852426
3.0079812222842954
-5.374013556525067
-5.684723391982597
-0.35489689335884333
3.553624280645861
0.46467842640950807
2.4330099790341713
4.532402863620213
-5.610788148175158
5.6048130281806205
-0.560603708259895
-4.549548108145538
0.36736400945179654
7.1189052502343495
-2.836415250886212
5.339737853378376
-10.767046943212204
-0.7444042374474745
1.5009015721221373
5.758208155225195
-2.6359091987128855
-9.63565525116588
6.682605823732614
-2.677637444134068
-5.855239900694757
3.9134504614263923
2.833037271215049
-6.046421641706668
3.8234215106567855
-5.947590101647498
5.86729698810182
-0.564673451433488
5.5818492712074255
-3.178624233742033
-6.914693271454831
-2.4534064069928716
-2.2440993645993887
0.4151298226600125
-7.783152275052726
0.29808330437863384
-8.025682329909614
-6.671107018039471
5.372565185602465
2.559650389402528
-4.800118793555365
-6.488259730936553
1.7396614185604833
6.933800055761028
-3.1181025466936494
13.457344155889386
-0.9015585170698023
-4.892779461144866
-3.9771176976930844
-10.070157624067388
6.537410702860636
0.2218832312989596
-5.725061333801095
-6.33173987121218
-2.5464327912176827
-4.080069280391264
-5.495347545414362
-9.098524348617724
-2.4574500364929475
-3.1777311771616734
10.587345036170689
-5.106904608544898
2.622249555967586
-2.2712008622878814
-1.996491038778225
-4.650134192574563
4.062864541035832
-4.750145380095582
-8.813768414630758
-0.42326230745040533
-1.520090758091265
5.435419320568467
2.153951794004705
-1.9643260728701204
8.499771496759656
-2.3717857208059288
-0.4570996160973009
4.231046902674056
-3.2663023947295704
2.478133025983983
4.46087046160481
-0.45292452974140096
4.685850252369165
-2.4747416805018556
-0.28524009054235444
5.3250309887474545
7.403958089555272
3.334317090442458
-4.511648435966437
-5.189173045818411
-8.458053622132875
-5.7969644928066195
-6.191008048982588
-16.601253380076855
-3.7341614768308204
-4.338471696047441
-4.404051987294124
-12.669913782988656
7.89351574116402
3.1653465552081492
-9.426530610819217
-4.360780323092826
3.924806978709583
-3.7451156318832797
-5.490986919208071
-4.7800755051785835
-8.222431537337078
-4.6899301679307515
-9.153448491615833
-1.2922647936409912
-2.1696588592893478
-0.06911723186902327
-2.084491111710385
-0.3455992378025702
-1.4200974078624833
-10.100746934603373
-4.365523628706341
0.29915035007777335
-2.9933638644965064
-0.6171239523450438
-0.8316379253975801
-1.572033348297656
4.06837042180698
-3.8680871677024826
3.6478756545641216
-2.4541244775453808
-3.540180683110754
-1.7728078501054114
-2.298854574076159
3.215225799128486
6.375688929151759
-1.0503655535559453
0.19775387199710165
-1.7629423809453024
-2.4885036673644216
2.153809884790437
-1.8234470760313746
0.08226531949505785
-1.8816896734900361
-0.09260917618101693
-4.848049788266913
4.774512868335031
5.794757122114346
-5.852521712615294
-1.2924617119106496
4.2317358677547405
2.2742006258901184
2.038949833648565
-1.0966329642768948
-3.8272488887411424
2.6333728605446174
-5.271923782415929
-2.094683976841859
-0.2504365147074192
-1.6557150261781564
-3.036082856746198
1.9015830692899949
-3.149969226691496
-3.86417160519891
-2.20651687283733
-0.5238696277473662
-4.188858887785925
-3.5400854980833194
10.188323988722736
-6.1933528394922455
-1.4436542926523572
-1.8033722735578446
-3.6741119964777686
-2.9474785070025917
-1.7683477606080034
3.444240258394227
-4.1861373651438045
-0.4152065455173226
2.4188824955182806
-5.927051612755317
2.828452131222663
0.5937608083815953
3.9714053486413765
-5.904041495338438
-3.478127977129977
-0.2175906806024294
0.2480710949758306
-3.176720320339719
-4.000366671609001
-1.9565625607246693
4.427981193665997
-0.8384131724172011
4.520630568850138
-4.063495842501321
-3.229962339437086
-4.373004687922554
2.2286314897722272
-3.116195676187523
-1.9496261004249553
-1.204878146162617
-2.2046372263321445
6.485180496114985
-3.765768170419039
3.8762394125041526
-1.4258274383399756
-1.939951503227596
2.5367602465064767
-3.095967320031714
-2.9084382313455435
3.8138766172996665
7.05017733178427
6.955484838732187
5.1126494097254485
-1.3758239970068435
-1.1702061690964767
-1.9508155310475406
-3.70586887631337
-1.5443722809882274
-1.2718397422666237
-0.18625782280956174
-0.0322471218325964
-1.0421821684911652
-3.2243976914406947
-0.7044209427086902
-0.8111602099278925
-5.889606624290806
2.2657723471732147
-4.71115397673322
-2.3862768614621452
-2.7654448607298527
-5.798335373296837
8.508150808829832
0.23196236826327804
-1.1057534320876448
-2.38021265849638
-2.899115077997781
-2.931833846256835
-2.111421720739758
1.0463480046507867
-3.011193302848307
3.914449156612993
3.7309465921154086
-2.981930099378491
-0.3325300684576946
-4.052445500411489
-1.4607190115837625
1.4419824723224965
-4.79673442999962
1.3521516979584136
6.49962640120436
1.2775371601847796
-4.190898148117247
6.391528338678877
-1.422789915630994
-0.03945952135417875
-2.4105890911570538
-4.022733871791783
-0.46039573144652496
-6.251555681152916
-4.141278344864051
2.748129573851188
-4.244217784623311
-6.42695156599357
-5.066767068740426
3.763253796301541
-4.011956380054934
-2.094904571163087
2.552084231331101
3.8426436471696306
-1.6431652327343131
-4.951190765598493
-3.326200115408705
4.552332433324284
-1.1748312451065148
-3.6220882912035535
0.6449246282016715
-2.126673953844575
-1.0584533165365835
-2.8074275375430573
-2.8540912431311534
-2.8383122604224593
-1.8893464940027138
-1.3654417604089755
-1.9809420008859395
0.5532777078302104
-1.7351246927999786
-0.30427188575954595
-7.03737742850545
-2.471021854629288
5.285228365776874
-3.253735668299562
-0.7419284934121252
-5.153532510395014
-0.4061271231850291
-5.570948315229429
-0.6123873886534421
5.375678650370327
-3.7793004939327877
7.273791034708792
-6.110905949795773
-1.6540708989746917
-0.6761501449126209
2.1145527034525955
5.279689976304048
1.234144378507081
-7.92667023018367
3.7181269229551006
-2.6288985431462866
4.0384917801638505
-0.672726773493046
-0.6053699288676239
4.609676017476084
-7.358009731312736
-1.7509783642874626
-5.113708231716894
-3.990552428565139
2.589936154240104
0.8864608448505215
-1.5772101973656454
-5.51627621115498
-6.749278476012503
-3.3221981450958102
8.867649964196946
-4.200836058170072
-2.589635482057342
-4.586351652733803
2.0313974687163383
-7.05335767547388
-0.6572305709677462
-2.4667879839667264
4.887024102328627
0.8367520185125688
4.25895563827116
-0.18020580618689372
-1.6904946126129852
6.728790205929158
1.2267041273322519
3.6526155309505475
-4.178332095691917
-3.605242097392099
-5.830781233774821
0.25492987733498806
5.228434049070518
-3.6174696731695613
-1.8952878284829433
-4.895082243764194
-6.879638759078733
-2.1336051218318657
5.58051918887782
-5.897113533201791
7.317389729041737
-5.515012266983451
-7.499174788534579
-0.2011528965889214
-5.460164759637252
-6.0704436400125985
6.2067439900507635
-1.4707764161861456
4.673180016670528
-3.3959726116762523
-3.990716359820853
-0.6292621663668997
1.3314995619918946
5.841456185811135
-1.5207949755209353
-2.9326463476471005
0.32424836552848957
-4.3483890821728055
1.8099286180831335
7.856958669747813
-0.6399197238280482
-1.453396073247293
3.8172531029725647
-4.723055186851621
-4.389011459319798
-0.2410108414560382
-5.184522403903491
3.0252439909597366
-8.159390254000511
-9.529238648008366
-0.9749694733216465
-3.75602103779664
1.0138285410338095
-3.1305605678176094
9.570160451077953
-6.734592958793674
-2.6015666387322587
-2.8952083359151444
5.065192523204222
1.547515172706975
-1.0328780866155773
-1.316290173995872
6.2194106017155075
0.1261286660381802
-1.1713696775277234
-1.3328831164727872
2.413873906193431
-5.918012700277918
3.0519219983831607
5.201659295176466
-0.6573225755704742
4.267094928667767
4.126095327775968
-4.719424639578231
-4.257202242485471
-1.5314158439455354
-4.4068435701328585
3.38614588831082
-3.1912845390419076
-2.242429335754769
3.349004267380175
5.510008811911654
-4.345829028003794
0.0737013413656661
-8.150257778904546
-7.4301782834346835
-3.615522029733392
-0.2397924172497431
-2.428504471001134
-2.6830615795277124
-1.1499724773845683
-7.317832840510127
1.744605377075172
4.767113063776913
3.851922827580124
1.863846644897787
-4.77040784790402
8.174245793312787
-3.4345092940777606
6.439705271687426
-4.053909971674396
2.365172997281158
-3.4915532324503156
-7.019216047044718
-6.69235384563227
0.341235476263514
-2.492534871348863
8.435591064936753
-7.6246262488632786
-4.65928885291327
-6.317339371302803
1.2066209393806704
1.0062476023353575
0.808948296884506
-6.037636047845786
-2.422691870466364
-2.8809934576442173
-3.9686941229984374
-1.1064365837308583
-4.886662603855585
-1.6849184059944518
-3.9907174796513396
-3.270981266908394
-3.8586862593193323
-1.436471357220613
