-0.6026541627030398
-0.36323690013068194
-3.762789633108502
4.982215201963617
-6.38575439752617
-2.0253524498867828
-0.8270658354541758
3.1010684553699783
-3.4556598433999595
-3.307843056558771
-5.569459537555309
-2.1783230401059672
0.9612072306621054
3.012830793725057
0.5290424883888687
-2.218910235368101
-5.163795841388767
0.6774600105542271
-1.072870581671239
3.2104500316353053
0.5708701455270235
-2.724783961453769
-0.6391150863874726
-3.2798877631676913
-2.0367499206563764
5.628500645224031
5.244572705845016
-2.621874838617507
-0.9935556621180056
-3.789709591766668
-1.3686272348060076
1.2418486105884807
0.7520264224608352
-2.4261490485095103
1.1230352533424328
0.9562186354554552
2.725271508727252
1.8176720523395886
0.906804831703698
-9.087849160860298
-8.522079405489468
-5.198451904101357
-2.6622783185739913
2.7113480677085957
0.9190992885954063
2.5412889315116742
-0.26625624157094335
-1.5431540026458728
-1.841540647578192
-0.7825078490215819
0.24523115784817118
-3.8172876904200206
-0.018596163216403477
-3.3814349233731087
0.10021757976201426
0.8223026185385977
1.7184007983759404
7.838623963912749
-1.083983261059125
-2.201236946742641
1.8382999034406837
4.4140866059882224
-0.707388593203901
-7.380777601867659
-0.6727836788595027
0.45125078343850783
0.7859540537793241
-4.592463018589887
-6.310260802216291
-4.27630268883397
0.9838530374539424
4.76147811272944
1.2990004445127419
2.237453489506654
-2.3508069133774065
6.5050822330101
-0.4177363405297613
-3.151780170904484
-5.9235257558613394
1.0271894962691002
3.6130807537345
-0.3159019151064838
2.695374619669473
6.523916475945607
4.924555918994494
-3.385298895748437
-0.111521491762769
3.0030560991814412
-1.0627705612965814
-3.388401542371419
-3.0043860392748925
-2.5180255755986334
0.7012357184442065
-5.385547220583821
-4.937343100242108
-6.435441557127653
-0.7323469507607755
1.5602503534401782
-3.563032647450129
3.7259406562072312
-3.761425231981216
-2.192426050773571
0.5952242498953428
-5.543559656896651
7.285289622177856
-0.7066982272107879
-4.967055828798921
-0.0038558020271391882
-1.1424384722612702
-6.2962599486953605
1.9409365697550618
4.833590307008375
0.7976535715376337
-0.3123875683532673
-7.482903625994294
-6.2594408100282335
1.7207828514605004
-4.4607479309108795
0.923490323886912
0.33974197806292944
-3.575551795644475
-3.824616686506138
6.415685642385623
-5.122212798177683
-0.09893587589642222
4.096631064208291
-1.2011185327111225
0.6669197730801607
-6.385993105326775
0.9126931476893337
3.0298143918802123
-5.975433752460269
3.2651864837085967
-1.1920025016953155
-0.5537909214287792
3.71087037201582
-4.676677831372371
-4.786891561024862
-7.125433932212107
-2.7766013777101173
-1.7673778393580075
-4.642523704317277
2.2347327319318495
2.4707925640638284
1.3950966694676725
0.06622036954965825
5.969712503401872
-6.043941643505975
-6.912490849566797
-2.565132809578981
-0.9729717666154124
-2.455649808627487
2.0000659539229564
-2.5955533728054423
3.4980892981055165
-7.802599971315369
-0.5098569616234829
-4.123105959456212
3.054661291878576
-1.3004058038846986
-1.6117977922768534
-1.6716350303758352
-2.7511492349942146
-1.4197129469017153
-0.9010737517492525
-4.97750271587588
-2.209852987543988
0.7471674712373133
-2.8062791223426835
-2.6779055732034487
-4.951633983922699
-0.6828880046484951
4.430654096908312
5.775457999604884
-2.583631577787549
-0.01947239637000898
-1.9011555707235879
-4.673119339115237
-4.318461526828856
-1.9536979219663804
-3.3531537294146254
-3.767269806701331
-4.355545514202892
-2.367083523010055
-3.332811243678149
-0.49144405230190424
-2.4914330093320385
2.7549623542108557
-1.7404803410276626
-5.292254210313431
3.1451954682406544
-0.09484799978705669
-4.114479914451438
-0.08296249328243943
-2.7906206231742328
4.544942327970066
3.190969224331115
1.172751543648301
-0.6129674213916748
2.6918057498992964
-1.3497101282992428
-3.981330897117211
6.449391646747699
-5.813026582860184
-2.2497902988555034
-5.977106273346071
2.458451885312713
-0.45018335495777984
0.360050434792727
-0.31353439168456626
-4.396401171226381
-2.832957851081302
-2.658744152785763
-0.19003971083260146
-5.045836618774376
-3.7513603282547408
-3.286207567241199
0.0029173574769068527
-6.0028005110434695
-1.5560785567785766
-5.661390990200666
-5.572428579588574
-1.482608163265995
-1.007889089927056
-0.039587485168007516
-0.3554093626996049
1.3612397821234745
-2.3606756100287964
4.833611289465975
-5.122667094942652
2.7729711679891818
-5.517217732199523
-2.7576383409897867
-1.1341126798971313
3.393431379052103
-0.8641171896272307
2.007664443997461
0.12105238230168304
-4.337562412667074
-1.9626235138528942
-4.216747139466078
1.3974588849334482
1.8187335969135476
7.779869686580662
1.232926963259896
-4.583953608942187
-1.4792786985752409
2.0693865428902005
-4.142664410142333
-4.0049606427776645
-3.864025819708826
-2.6811650125459647
5.445343109521913
1.70883115834646
-2.0670317901022743
0.5331746885647939
-4.2266997071362225
-4.528938266323425
0.614035402068364
-0.06991438805533039
0.5363426406561809
5.836438545734529
8.137594638688487
-3.5346694277957282
0.878641965475266
-3.9041362807873856
3.097234651063496
3.7543621344206026
-1.7625299157014038
1.5747004519365655
-4.083885894016604
1.335958976913257
-1.8361242844845889
-4.731296712886016
-2.807178924962112
-0.37332397458899635
-1.9708696894889786
1.5065289188208808
-5.744632202144475
2.6429793985068146
6.587106186651178
-3.5929341437585194
-3.364003600710921
-2.861584889081159
-1.0721729464332082
5.702669903644577
5.595750136412888
2.1345245907268295
-4.883867366845987
3.450422643493103
-6.051361663722554
-3.1308754701985304
0.7210128497743902
-1.1779119984879272
-1.1951501169874783
1.8632958593457691
-2.663508493187079
-3.990402467339318
-2.3612198314443793
5.317267492916998
2.626047440694034
-4.697158782236789
1.0326736447538611
-0.4436628547394684
-2.7377937134790207
2.587481267126901
5.215754422959679
-3.6124216272488927
-4.6305539789649774
1.3738537307518977
-3.3438242642296485
-3.232746060543497
-3.3674489238503504
-1.6584339409073459
-4.814760683877249
-1.8068008159167765
-2.1027729017286902
2.913981405965334
-7.031625475517324
-1.367118076254477
-2.8115363667808113
4.556646412463986
4.284134656017234
-5.69972511411833
-3.7334117377699836
-2.4851474115485654
1.170709622648528
5.002664193866396
0.38056625220104284
-4.240536379702578
-1.354287126442625
-1.8260307133657068
0.7854203030047916
0.131166652325565
-3.050202528340802
-4.542203169808703
-1.4847294788225354
-1.7861743480168835
-2.6487234054139575
-2.8196155616130953
0.7116443899368159
-7.368306900018414
8.810376986546014
-5.449010445526487
1.332426708264878
-1.212249035651889
-4.611757157733868
-4.752847039809152
1.506287306816029
-0.3844429852874909
-1.284378140791839
-6.562343247766568
-4.92355185479538
-0.13214980660236003
1.533511030861599
3.8010545958648714
0.6918323413231399
-6.20634915719514
-4.597392946622682
-1.4036647806939953
-2.6658697390524906
-0.397424695362722
-0.4711098663354928
-1.9113096668912537
-6.61826608675079
-5.07517390163783
-0.831299762930036
-3.774364650675563
9.180117145267829
-4.541806364798143
-4.047278114076911
-2.092478282922728
-1.6899813198798537
0.2987284281634674
0.9547165485010388
7.438135721458502
-5.555681894070544
-0.5159546479553911
-5.674695757863436
3.876117702459878
10.740737866194486
2.2458863361163646
-0.8509767304929127
-3.5753584957657223
2.730580148632382
0.2658677401274094
-4.349558452388804
-3.7106187542686015
-4.841016495501082
0.1122654174962943
-3.963687003118974
-3.5004023273994895
1.8396717401254437
1.7496663371910262
-2.811376232843765
4.63284356820288
2.141272011858279
-3.202967834433777
-1.0375268517241418
0.8509134534974546
-5.379338562491499
-2.4502968172755306
3.785105627076789
-2.327181904786359
-1.7652046945510644
3.5477768778983667
0.55266347492539
-4.813068627242695
-2.8417147083100165
-1.4654067940027822
-2.3386600076519706
0.2945751743696937
-1.1377975245405032
3.0966940352939933
-4.277393404996118
4.459388433891176
-2.4229337877067296
-3.7316475527210806
-6.2881123489454875
-7.343880746348124
4.086275994025572
-4.388769458216502
-9.404937519578965
-1.087146668875455
0.5622986861694852
1.238152222179159
-0.4562481776695466
-5.741318553375657
1.022935674230993
-5.108988346905106
-0.7746503772434024
0.17028273030666446
-5.504132243633734
-2.8240784401908297
2.99338814811655
-4.96337065040404
2.7384522443583035
-3.264375709848376
1.615762719623398
-7.285992548676563
1.9079017732253043
-0.11884382470735476
-7.567135305742261
-4.9721005743955535
4.078504880567034
2.3534394851575415
-0.8718569464883595
4.795866957768363
4.732045633557777
-2.9619407005646345
-2.1486736456209976
-2.966538864632105
0.8807347368461586
1.6924217072246073
-3.992087471640625
0.06529988216903795
-0.9454529631145221
-0.35850487143222953
-2.2222276442660833
0.8475420161371617
-5.972129195596053
-1.6271643621481058
7.74913778525571
1.9511682901262881
-0.7839343571290165
1.822608850939735
-4.958800415161643
8.521460302644986
-3.5695124022063824
-6.101089429502622
-2.4766866679922224
-1.6229050848118565
2.429493260143018
0.13683403009493136
-1.1777962866401586
-0.5456284618114905
-3.0878892996418577
4.398134583312771
-3.68376477829863
-4.207955284626621
-3.88861262938628
-3.0555051790708685
-5.047720939923751
-4.428555477447498
-0.4253654077245478
7.252568438008938
1.0727830923239718
0.3057343792071657
2.8329856703255407
1.127129933254539
-3.098722602402754
-3.124270563770173
-4.999025371281269
-1.4720568064947048
-8.211649602075845
-2.5436047660211134
-0.2605259452031886
3.126489209623792
-0.6020705545290161
-7.53622383569008
-4.739128016575752
0.4766631318438623
-5.892866255704831
-4.090159620848674
-2.3861084586295487
-0.8924515047982631
-8.346048698875737
-4.533862183690411
-2.525840386059219
-5.066773889200821
-0.5190934185082016
-0.03930891605366683
-3.4867363197894474
4.967866980127636
-6.3333571326323055
-1.86411074002714
-1.2102017439312776
3.1836131676606514
-3.4184604528636764
-3.3050675618485266
-5.454799570724594
-2.168193715197787
0.9609604464352186
3.09341343859897
0.17113550857672982
-2.067358171601133
-5.692237291319555
4.511885565511264
3.555470443549755
9.68764194647756
-0.7291866171179675
-10.76408207216508
1.9462107200087981
-3.9047464004789063
-4.825442516748822
4.223366500834182
3.5857461450927883
-2.5622678683473903
-1.090498216945264
-6.000803212926545
-7.823171679028916
2.04322934931321
1.556555537822227
-3.934782129909808
-2.049223732161328
-0.02188229772611613
3.451958207300355
2.0276687114718532
5.951170654960563
-5.376517394470827
-9.213373573831642
-7.984228159407817
-12.078404362250367
4.401296622203868
0.903824838163466
0.7544903976148725
1.2679259537693666
0.49472076321155406
-7.812518874671603
-3.50113096791919
4.116828283781418
-6.839931624565269
-4.613627014063489
1.9779440681147753
6.513999176691598
0.2744225966554139
5.032091464286328
8.328388977561394
5.599527125903942
-1.4970743972018565
1.792110526178223
-0.13112866721672886
8.716929231208786
-10.635690239471838
-3.685552141724424
3.089053840126564
0.8516581666472157
-7.258260947648362
-3.651706751225556
-3.7216883404757186
-0.7973070550545341
1.7835580035860945
5.713062021070299
-0.6501109925347561
-1.046186237128389
8.6869718087389
-0.4649850393354211
0.9203622144691621
-5.6932189812281635
-1.0870064982100316
2.2425617623983536
-0.36106927984090703
1.320712854007436
5.247641803955681
3.5540872170700726
-4.288582259702587
-0.08995237575938608
1.6305013280553586
-1.474954938287931
-3.6128651391236097
-4.010825447902424
-2.5172480842971905
0.7006322550918046
-5.342159067019376
-5.086340180273991
-7.5212850196618914
-1.3966549165243838
1.500899306469945
-3.5097351518242483
3.6809554351148246
-4.379436043939715
-2.8415276542074572
0.2883695431492969
-5.415655636978994
6.70650120308187
-0.686823879544575
-5.361474761971656
-0.006451213233865211
-1.1427009047603056
-6.303979087603528
1.4179352949986321
4.171778522442784
-1.2943901164290388
-1.2744186568929516
-11.259026793429637
-4.972742806501573
2.1006344759997964
-3.4090646491334606
2.37078047598096
4.47734151229171
-2.929819681232437
-7.915191969649537
10.084704396072548
-3.89589141620701
-0.05642047744908922
-4.3461399112047525
-6.615890800284434
-0.7082015803062819
-7.188368978563658
0.9475033308807065
2.1513898298932697
-6.001532034858733
2.377766660391149
-2.078373923304911
-0.6739747264375625
2.8357395516066766
-4.750032351629206
-4.792813593041113
-7.178444017283402
-2.7769217077515846
-1.767275821470022
-4.808656859795888
1.5646443827211083
1.6458475716267877
1.2331449813352588
1.0961385282567264
8.98314050327217
-8.10926919780224
-2.907630949967822
-0.3787174613692271
-0.5774890398237125
-5.708940389492646
4.915353859968552
-4.494226736399558
0.17959836926351938
-6.390020109474483
-0.6242262376506813
-8.425093501356976
-1.022972302697583
-0.5372907943927541
-1.5281655396068536
-2.212183705171598
-1.7915609882506414
-7.592952011781484
-3.913854204941392
-6.3541910771860275
-2.8747870610217423
-1.3837212679924613
-3.6936100001219168
-2.859172479197658
-2.3002100911814174
0.8847592318910149
-3.163518798810489
2.7130408067215863
-5.290856069775613
7.444727833119322
1.2706759586695129
-1.5594662490393363
-2.860297204143105
-2.257493519745737
0.18499026119630652
6.076955607002478
0.4865987614684492
-2.7719481162490847
-2.3036229490313507
-0.8109659913026617
-6.14458601944219
1.6467745341878766
3.05966356885249
-1.5486637964964007
-1.5624884613379046
-2.78087048953906
2.3785385787962046
1.5083973592270303
-0.43130110538232885
2.0892019072988828
-5.0230849543441245
-2.451155880514764
-2.4535158556891434
-2.211413101064951
-0.5239014209318702
-1.553097985185166
0.7908961744766194
-1.5945166413737386
-4.022446476656803
-0.641162972982829
-1.6170851605563872
-1.2944977458649471
-3.891911071355487
4.496188633456002
1.0626320679817178
0.4343764743572804
1.5782917389432862
-3.5704927030991773
-7.386953366959363
-4.009544986042048
-3.5104494696777593
-6.117332566240366
1.6427566617276692
0.472775393368144
-1.987837517550144
-6.134565333672912
-4.293207274832404
-6.806986706364255
3.986142941329678
-5.120366941353539
-1.3622708391452736
-2.934193306197411
3.625854092435381
-5.798741831855263
4.017969426402324
-4.600747995272533
-5.608937296631358
0.2850377015237504
-0.30686603822467623
0.9386016251823401
-6.04777003730879
1.2806415873510437
4.518436497004427
-3.1921037602035547
-0.008492008277949683
-5.3969432961432355
-2.3174564690231976
-0.9134549566449163
-4.924940728464492
3.251661341817197
-5.188746551136247
-4.152144002931007
0.9401618692025543
3.789712226729492
-1.7274622730402305
-0.20606611349358375
-2.246203043757535
-4.3025552713929756
3.823831683651736
8.127127996572307
2.803232208025572
2.634915412434046
-0.6458480300211954
0.13349455101608876
-1.601706699778534
-5.554804162516594
-0.3145491555808746
-0.6728973878693538
-2.1119078255527546
-4.835443571354922
-1.7831298406429819
-0.0915723899268399
-4.3576479720870065
-3.258230029588574
-3.0089243609324594
-4.3546974988901646
2.113594164809028
-1.4455315184582342
-3.054095371744693
0.11644018837068389
3.9232006053367896
7.83194101410465
-4.4814716453591
5.885070314701444
2.294930501012586
-5.018921123006633
0.5334458899778651
-0.027918049802525473
7.0466490151447765
0.7528448240686649
-3.993930940717249
-0.12030469700520896
-8.627943749578524
-4.94684663794517
0.9211794934639673
-1.4411004016320617
2.674351266246656
-2.0517335388843176
1.6351798948070202
-4.4660117325501
-1.7696954797498372
4.800070506078459
0.9978628099253962
-1.7480596186336652
-4.693288236015151
1.5160478364913985
-3.419943947029645
-1.2814469228020111
-1.9561446848790516
1.538909863453994
-6.658990525790538
0.6852802667864031
-2.613161741771613
-2.1554273929752306
3.1118794834041204
-2.218529109355213
3.7978076781283225
-6.3126295264691
-1.911326071664144
1.9014051777239211
-3.890696725093528
-3.862166556593674
0.5359171512573684
-1.808972196735166
-5.272525221176959
4.084997535725299
-0.6569967972882073
-3.948625751608681
-1.9962927654261668
-2.0804061643231506
2.1920944343267137
5.688231113437643
-2.0856786536360534
3.8325977759456435
-5.599990061670188
0.4167658574041916
-0.9413550726693899
-1.782016965713142
-1.0952386042710764
-4.76073862477157
-2.902044004932439
-4.844233930302622
-1.8643438935780756
-2.3459488190302564
2.99678025261542
-3.7905211882021543
-5.955908587294242
0.35084697833033884
-3.6118395806778887
0.7138229430199352
-0.1381424618671516
-4.5171212062834805
-1.0797558130468408
-2.5021823775271033
9.192582871288298
0.5289028960233285
-2.5701078467695826
-1.6061112777483686
-8.015294000875645
-6.167551030842375
0.45299200237479753
2.4348455730331233
-1.1760168925368275
-1.6778137752525255
-3.2989094922290203
-1.910754373139082
-6.355022150685534
5.78658491389276
4.036286810861588
-3.1547971597119684
-2.850323335294573
-4.962546462248773
-3.171377546454719
-6.0956506389326375
6.062672143426425
1.5042046463252527
9.744043287342258
-10.928624151724302
-1.4996659558397623
2.7928252621266303
-0.4349554756806001
-0.5285312581001701
1.527579115885348
4.243834357343314
-3.73603766509632
-3.95000319384843
-9.180124190413364
-1.1160917916448094
-0.6963213926432618
-1.2532645479423015
-5.777096288403519
2.9479587170414185
1.3638963431374014
3.683914485906662
7.369903021130995
-3.4121193017694336
0.05361783809265425
-3.4556867455412763
-9.874698748366194
-7.313576560897432
-2.5076463425637607
7.49544733697482
-1.8711145642508862
2.8764885483882905
2.500150563293137
-6.572117081595201
-8.666966404391504
-1.0486004824333248
-2.8462299661887096
-4.245379571511913
0.8767237526751638
-1.4103804244364466
7.958629226916856
-1.5906795439265426
-7.346491278267233
-7.318149135795526
-1.4898436632851484
-0.5638857916408069
-2.252424651227051
1.746976967372384
6.276103573334198
5.620236658668142
-0.2154438160857861
5.894955227961571
-2.4498944058312064
1.8368043962713634
-6.505311192799032
6.124486776909324
0.07151611741098694
-3.841523981424816
7.613430585778345
-5.882547938329312
9.46068586558257
-3.7193442824930316
-9.955341544529906
5.0184481672421475
-2.115583854837035
-4.185944090872331
-3.512960403135262
-4.668709946201634
-11.486444863817386
3.373051542202297
-2.8177086422591286
-2.156178842378191
5.624822352188403
1.5295328889625768
-1.700578868391449
8.696670655894323
-2.023637376409694
-4.017733205122648
4.213192900981513
1.2513855054342267
-4.954328124928029
-0.6558336534425296
-1.4028078053548017
-0.18830775029405683
-1.4277507627274049
-4.264765298302519
9.044500713231361
-0.4552120184145064
3.8975234120823874
1.7277922778601946
2.2593715459734134
-1.370477330752583
-3.2959872068628817
-0.7551796125189376
1.1645844498247482
-4.162722639922059
-5.6995686172648625
-4.562499604578846
8.565313096495121
-6.087581136351111
-4.38740487876979
4.909425961837231
-5.4524134128302855
-5.321609102614056
-3.789753097570686
2.310638051756147
1.9644353683259277
-4.387928760983527
-3.6592785024933976
0.8667440581618208
-1.6517296641784784
-10.9383136222841
-6.743744432735367
1.6640786036783004
-5.814343223625539
6.50138867014751
-2.4560390402960293
3.575448530283284
-4.5620069182082075
-1.5293878824547935
-10.688738120239448
2.767370149313696
-3.711698668450274
-3.8941902404313664
0.23944042501021315
-5.434687437310925
1.4602404039529318
-1.2196727938316425
8.655606030296703
5.68164646295394
6.069147050696239
-6.960035450182583
-4.719463420767541
-5.490878907857088
-6.611368668009541
-1.5202877108446364
-8.834728928763456
-8.47034489930738
-8.991976429184927
-6.742417336248601
-3.3383578588299327
-6.1062984385344645
