-0.0836312890762663
-2.57398384853471
-3.205206912115958
1.4858381610315041
2.4483561985489657
-4.1322170671065015
2.192513666208173
-4.1049599093001525
-3.2380762564525876
4.60413780698699
1.0078172230988192
-0.4352270532467228
5.023838714300358
-1.7415284660929609
-0.03496972966197289
0.31480895581983165
0.8181044575393245
-3.95727321133285
-3.5323462892909845
-2.9486327445659857
-1.2995060724341199
-1.9563762530860471
-2.4469436020546276
0.600803228855909
3.3510716084460346
-2.8618029540818815
-1.3228887908417812
-5.207670926815636
-3.652604451477338
0.9770445911805385
-0.8812674054217785
4.340015296217528
-1.7787709846432613
-5.265005994023199
-3.1234090772991174
2.076649555778022
-1.7364973050115804
0.09295604555313365
2.534851692626707
2.493296864615485
-1.7486840459549293
1.7599993118533415
0.2283042752636702
1.101305179178552
-8.150279067327167
-3.0490156289636796
-2.552631686978951
-5.13559860124115
-3.3625588013216405
1.12664921236363
1.7557290550425773
2.4105574218946755
1.469631809961852
-1.6762485988806315
2.283344798423346
-4.230822628124872
-1.8353141800900463
-3.9001612335096376
1.0902781417418432
-5.524969633593075
-4.244378784228073
-1.940605087134221
-2.5054442551971694
2.0958413424597153
-1.4726886645004018
-1.326948003054996
3.869233458554956
-3.4296968259730276
-3.797992364368661
1.849102125708051
-6.84361099720217
-1.2534234122555972
-2.585641323026254
-0.13612985207246964
2.3335676623096306
0.5235688400380162
-1.333511953336632
2.7775547625648542
2.929908390682138
-2.28933999358652
4.833738483559268
0.42877711616477193
-2.4663237604521457
4.706070594725987
2.735736143248445
-1.8696089425575941
-4.561746532240112
0.1364363124371986
-2.855967392082138
-4.256568764508905
-0.23236501245148175
-3.5021894848807114E-4
-0.2519456617713873
-0.6614208513939513
3.750474732789237
-3.550556060493611
-0.2584714030261665
-0.7446773692274788
-4.603721833380155
-3.515084698313742
-4.79767177940584
0.00413481864794183
-1.7286600868622628
-0.3839955553608306
-0.16753281093034153
-0.9959448572342467
1.2849762090306511
-0.7369236933153908
8.153927860120623
-2.3611983153285765
-4.44597573153319
-3.6772742562995036
-0.10106765067235975
0.8526597835379254
-2.880154016936559
-3.589361536910244
-4.017789042855289
-0.7858529109102669
0.47757776171033034
-5.099133928621984
-1.627674635436192
-3.2662363384685946
0.05328177039530553
4.794497496394366
-3.3093578986578343
-1.9203799479073391
-0.009371806102599103
3.4370073302153457
-3.3641981230415294
5.028379514030323
-1.2684263669882547
-3.433327469132463
4.018252271064207
-3.523528234549411
-0.9891613569729095
1.0145038617026143
1.5154350146843725
3.1930424332183223
-1.1645785613271653
-2.6686263071825005
-3.176747694140623
2.9541448880748886
-4.642776772938594
-3.866069536191712
2.1782631528439236
-1.6949277709031179
3.639389283233422
-2.3234027595756817
0.3199033379678696
-5.58474338887293
2.3557614276776744
-2.0370985598675713
3.799263008450765
-3.303729413227065
-2.1356611325068804
1.263722531511238
0.3546626242212704
-1.0927270212764517
0.8876875238697234
-2.359837808014509
-5.255747868516754
0.48791384913518
-1.7754182967857934
-1.6060938415421289
-3.6706142333197564
-3.737168338970729
-0.8575712935805574
-1.8588585015396641
-3.27561607522111
-3.0826617884426217
-2.842711314482777
1.5004572787163144
-1.7244380580652945
0.3615852562591636
7.676671814267499
0.05173115600497556
-4.477496643709873
-5.689136365012861
-1.5906929733980595
-3.0140781169505577
-3.761351349865325
2.084105935311956
-3.4359490021849814
3.953104416267586
0.24762005402633916
-3.589759782552691
-1.8386626632638874
-2.623657485756486
0.12981462974073424
-6.191343526656659
3.085586418142646
-1.152682573642179
-2.5656031684534573
-1.5123390596903241
5.2348233975277
-0.24208123070974166
4.48442650785995
-2.928613726446801
-2.544301105195773
-2.7685775972105247
2.390415240044623
1.238749495599118
5.028111548189031
1.2103546100974758
0.5109294803474204
1.1257014104504577
-0.7441084811035705
0.6815838977273915
-1.7408277898978652
-2.392412593549869
-1.5758851226592718
-1.7635465029567603
3.3735107634261463
3.245110487987628
-2.8666296595738108
-1.3692042957643955
-1.7331331341604157
1.1817001176019
1.5819881900942507
-2.4931956479836987
-0.48261370497244926
-6.83224272673773
-1.276040280036951
-1.381459219499998
0.5908546264051696
2.4282799995326485
-2.5556782262879296
-2.4965925291421147
-5.219148353014547
3.2209100525152063
-0.24350362483054513
-2.1048323796418784
-0.7091274440533669
0.6905152638563075
-3.1980649096381653
-3.2570185834971768
-0.9692201767335418
-4.143271160793754
-3.359038250990868
-0.9159215960312757
2.0925743536600474
-1.0824291400062624
-3.4521166007537
-1.4795718367799346
5.22240424631252
-2.336946181226553
1.8566241554576868
-2.6390311872654597
0.2139970963216555
-0.8179506075714349
-1.2513822944670754
-1.1266989234730662
-1.1428030251154677
-2.9575550063494838
2.6318980728841317
-0.6589881874345015
-1.8163141215760876
2.8024466145745692
-1.730044108751267
-1.1467475381010677
-0.15404122039626614
-1.4151387886386513
0.0783077890034399
-0.3512302637908372
-0.48448797344956246
-0.08422782198240801
-2.8028263361442116
-2.197186868439442
0.12331512504797669
4.637862339622642
-4.017813095464897
-1.2210189444316846
-1.5185496098527551
-3.6971697422628624
-3.9285659198116893
0.5676082265240279
3.889868676687154
-2.82561424244183
-2.7487218013077284
-1.845927821472417
-0.3597105771270587
0.14209367175081444
0.5836087372892084
-3.0612225841168437
1.0448466120010709
-1.2617310212406323
-5.02234944252072
-2.1064060562589906
0.8509128972557954
0.2863318042880951
0.16158065914552414
-1.2475523986898582
-5.721709702128533
-0.9531234434228771
0.44282027427927534
-3.1594216183155663
-0.2712876770723628
-1.7860363836737836
-2.4925654195877285
-0.7613852688705095
-1.4209679392096561
-0.8349993545827914
2.7573624257628384
0.41079399935937216
-1.2542286340337692
1.6444906392138205
-2.51836114684619
-0.6723654485002497
-3.342581712108814
-3.8193667372960682
-0.15019496710164099
-3.6715340432524886
-0.13450204342399746
4.036693789268733
-0.6452338481863263
-2.3118881971213687
-0.6738110959180158
1.479141765226525
-4.5086142084565095
-1.0573849678669678
1.2662999157271706
0.16361821935612367
-1.7756856022395362
-1.0443157379764447
-4.088997712130587
-1.4218504431942023
0.37675535753404765
-2.5140351388459528
-0.7862609267271251
1.2502048714823593
-1.7801465061455624
-7.578106401574926
-10.637499689677888
-4.759669677846921
-2.858509091563293
-5.488835581606744
-6.343225908873252
1.9970711387091298
-8.202429251147663
-2.5087977864196245
-0.19114713849781514
1.0374227309522421
-6.635621716448443
0.03383758116438558
-0.813915350462858
-0.5859934218258253
-2.9713584321660687
2.326114528334472
-2.5040447673930943
2.6211934711897014
0.5514208317834548
-3.015567508540238
-1.6190173891336455
-3.045941161571598
-1.8439827911106164
4.3680700518922695
1.0470057019319603
-2.746188615543677
1.4271880775683614
1.3907911630018241
-3.210635014933955
-2.283937906450428
-3.9407950231110944
-4.112385488473696
-3.6041401611901422
-0.7883971351470711
-2.0543008898241966
3.0099156357146217
-1.3539000992053152
-4.860898463636083
-4.019088984646936
-3.5841032867493214
-6.712185786844542
-3.4466294036236147
1.0665525631914512
-3.1093500167958537
-4.55784020046699
1.82038406827093
-1.6552885644519668
1.1572568292511525
1.548143093735598
-0.8174331473722072
-0.7920531476284836
1.43823244557691
4.849787022082527
2.9831938948354177
-1.2019079754467386
4.448770701972314
3.5446802577507244
0.25249405203196035
-2.4082488722327327
-2.4170319436741345
-0.6475380978760635
-1.8479994768956995
0.2008043008030665
-6.124092733749111
-2.6853941101639345
3.507177830821016
-2.6294865779850176
-1.0106087374824493
-1.85691279176042
6.41071334582654
-2.595649686261475
-2.7564831621627794
-3.601743032101515
2.1170916761517353
-1.3423935997831855
-2.886273473593442
-4.16931922394288
-0.44762005377753994
5.463056566010298
-2.0030066132906956
-2.561437688749127
-4.627047283376144
-1.307452088393586
5.6647995030773926
-1.2201532999008369
-2.2785819940222733
3.9018221550186887
-2.7475817469381694
2.4420338920798077
-1.6405327448958877
0.3147814757342738
-7.339395068722216
1.633962884251307
2.2254702841863807
2.742646699585473
-1.5112673112867434
-1.0420867631054789
4.476624186534056
-1.032463583568713
-0.7375712693522793
-4.799459623488969
-5.491634984370338
4.431019615687912
-3.6010548106823306
-2.4525670348141486
-0.3831139494863444
-1.21710861237872
-0.9505475826787282
7.771570061401086
-1.5102422354140288
-4.03481855147921
-0.20413938425766107
-0.5809307613469074
-2.6511417316941586
-0.23802457014136144
-0.3611338423758172
-2.399782542342892
-2.7339045358970995
2.1887545597813807
1.5673381314628576
-2.220900944486742
0.03282258964384934
-0.26174862116707454
-1.0447061782098808
-1.4254804426618293
3.202310278088353
1.1799777786842784
-4.869273219484217
2.734492340785509
-4.368255026734821
5.046870094517714
-2.913398335246397
1.1646142674385005
1.44828144118802
-1.0575776529538647
-3.4944492727730245
3.1460579474672152
-4.110722336723073
-2.2286407884106567
-1.0874523447955906
-1.8849041774134088
-3.979008164413131
-3.1145798056960747
2.188560390940634
5.082738751233159
2.1308653806437614
-1.1434688295951891
-2.5991267950816463
5.058005680813643
0.8893831677791594
3.5224999788688303
-5.352774870267309
-0.5909596476166488
2.652280457243486
-0.9325730212949828
-0.6134219512825557
-0.9202594363739094
-3.281146005502447
1.1385939762888895
5.5392587760662835
-1.6652380991912512
-6.059896752603568
-3.5686426096936947
-6.663535445310496
-0.0952332808577926
-0.7605013988855074
-4.695665587021893
-3.1923148950921885
-2.0980763952590293
1.565235166735965
-3.233542326894297
-3.4718076412932968
-4.346846736490719
-1.903902684022769
-1.1927542903942077
-1.2981049302411571
-4.982902205310384
-1.516228279028743
-0.6905525878801526
-3.233268923827998
-3.850459387196188
3.4791468686315925
4.3291848794253225
-4.436853282885158
3.141070241080335
-5.8201170338188115
-4.223604326251703
5.072410857177258
1.0440778380199782
-1.8078535466597734
3.949705868170306
-1.768786235540527
-1.041429182033001
0.35334485653658637
0.5869993603952708
-4.016352188486096
-3.6313667749087855
-3.088743342826938
-1.6757963402660796
-2.8910553036015765
-2.537342230528334
-0.2388369474780544
2.7797237869540177
-3.179681015446903
-1.3370325791490532
-5.205067326802445
-4.239143596638496
0.8604646095349354
-0.9219666010118568
3.4396224163186204
-1.5544866422214187
-5.6059702082136695
0.469867772984426
1.6508043849781644
-2.538566323500054
0.2251442747526766
3.494952720466708
2.610156221237732
-0.7533422005955149
2.8553455431975614
1.559910491377996
2.782895260081038
-9.112871923011205
-2.9004312238693712
-2.863620843323034
-3.6107388884240423
-3.3932024014999755
0.6363534185107238
1.5470186393216783
2.116493591096383
1.0548375432334665
-2.2924946364266723
2.030926316944579
-4.2922352784296525
-1.8364597626914314
-4.002415165840199
1.0914439955225672
-5.603794013320134
-4.292759394207939
-1.9650806185436158
-2.5041555825390236
1.4995147249846292
-1.6045647798863816
-1.5233024100141501
3.400253321107077
-3.4577557383771764
-3.9687203393540345
1.3684532236146685
-6.915893993506887
-1.2532117494048323
-2.7148723000637376
0.30949996630201315
2.0173287679671486
-0.8538254900515757
-0.9999979529007011
3.9309729120962
2.480667445876167
-3.2102888843728876
4.992029068020483
1.0481480363724212
-3.1509579787669977
4.6963923228339155
3.284037339575721
-2.0583714093101273
-6.6668856735267505
3.9167880652688596
-0.7954176662814167
-5.168084371043265
-0.3462905404630948
-1.3120150896297214
-0.12231981525971829
-0.2503980002572847
2.5155360849707216
-3.7481439894335913
-1.3681961047510793
-3.573398539185548
-7.779436500829792
-2.795719909728134
-5.78340882362667
-0.405194903107357
-3.351092593158861
1.6572843835615432
-1.927989299554807
2.0387043205642037
1.1310280783756526
-2.2821110833127327
7.277553916778645
-2.6324314085062737
-4.975313152664376
-2.8294696826059162
0.3704626825844992
3.694071733559333
-0.493733244579347
-3.435180074894001
-5.766135333684327
-0.1635854918172765
-0.39545832760407656
-6.502843863357137
-4.508466276560806
-4.146720905645837
-0.2368336687631467
5.694110934474578
-2.979302772946977
-1.690350398227474
0.2205273094934793
3.638935968525363
-2.058978948456259
5.753882182437101
-1.5029775362821998
-4.92708328714192
7.052613698819501
-4.577701445902219
-2.3096579023302244
2.1352915408666067
2.1534789171991213
4.977075692053721
-0.5213196053611702
-4.6641509178053076
-2.2362714512015622
2.4101070460603347
-4.517296901353685
-3.2025506929616316
2.812508266158069
-2.498537754126458
4.647072718562214
-2.146907761353875
4.7400610326675015
-5.515292578004031
3.2962087340390784
-6.273915798843296
5.956765137855324
-3.7594804827804857
-2.121422276070483
-2.250295814957564
-0.38853394441778194
-0.9292520150147229
-1.031877992999255
-2.1735612345384996
-5.556210096517375
-0.4467782564018143
-1.5972183746767663
-2.222439254456969
-4.152397936187329
-3.928740354831291
-1.2673266222422794
-1.2027816758920236
-4.341504315576264
-3.047648307418871
-0.09479890772211222
-3.0091385672663655
5.495551391106934
3.5493186548002513
3.103966599260771
-3.220248893536057
-0.7662612764968967
-3.570869924435463
3.885113928049739
-3.376973411332009
-3.0106722002742914
-0.0681996910480492
-0.9588583915500704
-4.918869624535412
-1.9574993127829587
5.645407496119607
1.5032358518528217
-0.7522664305303929
-0.10536647364622936
-4.649690889181597
-4.558724779252115
-0.581553803420189
-1.9078962428281308
4.859472941409278
-2.2334966991295233
-0.5649321433451145
-4.6906919997257415
-1.597626627047536
-2.2047269724267027
0.6174517542886249
-7.073776466303895
-4.69484649177027
-1.6887557003855653
5.3753532146450445
-2.09037410508532
4.7930385567433005
-4.343990183522137
-4.583557775949722
-0.4446203036225652
2.9265992824424245
3.5725924143898027
-5.7277279453733385
-5.191632675875341
5.447294557227602
-0.25017897693182284
-3.4150709530076226
-1.4927930125769784
1.3062268128776509
3.3375327290705266
0.6019414924084096
-4.1407465595818325
-0.0031311168302673932
-1.7465652336627857
-2.9551774914232367
0.3195877431115644
-4.867913544076233
1.727713936174534
4.0698939115435655
6.9057896667505325
-0.016317775691461468
-1.870710436343715
-3.860110298017535
-6.125651580216329
1.3383918280843563
-3.2894877403246183
3.1130834580307822
-1.0096550875964756
-0.6033377093449175
-2.811362436992175
-2.449708271785043
1.873020978892535
-3.0503791634862005
-2.7003327685153082
1.9454576279344435
-0.2658725578479642
-0.3811416725849593
6.59378091270075
-2.8872254405618483
2.592979182594486
-5.680391969700512
-4.104562125677166
-1.1864604642098908
-4.472657552154828
-2.6177926864823813
2.825826207155455
-1.6166942566995215
-2.3004486489155833
-4.806646473394638
-3.6292320425425584
3.8440296445250817
-6.408092677881858
-1.2168650878420582
0.25712105010369973
-0.35970103411784626
-5.6787900320141915
5.325123077857762
-5.150167856543652
2.9469228670597465
3.4955958466694756
-1.5177467101519937
-1.644957834435873
-6.1950979868750675
3.1588977174625694
3.7038045154197263
-5.375322229268568
3.3589934468301674
-2.378268023193331
-2.5363734143554844
-2.883870892773479
-4.73402257792383
2.1820073150630295
5.088725790579517
3.7478796916743407
-0.7218783018036096
-1.3689578170304846
4.876141894161934
-3.0271710608493954
-2.3094330477439664
-0.2655581642248247
-0.8162188523298057
3.984781558945367
-5.822864563985797
5.652885370222484
-1.6864018509602654
0.10975496201011874
-2.9599768856165123
3.8339471076243155
-6.103805295875351
0.5376521410485974
-3.520993566078361
-4.476986986608382
-4.512632651783238
-4.414699475946732
-0.9569305315261688
0.42368637283708777
-5.039158820619093
-0.4508629483029135
-5.440794836754551
-3.0452991575791772
0.050597787432094046
-1.4873958633786935
-0.3451028697594488
4.110076122768145
6.566317991706304
-4.279793326115277
-4.939794042948632
-1.4320907998920078
-4.614176861234178
2.407461767316068
-1.4550950886729348
-1.3345672679786662
2.286797245355246
-6.508350574224999
3.9888470349104663
1.046251460755215
1.6029165999271138
-6.300719387508084
-2.8457202741317955
6.467226909002276
-7.102178430607521
-3.232261131464797
-0.3697166548461433
-0.9109762899595719
-3.3483523088930296
-3.1721087039598608
-2.330450121520526
-3.8807669431645393
-3.242344437290029
-2.14411209896686
-2.203619205316828
0.6437582823471246
-4.9153556708479
7.421431175978719
-1.3386524997803262
0.5684382212838887
0.2934696093488552
-2.5621056468846612
-2.604714527697088
-0.5913253709442418
3.768214652178094
-2.1960711071222248
0.22258321738612324
-3.9074383435642988
-1.9895159933843087
1.717429988694336
-3.5506355532456606
-0.3820650032857891
-0.049608225878468616
-1.8641509678844415
-0.25618468804342176
-6.546112905367796
0.4307440368892696
-1.503455286758596
1.4165085282128644
-0.24869653620626692
-0.6920373835320693
-3.9793301977483497
0.3858169918371867
-1.8161177123080128
6.294205423618663
-1.6395894239646998
7.992876614318324
-2.3769503463665083
0.7775998275304079
0.6621301878572495
0.727530185152319
-10.123325146667014
-2.098057337191847
-1.5164212491965088
-0.9508716480817816
-0.55471800214351
7.051141686393967
-0.9669474989513623
-0.7305084109878156
3.247889620336298
-0.7660353715528524
0.14174326528732636
-4.743582171141506
-1.0236371394905743
6.7612267146808795
-2.846282594325603
-4.1322872862656865
6.067313974981595
-2.7814728774996498
-3.922599973333904
-6.6626354746911804
-1.5769706995042754
1.5466816216263697
-4.683136208030498
3.488742930065259
-6.4846915081509575
2.2101594168672176
2.5864716657008677
-5.378224421910312
-1.6141681623138544
2.781944363567284
0.7766693183320376
-1.8346225082865486
3.3960408102442607
-1.9876951285179456
-3.6375050500238704
-8.148855314409087
0.3566717369031506
-4.87290811035658
-2.4346570153039617
-3.7180585991462727
2.9833716248840303
-3.7924147903377765
3.273091142678191
8.551189831378316
1.047071857196029
-8.097978468556507
-7.6323790794848145
3.919713641618604
2.0337705151016285
2.066164577152825
0.6774847782097808
-6.211400215391769
-0.29003242418377234
0.06246007276793922
1.2531262426558858
0.7230297177776968
-6.264190788314259
2.155818439395635
-7.643765427575661
2.0209435479490656
5.735007920367326
-2.9787023480812795
-0.24825437974918066
-3.7772029095226163
1.7706959282586539
-2.074308244437175
-3.2998232054501244
3.1758050382320793
-1.5394092511091604
-3.3756277332474838
-2.443985758348047
1.60259221862507
11.030879907203314
-4.660137183599924
-0.029971430430373914
-2.4726400733453966
-7.437627356884751
2.792183271436557
-1.1344195293083106
-5.138255369427006
4.821543021335635
-4.8176462078434925
-5.944847877576202
6.667734271612376
-1.5653853501665778
5.602639981423469
-4.650617875041042
3.491338853964906
-2.1261606450712476
-2.9671684874584923
0.9123134201081614
5.1934273115087395
4.555832868438756
5.902244521760877
-1.6613941564974912
-1.8611254516278843
-2.361290371440465
-0.3724476197093088
-0.384754506415245
2.5428256051625913
-1.6187201699496025
-4.382879449108632
-0.016916223360978918
-4.4871491659752945
-8.006964177606767
-3.1813696530689013
-0.352607100848232
-8.864821030706626
7.0966390651357925
-1.0896815112618221
0.09465269225147556
-4.360094956887365
1.7393893824531064
6.5424185164859585
-4.134935908524472
7.0037760601526475
-0.39788884092030574
-8.388693617095557
-6.184898563447344
0.5823341420996079
-5.576567156535651
-6.130532871703196
1.4170698954631704
7.295991770152062
-1.6968397602869174
-2.7174793757896696
-1.3960775097480231
-3.7961233640790155
-2.0076939250850834
-0.02785505554247191
-3.74054273141009
-4.79515219212749
-0.013124404216340528
-5.623949028787522
