-4.80249352606199
-2.4954928101263065
5.370267110661935
4.729619099003911
-0.49262482317371
1.973255522152118
4.5302401961656305
-2.1573767582483487
-4.379114674529346
-5.157492283096074
-1.406751476633612
-3.0483373063236296
-3.4491646179772597
1.439235280599596
0.43103816191106065
-1.9941900704284214
-3.0077876147979237
-1.9834114491412564
-2.3533100504043265
-4.941733213040051
-1.528994833527323
-1.4257271928745732
-8.193698931654264
-5.011106159099928
6.118375397708992
0.7791150653056642
-0.7999994903142479
-2.50100272871144
-0.925895293540567
5.467058785831572
-0.2651219533604022
1.1461979854128246
-5.370829356925969
-2.297535662197059
-0.986618067601177
-4.9987100131851205
1.1377473028446643
-3.0187961291518164
7.509231469679088
1.499128488787786
2.8305960234515974
-4.967008928266593
-1.024821253037675
1.9681420891125914
-0.3009055158275726
-6.0823015103100255
0.3095714554153505
-6.513195724021774
7.3981445180622165
0.8849386825828836
-3.1256508293120584
-1.3602538674775067
-0.963489705090798
-1.8540820647680114
5.983668487533508
-2.4176841579278885
-3.6007072342137807
5.643334650123016
-1.6169597503422857
-4.911053528037263
-3.431411164932655
2.610223981511666
-0.00995928985957207
-5.168776458630516
0.6657368166036267
-0.9914323135417095
-5.05572508988753
6.994765048818618
1.7767691928816236
-1.8439124324801295
-5.961144812768393
-10.096775122900764
-2.588614065104249
5.98107184972013
-0.549062451616033
-2.900972679125677
-0.9628390215221593
-2.388498987848748
-1.412685498279488
-2.5040658121278625
4.8232497959581755
2.8382296216930727
6.3829160354538095
1.8490955163297642
4.648528614972093
-3.3421299567551817
-2.577245653359208
0.8650307396133783
2.735658121556765
-3.949482061228222
-5.273331329605021
-5.542667328749866
-4.000240213987807
3.7739786925325762
2.193687916581864
4.9262707354124124
-2.2361112306806343
3.260742306744726
-1.2431852623433488
1.7984708219963605
-0.6613421170101159
4.279094638144814
-5.541321070868519
-2.703655055214383
3.8197333754522282
-4.404194868473937
-2.9696922793098146
-1.1150393629830029
-2.40813680992791
-4.333002459856175
-0.34970000962033754
3.1935397668024654
-3.637690362559177
-3.2187205920802384
5.518370449025639
-4.542621029998065
-1.3963455877700897
1.2938069147454057
-7.459246462620106
7.1154061893918685
-2.8279065738208584
1.3932660749987482
-3.0443161441876216
-1.869802785831572
-1.6343711784332402
3.3597412865235428
-1.4786776598502902
-4.296981726910803
-4.805867348241927
4.189825212215274
-6.148906237433302
-4.338874773264235
-1.8886818816854467
-1.8165055609717091
1.7318495938656606
-1.4395927962004262
-7.381324806186991
-3.1135569269033967
-1.4792299353941358
-0.7097967089068451
-3.209529283188966
3.507424684843997
-0.3644171710006178
6.87775624718296
3.2024693664840798
-0.9590175456996408
-4.381287715626905
1.9424524606660176
-2.6945658308476292
-1.5901250345614188
-4.596233408043282
9.557177218494253
-2.6780066524165687
1.1065344842791274
-1.9388667780654838
-2.780895302949365
-2.406253146379241
-5.330803168890087
2.296949531691059
3.1533060718968033
-2.5313254169176576
-2.1746670911462367
0.1843231597753852
-1.2331977883102339
-1.3134938030255443
-1.704592678682854
-1.6189182688898576
-0.5635464430220405
-1.3784279527372847
-2.6418652648960297
1.1977847940531436
-7.368805927400123
-1.1770852135006686
-4.887655996108814
0.20714867158646766
3.5917511322954465
2.474277492023555
2.506356634745663
-2.005835485728528
-0.6597023878010944
-1.728808415186629
7.275426519424608
5.921153909284874
0.1936564411156971
-0.6659613292530081
-1.845992104647911
-3.9281790176565807
-0.588505125298201
-0.05033051919730557
-0.7348864914473711
1.2364691306384201
-5.926020901683105
-3.0922117282357955
-3.268611651193918
-2.077983549845944
0.8773436494618106
-2.19194351404224
-2.11925498263771
-2.231899992113476
-1.1880903169755597
-2.109521721274818
7.370840808398894
-4.457474960043054
-2.5477619975635064
-2.6364144349894914
4.325531174512423
0.27260810644508776
-4.60860958206226
-3.521113530064517
-5.782743406556444
-4.804158217011845
-0.9126872497865892
3.906132396999048
5.2473058993378325
-0.29918276415464845
-1.239383733781232
-2.7137381445360806
-3.8749590893193657
-6.3691679608506355
-5.320401553576633
0.06960163438769905
5.08146002614683
-0.5139777523265853
-5.393805977263207
3.6464726600911366
5.901377957774839
-2.517603999125756
0.016690955918536893
0.43540826947537375
-6.207463142936546
1.3018331324674624
1.6181524058749646
2.1442273775190457
-2.76596473734906
-0.9680172166042154
-3.9034025943692567
-7.500046017903826
0.055840766585695326
-0.6750342580491057
1.474706182784398
-7.529834291454739
-2.583305369055709
4.71314582393936
0.1814001409166788
-1.1715288382144102
-1.6740339945194367
-3.8827668939241886
7.974217047422664
0.36787604264163554
-2.0453288282776154
-3.576728376130482
-2.0157442197887736
2.7450956028078815
-3.742687352986268
0.8643807963132081
0.801288996211238
8.770936897289324
0.6697182604143176
4.196922795452523
-6.235996383366599
-3.182142351936837
-5.439293780391461
-4.934535205262328
-0.912540951166597
-3.459049496621473
-0.07700913367368681
-5.579737328379319
-1.2150622791111398
-2.2694906667321764
-2.9183628842624243
-0.01770691243878641
5.127106650069821
-6.246066062347007
-2.589727990602699
-3.2467066396805713
2.3757607100206015
-6.130094591542277
-0.822635077458188
-2.3684979792772096
-7.531309335988512
-1.9385189013283395
-5.210506878120859
1.24478458678268
-2.9119959411545215
2.9064185161542846
2.167392751957683
-1.9003147386433998
-1.4440975494960748
-7.041914700125203
2.08950075608292
6.333479908690135
-3.968222441222148
-0.44157483918921403
-2.0180478910691098
5.263335906011151
-3.405290468850138
4.04857623923112
-0.016959201107655808
5.857505903318934
-0.9587017784843805
-2.6449093068552383
-4.654173187266597
0.3906863295538784
-6.338392109584648
3.5508515552954303
-5.652112817982425
-4.224539193178804
1.6681894455488637
1.817063920090902
-5.616645894112562
1.593329801023099
-2.499685454179056
-4.236316875646921
-5.858262824223455
3.5417799108825245
-4.6108383793441075
5.711646282789056
0.4227181764964135
-0.3894655750431552
0.47114541357584216
-2.222705151932589
-1.1961322174853657
-5.552319092567014
-1.2818306842780622
-2.130535546121528
-0.45380097013469467
-5.874234507472541
3.8372208960720435
3.9580064285671113
-2.3466648827274317
-6.240720695395243
-1.1337256449008588
-1.1230721012023916
-4.278779951247083
-3.0177709594224154
-0.13117787722372912
-1.0139477188945483
-3.7620329935983268
-2.5442431461646318
-4.858895766272715
0.9048085069178695
-4.003783084832392
2.7357761418346858
-5.020307736762432
3.4139821468807137
6.117979940696406
-3.757463417489559
-5.896822262380133
-7.239535181666819
2.0684981920173633
2.4475216878040946
-3.156505493960087
-4.741828392963291
-8.464392232160721
-1.5549008917283305
-3.975790761556493
-4.263272620243258
4.866839718281861
-5.751021056999717
2.155155905792487
-0.38053570639947976
-2.900085120613789
-0.0063825426129015565
-1.6104732906247228
4.332714831899477
-2.120073756873965
1.2571175728500965
-1.8899122375248207
-3.0590134414300727
-4.035939977749162
7.105501339567035
-6.403558446277211
-0.18909379887506492
-3.865170720024937
-1.422213471738661
4.734380557093373
-4.604269554335876
5.2887588547908235
-3.6826927500082194
-4.753163005190133
2.8787212263916127
-5.364166220680193
0.5018257011142748
-3.670080451501159
4.223549435863085
-2.8151292805605883
-5.539348332575288
-5.84930230038459
2.010125834704248
-2.971514881805536
-5.4500687640108225
2.05823498822753
4.394895912798427
-5.154357051807374
5.762855259946689
-4.168212999860359
2.1059317015557815
-0.5888942964583511
0.14179448711612683
3.7897225977960094
-0.811026364610591
-0.7299072842801049
-2.8200656918555076
-1.31915840829327
-4.354924778246881
4.956117757421985
-2.5647410835010667
-5.2773292891711945
-2.743279837605735
-0.726817966309729
-0.5364263568647084
-0.8182414343210044
-5.637453521149909
1.5856058604547782
-3.4484945513235696
0.9388989930101214
4.879521602148004
2.333420819411746
-1.9107118916510155
-3.984062613863487
4.876200409432357
4.750784519696216
-5.921106905985155
-2.2753421434898287
-4.975148313757714
-4.718320986338799
4.437233161435044
9.297885040808458
-2.0570641993261938
2.1330704839150685
3.343950898670443
1.379724684002568
2.4028843644111917
-11.866131286919073
0.4263313687819239
4.910283870568557
-6.680337410505082
3.959858764327495
-8.238209581025957
-5.21299805388568
-3.1138362475979906
4.162954519669771
2.8071029901680173
-8.464372850664319
5.778330489857675
1.4200858495134223
-2.797422760903814
-1.5024852966925109
-2.060150024825303
-2.5105217589081974
-1.9580723139707117
6.612675134647478
-1.7627581245701724
-3.5442350719234272
-3.3315799997911366
5.94550820240169
5.010166978650354
-7.024071422181009
-4.259784844887082
3.1660866565130905
-5.0909663101479055
5.47242205596476
-2.159946070969964
-5.397350718538177
-3.6110573999392015
10.53267632455761
-0.9153333910771911
-0.42156011308030844
-1.321741909991559
2.3250168545238217
0.045323339402937556
2.4689731217570206
-3.7531764474091225
-2.5134673862789234
3.0658173672536666
-5.147030536063007
-5.326652254170573
-7.2016737403051
-1.984752313500193
-4.298719999427296
-5.247613050421304
-7.974785071740188
-6.620290483824674
-5.227180900028631
0.6664714335769164
1.0893976317096061
-7.744917716011643
-6.033787238369767
-2.307698500104128
1.402089894776238
5.3603047254705345
-1.4964392802048794
-3.767470577884147
-4.301956760929185
4.584266887081009
0.9971052752576213
-4.634488763808478
6.49852422904914
1.1152564062885313
-3.7605639382457707
-4.786913179844258
-7.1974224717937965
-3.7973227453426257
-4.677043044573205
-4.7914444331559745
-11.534799053204772
-5.381979269580839
-2.9795753140338666
-1.8800896209013587
-6.4790921975373825
-0.7727550915368953
-3.6345195746685732
4.662062208524697
3.1944307963206025
-7.02365209635585
-2.463316964363338
-10.127507991954715
-8.560701986447251
-6.94458304265049
-5.306785392906308
5.2239272107409125
-4.177665999013635
1.9312495369211113
-1.325418339115907
0.7553801798762796
-6.059334882073901
-0.850649454514797
3.9093749305635446
-5.871588283504719
-3.103365934557512
-6.867762646387978
-5.6460676086327934
-4.7435106258340785
-2.247397923273124
3.5598660570224907
6.7963770688933725
-2.658858644671128
-6.534602224737959
-5.23837710677695
-3.954486724143796
-0.2741396147044904
-6.084951794465406
-6.857203954035439
-8.816753223605964
-2.267922333579972
-1.2506573406566097
-2.727734790615888
-8.08941055025124
8.207704168373139
-5.047512467725226
1.1542621395798058
-8.799291768363558
-2.5901456621961416
-1.8372430102797193
2.4309648706302616
-12.352225847233854
-0.2614889224005233
-3.2140834384377235
4.191936718842018
-7.752903546787442
-6.40897405241307
-3.4122958888200263
-7.346793794704245
-2.899412278419807
7.307954428422556
-6.883733155899104
-0.3606005372515947
5.0159012673553685
2.0476512689532993
-6.01723743481974
-1.7220734401670723
6.346259415326585
-0.09107826290820843
-2.9011413606014154
0.6497979833791747
-1.4220580139791852
-5.224482565007881
2.9820936962016296
1.4539336158878227
-1.8842263250350126
-6.01635890595755
-10.10313079985993
-6.011931648798513
2.3122140882277495
-2.9443334673446726
-4.0438295867868534
-3.5766399281039702
-2.5768402235983925
-1.4463167952222096
-2.5026588474616633
3.4568379787538968
-1.1250503478329952
5.5200876342596095
-3.831183573822271
11.579053274980275
-9.240730942258589
-6.668030157444423
-3.34836181836139
6.929698520557042
-7.0891291358829
-5.794268197302955
4.24149784000892
-5.474860258994819
-0.1291134263145201
1.5166366825685897
-6.731339446706625
-2.1071404348799545
-3.7704198496883055
-1.4438177895351882
0.2023833980132995
-2.960935402549062
-2.6568309891962296
-10.183764427706114
-6.582659673119211
1.117113396912
-1.888578126596926
-8.9706588554443
3.4583587626852244
-2.690199822623222
-4.822857076892219
-0.5257965384907758
10.3438147356305
-4.340012606802129
-8.442986997795293
2.1082633489546705
-4.981343318590454
-1.145812804742145
5.214590247793301
5.474726015003945
11.561581400230013
-1.4481883420985167
4.3269196207062315
-7.909858718324203
-6.647608576641898
-1.543508332456424
-2.7653628160767907
-1.693387573459876
-4.464708621094048
-2.08572715234589
6.050771169028192
-5.8037760019711415
3.5623553017639966
-2.8890365462401335
-3.505355457684993
-1.9013288266116328
-5.557027296738076
-1.6573920568438638
-4.832633291186776
-5.473911132976963
-5.341732467637162
2.935533728227733
4.5480731180949805
-0.39316493902541205
-2.351414922961426
4.326352427611205
6.838281080143544
-3.927779533512055
1.289628730317007
-0.011937018282376236
4.856910852569694
-4.473423347416958
5.127331921249339
-4.893950971222424
-2.2410702281335917
-1.2863984573872926
-8.078387225541128
-0.16570594925262583
-0.7425705165057487
2.133458071917079
-0.6923529180060626
-3.2095552183327314
-5.090479189054469
-3.2966167298433358
-7.002512515289136
-5.35179462570702
-6.059569285860359
-5.809642763054243
-3.6453522598246924
-8.805921314862248
-10.878725247093245
-1.4047522603353761
1.9222612818465656
-2.5878170160791685
-3.6061611431093916
-4.120669666968427
-6.201249746004509
-1.6935123840420294
7.7855659601501985
-2.5102189830271913
-0.20489756773700804
-0.7062053143770682
2.8642797227468084
-1.8702730279551727
-0.9680174730784953
2.137939478149158
-2.0436506251186355
-4.114151450305668
-6.573281185534391
-3.4528607342951863
2.907963908633195
4.033976285143066
-1.082272512175896
-2.7299171400739644
0.8825845860283333
1.6822442950458534
-0.4970123723846744
-0.7505667329099027
-9.293405732481302
5.5018470157056925
0.22618219515832505
-3.5793236501747683
2.680298578851058
-1.116796450590648
-4.836551648533315
3.4103514952871232
-5.418179955294851
-3.7928220665350407
3.203094069299031
-0.6815916957221249
2.3105203970731347
1.661999903862455
-0.2978093429169232
-1.2500467503097212
-8.522208594021569
-4.357286677085224
0.8794931521044634
-4.933427695756275
-1.8507239114854708
3.6433067500362486
3.111921519848045
-0.29139385351927893
-2.8431860469142287
5.7107840021075305
-4.529045495975578
-1.6927324537149313
-3.1964953751016694
0.12372144918021456
-0.7422169095820359
-1.2638995528925183
-7.88414717130672
-4.551614626739252
1.4283794883412098
3.9732389295811577
-0.6020730339848208
1.7609516059811396
-5.378744004927842
-3.8372863897375677
3.072510037518696
-0.7490511643225728
6.232304977492699
-5.761333105935535
-1.7185056228483209
-4.516503333419456
1.8748133264179085
0.6140340638054249
5.79555915543496
-4.603923399190931
-0.6492117658322152
-1.184806076312006
7.157793101091927
-4.898025788822483
-5.391283715273733
-0.2906728730252742
2.832871372647314
-2.5946348545348976
-4.616353166075546
-2.865475345477554
-10.538047644482978
-2.0359169573571676
-1.1916039838719232
0.3435567520553806
8.081933236401458
1.6256295494311872
-0.8010835240781963
6.639604330114206
-2.667031907226422
2.2621967927355047
-4.883865982453465
-1.6582750508100765
-4.954268801460519
-3.6558577068257208
2.600051946330706
-3.5640208615532893
1.884186315973006
-3.060126475345455
0.33252386089625524
-0.07937312798692203
5.07290240372518
5.807315401078966
-1.6458580896081696
-4.950993083340433
-5.213608275290819
-6.0725951376526215
1.2102770100755627
-4.1381683560238125
-6.910762134390194
3.555178364113939
-2.030074794196404
-2.026078790999496
-3.112919651259696
-3.802732945508203
1.3320181679536467
-0.2936426032246238
4.798460291413678
1.5840795447100218
0.019717213030271234
-5.559155884435776
4.402665569824768
-3.955757026175209
8.323014434970135
1.4828544901060523
6.051494912386814
-3.3468719825655806
4.593390678360918
-3.426241879284435
-3.592158046029298
-3.9945559811969362
-0.8820186031845674
0.10814813802742143
-1.2067695147640445
0.4210512060755075
-1.3273032950151564
-3.684599750773086
-7.124602584254516
8.85335778594968
5.919971056106889
0.7341371578773194
2.8689058669317418
-4.61038821425094
-7.851629156207563
-4.091780449541798
-0.8483561289177259
-6.589705536626264
0.26031833051319264
1.2203220970408417
0.5875530107010168
2.6379520655817377
-1.486430378974321
-0.888501624963544
3.0634586924652556
-2.609159995819387
-2.8548879550380035
0.32929436527405076
-1.68683599085024
-3.9118856537525333
-2.1277021052078924
-3.4655763805056825
-1.7534987453687159
-3.153684549386058
-3.9530215173216536
2.7358749283111763
0.5553900812837862
-0.5057667105482331
5.2499454884508685
6.374362121041851
-3.243751338175211
-3.2435247679798724
-0.5506557403273357
-6.087860978422478
3.844170562056034
-2.336214815647672
-4.202140710354644
-7.269212220876348
3.0303183137570464
-6.814511701891272
-8.973376159463617
-1.5478001310231941
4.925596853731931
-6.773841380877278
4.876711167814353
-4.410346866591674
-4.475180840529459
6.10735987324329
-6.405304390283358
5.0825949651495765
-2.9386056058244985
-2.2197942558678445
2.928154438710801
-8.430554725264468
1.3888478411620355
-1.2874162840616878
4.004565309228993
-2.634226554529795
-12.51511213816578
3.4323890420705867
3.7862528208961757
5.119800657791144
-3.6531877256831606
-5.104363896649504
-0.04350941931013184
5.108071847042029
-7.342047755771407
2.528522295509601
-3.2233967798165852
-4.376121938127699
-0.7906224286393279
-4.050724602966539
7.232866815412212
2.882788855123031
2.8473995431189865
-4.883199144058976
-4.214427850243917
8.955107059537989
-5.764790524952256
1.7207822953501182
-4.214437673119882
3.6084490947114225
-5.8789444705440514
-3.8893893557224626
6.61411285428051
6.812111465248099
-0.2198934904551795
-2.5023005342920923
-6.246174482942598
0.1417305935577123
-4.695817993806515
-1.7738292964875901
-3.2284775894453253
-3.3162316227278015
-6.954796274103884
5.186378335615622
3.979819837129718
-3.5526735784857246
-3.632891985140537
0.10041351788543444
10.575299408533485
-4.39286990271971
4.324947858677994
7.849682141474789
-4.826912309519722
-13.249643636116144
3.3831959346949017
-2.172135299620147
-0.40443164752735467
-2.5259676051378745
-2.7000061746518966
-3.951082326097894
-3.105684505370485
5.825845797654184
13.460771798545736
-5.3116303107231495
2.135355167396602
6.111840624486172
3.512061553144929
-2.738049630140459
1.753349439223998
-1.2482258484106967
-3.814019930498224
-8.707260189193935
-3.9536974493239496
-0.26615665550797474
-0.7660420630625876
-1.6733137505165285
7.549307022108515
-7.5148192590575515
3.9006990751133688
-1.2253919527885404
-2.4160110437698155
-2.6917264437437947
-1.7764055947831534
4.162411603178758
8.529199960142913
-2.870029888628522
-0.523554055386217
-0.3187788479194731
10.956463533319438
-2.1367833426677465
-5.408932378137
3.463309917503312
-4.918568088250026
-6.817743519473846
0.15293939398148504
11.118504293154947
-4.6781824782351045
4.861626277947258
0.6653213731929839
-5.502639582414946
2.098118365934536
4.057807513763641
8.320230165618517
5.311027132626653
-4.8216213601087485
-10.36560494228831
-3.544964355131023
-8.306458532102745
5.200728201648304
0.7234549321840994
-9.758946174939094
4.446102277497841
-3.9382560633469557
-2.476946756991449
-3.022869389069942
-9.500748779864521
-3.0831885499672844
2.6026341286360886
-1.2377322603952592
0.9033390677673323
-5.549882244458026
-3.9224133762373676
1.1154597956826775
-0.16858439271538617
-11.234169172392972
-6.120254067535522
-8.266392840610424
-8.54295199267294
-12.93669737546753
2.6224761345681697
-5.483115072748321
5.284334612557581
-6.231987552009685
-4.584457460172899
-2.948282332332935
-3.5056706377744553
-6.832813661505613
-2.9704632422221864
-0.7906039598063823
-4.976650039517429
-5.804779301225209
-6.207577748914654
-0.3497492514636795
