2.824432422103113
3.103286025802129
-4.423214791553376
-1.7893105710322494
-3.3526100702664863
-1.6292600911279844
-0.5512642562102132
-6.49083929585812
-1.0733559272182007
4.859838279212609
-0.3665633513267211
-2.717033659956796
0.1869827086635291
-3.379873327560068
1.8935915487717494
5.347140986636575
-1.0185895448676516
-3.1692445601152257
-3.5624813942833846
-2.9196885084016495
-3.4475930922911835
-3.085327883394312
5.105847426179627
-4.042316172410621
-3.4725150884416993
-1.6798628088366525
-1.3681749112745074
3.348331244174691
-2.9307938376126104
-4.692545709976635
-4.754640275355895
4.942768640637486
-4.139822704918773
5.667992588414506
-1.9620947015276868
1.0494500038100125
4.445475434034703
1.4638933318184348
-1.900078964694211
-5.009583988372693
-0.9099099919831704
-2.148588750943138
-4.897326296800933
4.358659359709445
-1.3906263535228607
-2.50325713514261
0.6609282071427934
1.2617910963781158
0.9696486880711688
-2.6077422750331425
-2.510707971148045
-2.1221049522009654
5.797919715714845
-2.0577870677829924
-3.3293691456408867
-3.4705180639042426
-0.7505812231084523
-0.8579613325665664
-1.6428672859842013
-2.328105355792096
-4.97665055786164
-1.7229912548916186
-3.2485290154585096
1.4348884674188638
-2.423180982016914
-0.7032307339665074
1.5486489773101308
4.538919242029238
0.45625685811965344
0.2949200530118623
-2.5777127206359256
-1.5554686089429581
0.7282973170882967
-3.3683685899641675
3.2583217289982294
-8.389360898669933
-3.70704919917781
-4.218556126323621
-1.6129661618596338
-3.4157225812332546
2.939841043575825
-3.0133512294211124
-4.511494501512626
-2.5828096865310384
-4.550726971336092
-0.9233108851024203
-2.17479271516145
-4.024749883185286
-1.771564587099462
-2.1826302389562167
1.3383711796877509
-2.899338196717635
-0.04874429723973854
-3.5928626007449656
-2.210523337758997
4.614393977972346
0.959126733696344
2.447438428613442
-0.5285445486708221
2.6626305956310548
-2.6380373913088215
-1.7262916896273606
1.5519535769663724
-6.684684625964703
3.6348437459421263
-2.1633707862722984
4.077637845022058
8.135421548406097
-0.36963754096707435
-1.42709250785775
-1.1448657886479217
-1.7712521808508186
-1.2326932074896164
-4.5925446449567495
6.285278543747897
-3.1167724854019823
4.498887256629898
0.19254835319465877
2.9527917010104225
-3.5353440444623714
-1.7141534340744022
3.0873864794149677
0.7859765371821352
-2.296951120531679
5.774701561045397
2.4415882161189977
2.3272045541257547
-3.271081698006498
-3.707230897255885
-4.534555612211563
-6.596033908278769
-2.2888507595290366
-3.8911911521736227
-5.407096647079895
-4.5916819239513345
-1.7573565834101168
-1.7358680561321824
-3.858165418477734
-1.3315480144674163
-1.5295769588856263
-3.2488695285225133
-4.29631416007417
3.2030233708687863
4.091754621030185
-0.7576045159061195
-0.2313135234529662
6.039502916968273
-4.6011370089742405
-4.256072859938437
-1.5611521652445373
-1.9055894269117664
-1.3309015846029686
2.0167457561207525
-7.454079614028299
-5.27664670154552
-4.045233681527562
-1.120033678342222
4.245494184287179
-0.6635048620769305
-2.666350919775437
-5.437567369009548
-4.397859602737102
-4.545124107831849
-1.633614267871583
-0.2784100252091037
-2.965552400632599
-8.186278006465825
-4.711009853328844
-0.7591030164098963
-0.2152292877194994
4.520751469080803
4.5679118540507115
-2.988514356909293
-2.9520484890754606
-3.068741053078908
-0.9768009271170887
-2.9425186224527042
-8.590894005546575
-1.859536905875364
3.051005138387537
-0.36035267620761574
-1.264358836726742
-2.022257293848732
-3.3798560429813174
0.830366446552505
5.414820148164243
-4.136385785388574
-3.6956584870857534
-2.411113418522481
-7.302717162035761
-4.8935324102311215
-3.6132295439775235
4.7556892966498046
-2.70776573034256
-5.259934878516391
-1.9912223798186157
-0.8288157229432846
2.6462328380037667
-2.6074057396171226
-4.694045354581773
-5.176573760064179
4.853839038007489
-4.9737280385246265
6.317692645422545
-0.14903417764912041
2.8259278198085593
4.439669103220701
5.526288274037871
-0.3953143854770076
-2.8873232676103138
-1.7712648343253452
0.06338862585960545
-6.817741776724228
3.369993821114163
-4.358676754069476
-2.5034324960265595
3.152601470239176
-0.36318570102952247
1.8606859772047175
-1.4164912936155227
-1.691926688966922
-2.096558948026346
5.007342343704689
-1.9479338174636045
-2.246526962425086
-1.7058002186703183
-2.3783623687912714
-4.468622983838212
-2.5089222668031557
-1.5766343260546964
-3.4299252508937674
-1.7183284908140601
-3.1753205975223344
1.219872604778993
-2.5911120728953376
-2.9904517060168043
0.8196786792981225
2.9671764956418687
-2.35577641887261
2.758393417954251
0.26358810696306056
-2.7110085870326786
0.9306112307492508
-2.176067593284946
3.9194073847459125
-8.105898738516053
-3.3986868872480676
-4.218562990374334
-1.8906103563504464
-4.640212145174123
3.378768282311974
-5.375227090605288
-5.835374221180805
-2.5912839708472273
-4.692152803280694
0.784991673117542
-6.012955463116913
-0.22939310328381252
-3.6501541327181832
-2.289943183440855
2.2496232275409174
1.2563333825167506
1.926756285723647
-3.592871194775464
-1.6730628981351934
2.3061970670841707
0.059869622020419525
3.160316688633568
0.2877488731557493
4.211494972171045
-4.574988841831052
-5.64511585522742
0.3694128359607825
-5.894964770766311
4.074193954684534
-1.0251508567239072
5.080103669654689
5.384039590702197
0.2773856399206713
-1.4270925117957043
-1.742030313974138
-0.9868090045016221
1.6959636408544565
-6.222193721217041
9.3526262403848
-7.6155410309872975
3.7808779938109796
-1.109953619909697
2.47554491895895
-3.2643772965757636
-1.7049157437079847
7.3015376724667105
2.2301673236244355
-2.1329144533310824
4.791455837611068
2.2163367438673798
1.1234062421357875
-4.865610205894245
-3.225703202874458
-4.201448603829994
-5.148529901301577
-1.9873140458117564
-3.3222266563387146
-4.827770903637295
-3.5240361839476226
-1.2794613725818844
-3.2360677069973125
-6.808140760958637
-0.8283546295407734
-1.371203513830652
-4.437242277708638
-4.296514924411658
3.944501302842797
2.863027736558151
-1.4411693474787959
-1.2235170074734931
4.646478400204606
-6.468801349431028
-4.430002623801448
-1.1509987681371765
-3.1569813938608884
-0.8599930060792345
4.6668416314634005
-9.141581183631235
-4.40059921408099
-3.5619909284967086
-2.018002885503427
4.011785264545572
-1.4282549978637826
-2.8092443536388862
-5.369888207481888
-4.486789205388407
-6.170100905231758
-1.8486301305729007
-1.5028995891983774
-5.273749311521033
-7.401834830106437
-6.305538360466709
-1.9878299008853206
-0.35812272216903573
3.4633033662199795
2.3369440566462325
-6.135243916391044
0.6710961836322376
-4.891109783390647
2.994649724691752
-3.2095504493151785
-6.523752260829722
-2.4696757080054175
2.2114770024800765
-1.2737240939274859
-3.022072481400875
4.385360116290509
-3.3781461898142164
6.2385475524795355
2.658352217476615
-2.7871855627980833
-1.6310416892659811
-0.8942982862411817
-4.868304203272293
-5.001341426431735
-0.5916410939575063
2.9872859364829423
-3.9866061695520667
-1.823354776286046
0.04189357748991341
-0.9731920765524886
4.86707094114411
-3.299945758156898
-4.69305728858742
-5.344236254080395
5.732828947707104
-8.322134150076995
9.033289990640665
-3.059274248356233
2.41402129657391
4.987307941981294
2.198778127325333
-2.9894297122123907
-4.223268782936695
-3.989229013147217
-2.467356806435007
-10.21744977537996
5.212452567906783
-3.6692128023407014
-2.5050348407923573
3.645838545342107
0.03594893175389522
0.987312845340078
-0.3325128250441752
-0.9947377599300109
-1.4584361982302545
6.624132580377293
-1.6713215661525564
-2.295464668351623
-2.0399697624372517
-0.8845851115864989
3.0603753586383817
-2.024919283461129
-2.931258533988233
-7.043781034856588
-1.725054096856643
-4.860084874433574
1.150561749365625
-6.503059612812258
-5.047637936321319
2.471868944336503
6.240877747092562
-1.0984592428709792
2.9558865355043977
-2.153381413355989
-2.480193542572745
-4.655345956575207
-4.640860384760032
4.004180685220185
-7.258738258240628
-3.9505873500326962
-4.218615624810191
-1.5819171380572024
-5.658419407682663
4.513305399113824
-3.6590649626670495
-9.426664439071557
-3.2956746426199595
-5.10340189999431
0.680084582207596
-3.3424591622343574
-6.416723240895977
2.513091072590712
-0.6535537713393517
3.803798134426057
-5.477312917130659
-4.659340726788237
-3.5928842636294807
-1.775324364380013
4.841597038541831
-0.7071026551112449
4.499239833901161
0.06583661203152485
3.6020382347387905
-6.708402690906226
0.11141694426523216
-2.7421483396721014
-4.4957856888949665
3.4698357560931132
-1.1144229815620297
1.786599628653301
4.674821861618333
-0.018471583094077905
-1.4270925433372534
-0.8607356366168275
0.21630779058275942
3.8175874152260847
-5.176849853285504
16.33162468151069
-6.213211533667127
4.199006460618867
1.402306726199678
3.510867693249116
-5.918042123427595
-1.9272332452624807
3.0315644114953653
1.6883128710780853
-0.6438845763272014
6.837324625733161
2.4361386758588637
2.388946766215626
-7.685765444215894
-4.120966457736574
-5.950309105078687
-4.349474005472414
-2.3325895511940686
-3.5394210444365606
-3.851823683971642
-1.158644573218489
-1.7265231163992465
-0.8274369639115879
-4.019470044413244
-2.1220853288959867
-4.235534381027842
-3.972847199239333
-4.297286039194978
3.102143958404596
4.642558954916704
-2.9918560925734656
0.8007163486525706
7.326557210862214
-6.183988998350674
-4.108620857605044
1.8753068913442552
-2.119570673090671
-1.15438265340714
2.2260094635941194
-6.657812538036057
-5.89683801362748
-4.421700109756629
-4.152023061669507
4.243225091850629
-1.5903641330064109
-3.5609943594964095
-8.126356138167163
-3.607799295679463
-5.770966272359543
-1.917940985931308
-2.5211068517129083
-2.738349340066688
-6.198718035020069
-9.125693599591527
-0.2082986825263571
-1.1098727274622364
-3.16867866592756
-6.101792190366907
0.9532411780893074
0.22172563439758042
-2.618473511898283
-3.1167989154292326
-0.5378360081357836
-1.3986807300120123
-4.553293106575429
2.738936150496681
2.34094967502791
-0.8913261068353426
-3.378796379624461
-1.0222841412604884
1.5450284624196498
6.485078597052889
-3.094358338945075
-3.0446868275845267
-4.990172969579514
0.35676657521032273
-1.8921537431666353
-0.36954782691023913
-0.9439437391229581
-0.6382186534423727
3.3994149106710023
-4.403109136682052
-1.4057594903353536
0.11069778130739537
8.528123457801
2.927851964511719
-1.1198265242049887
-1.2740042284865594
-2.488425107353638
0.986953748678743
-4.236639212408405
-1.8617587713156816
-2.807104041163082
-0.06959978293524681
-0.09529351540377323
1.645665011733944
-7.261679926798304
-6.61864554770522
-1.4214734817458516
-1.1888521953058777
-2.640434066323754
-0.5721085583316909
-0.22115993061311445
4.262182099956091
-3.673891871119302
0.9944096069817934
-4.304996600265705
-0.368710467460999
-2.874494520315677
-5.102633594222403
0.582366916480524
-1.328586070328253
3.4253903050547345
2.0245545075674958
-2.755420721222926
-0.6659219092612668
-6.337272932896071
-2.246047331914864
4.534233045043079
-4.892450919649274
-0.6771023052291599
-2.064042716829228
1.844337466034698
3.606621575593525
6.084727974633627
-0.05689938439895263
-1.1529185217871103
-0.6911293744405622
-0.9043033954454478
-5.203053633347737
2.2036160558328337
-2.7133055747937838
-0.30016965798266126
-1.3006542023416987
-3.815282113035364
-4.177852636861148
2.365621434015884
-2.97600975474664
0.7285763737226704
0.39432513221460885
-1.5438799445532498
2.592573130196952
-6.377283294476565
-0.5992235457193121
-6.9094118919296825
4.331049805622037
-3.348235291819698
-0.6291360800918315
-3.1445364558119913
1.4665999813742576
-0.32933595652377484
-7.710849616347767
-2.2193918526954413
-0.1593528562567239
3.0761199828476644
1.2710038825433752
0.5153531319628143
-1.4213668739633747
7.352929957881295
-3.200403269668392
-1.6502688705953414
0.5875738470725151
-3.5441638073805835
0.3722421332391621
3.9661386494760773
-2.0605274886986793
-0.013852104660430837
-1.4814382503251893
5.138476483959425
0.020799178046653204
-0.6935275382040684
1.9786408260887238
-3.8776794473660257
-4.485735573247615
-1.0584717550125102
-3.0942270866591812
3.9541291854932785
0.09121160543447238
-1.4986398949650381
-2.4220464030747717
-1.2275402305141039
-0.6190537886713883
-6.9667353166427315
3.148062464324934
-4.796686714785958
2.74701473371485
4.057543357663605
-3.8268423051577907
-3.6979405471284146
2.7414363383712903
-3.435429236311574
-6.122596595224594
2.5106245923271833
4.017904714292177
3.862582318794334
-1.6076705871339394
-2.159987541316904
-1.8886721809497051
-3.8905925505151004
-2.366952923522256
4.047535924718522
-4.663125273423564
-2.9174348741300213
-4.121389435318766
5.518250779837066
-0.6221469868757683
-0.1116254408433526
-2.5975557627003103
1.2867805934804741
-0.9004195637002238
0.48345154326980405
4.897622385440674
-2.10484411764407
-0.6786701120344493
4.081953712665733
0.7443562773999989
-4.384431705733039
-2.018565857674956
0.12357836819556921
-0.6852693301743111
-1.9732255158623835
-1.251140637163569
-3.6182273536799587
-2.491234066778812
-5.613150779151488
-4.497139848531419
0.6225586000621282
-2.726212227177065
0.13515146121834412
2.9717653466976843
-2.877610735145646
-0.10378128615075764
-2.0808131708308126
-1.3387109536308468
2.784574153784436
-0.4416116480966481
-1.2635083601473147
5.836340193355415
-1.5071759602368735
-0.08035509004145723
-2.797583615958232
-2.0629507000724256
1.7021765057827727
-0.012292244722915378
-0.8146313078669276
-1.6823663212220388
-2.750402279276555
-3.67081634908197
3.055515073385591
3.7644746065127697
-3.0983242808362035
-4.961498599570497
0.712997077736921
0.06552328542810652
-0.20616822864335674
-3.360708358088691
-1.3937683799509792
1.8199356250281051
-0.12707587956320432
-2.7964917354313195
-0.011699244165997828
-6.200021645050911
0.7128229516593758
1.4298092577492256
1.6347339043008964
-1.0044271630823856
8.238332221314408
-2.3691102806899877
0.3064976991375893
-2.4230106439365375
-1.8539588471877102
-1.2792146895996184
-1.1999512279461713
-0.2520739412537972
-1.7333935549075612
5.8449880884500836
0.9496304717604418
0.09828530510229166
-3.1327789344438557
2.958514312483167
-2.3755497127802703
-3.5861802534182647
0.22628589981741853
-2.104468487967052
1.0013514810035613
-0.28348317686333857
1.6616726445844503
-2.537839654177997
-0.6790101168077322
-2.439293850700117
1.2161586704779883
-2.855993573649576
0.022353071058574054
-2.4548705153162342
1.5589274317805921
-0.41745611213898376
-0.14674749920024946
-1.2118760394482384
-4.425849637861848
5.11832069344623
-0.42851223896572893
-4.191803923215633
0.05876033003983851
-7.92028341927908
0.39579453199868675
-1.668555669373002
2.047708405234437
-4.522351495701947
0.6327273141411576
2.4432844558906672
-2.317951480180283
0.1835764668498438
2.714371143795586
-4.191479684060889
-2.090573666545165
-3.147378807444673
0.47094155886620254
-2.5621256287839405
-0.33327104184587625
0.6145110397723242
4.241080605177632
-1.278880616216503
-1.0240303598161684
1.1334575813354455
-0.6881763279277643
1.0741684851953552
-0.9075019624209677
-7.568808730996808
0.9642511696757414
-1.3521293060043087
3.703976648538498
4.916278170096388
0.469293341271368
-2.62829324842837
-2.9698051942890222
-0.04962327410051161
-0.5847062480538177
-1.750080608008763
-0.5352693343905783
-2.249063487244204
-0.33987768842787874
-4.469734913701109
1.5304744502122463
-0.7926360459708571
2.331083342415216
-0.188611772780832
-3.166043928584603
-0.037483940536235244
0.7572083070869181
7.67676137481574
1.0622016775410252
0.5445868885090989
-0.5713340041697141
0.6051680213285976
-1.2715995334839363
-0.676493205134703
-0.12641337941489816
-1.1761128604446665
3.2086445313376135
-4.70097934712483
-3.3757863369525256
-3.810219990769624
-2.2348432589060154
-3.1493045036872456
-0.703346040437003
-1.580566364109822
0.17071672481507214
3.0852303520610675
-1.7225403480247672
1.3251648137665457
-1.396511316204849
-2.9835529353475976
-1.4111559029453697
-2.7129275555391517
-4.616442435120619
1.0576027237092351
-5.921153330603633
3.638178017819662
-2.4061646641604013
1.5167773969120866
-2.0582262397687447
-1.9887722440487763
0.6678892233860584
5.098444161414324
-0.15444062105678172
-1.401928537611788
-3.693311755995135
-1.4866001576319887
-3.747742385553451
-2.3223523026405206
-0.08925880654110277
-2.6672647690498206
-3.719317821646934
-6.146063559716431
0.06851042493523395
-2.9124827475269446
1.8584760757626655
-0.7891907829477746
0.7542397504020056
-6.129740671084306
3.5749127162399823
-1.739747434383822
-4.510514780100086
-1.7984059609133733
1.286214567767192
-2.4505436247104253
1.3067795085566047
-0.7579048426173574
0.1352773790410124
-2.7384435960538114
-0.9590031228089342
-3.565625702754685
-4.055271332441446
-4.118063592902848
6.018462033388462
1.1146396719893756
1.6658475868226805
-2.2283961218256816
0.5810357584900635
-3.2349990821296775
0.05131238374760413
-2.28042069457102
-3.6858507658352218
0.5683473737114756
-1.8655024608296336
0.49122180169473223
1.8907255295959018
2.5035059348626785
1.4491844877307831
-1.6292231637405235
3.8035714835765893
-3.8845850782207285
-3.033095699384432
-1.6026991314137804
-0.2898080607753536
2.7993722986704626
-4.117987114735602
1.691481239432012
-2.037073312031373
1.548569254602645
0.27377449539075266
0.6906466093453149
0.28761601913712004
2.752051913782318
-3.172316846328522
0.40443794714428016
-1.709237575430719
0.3363550251066358
-0.4480522983101267
-1.9701444470819733
-1.018669478327055
6.828050492383612
1.712821808390422
3.7705250131112984
-1.9629157504749712
0.02866409026036238
-1.0551169884308145
1.0287695585403385
-2.0847745191821576
-5.329938693409418
2.7944526521799467
-2.691741026773149
-2.5627939497275425
0.9499009086348071
-2.5160994240790875
-4.170864502991586
1.461328921772313
0.5834256437166948
-0.9609608797455182
-1.8090558595877324
-0.5434352428619353
0.5404181248541662
7.578778372524115
-0.7088322423102468
0.7742756892882099
-3.1258089206449817
-4.509674721466991
-1.0354069002332922
-3.7236204243910738
2.1659348328486927
-0.47255504829631406
0.8892135946436602
-3.1752484123403697
-3.4644186017314063
-0.47065163673206395
-4.325089736808346
1.3741344621272955
0.23048512400136445
-3.598959969670311
-0.09856991597773185
2.742083272804749
-6.123398534835411
-4.463625899824034
-3.2025483826378096
-4.253491786748723
-0.4397821955921431
-1.1430041927921009
-0.052699740618013365
-1.6103603027653821
0.007608288041747981
-0.36130435636122
-3.1588624651360986
-0.8376706283960393
-3.706977114904273
1.3493760705625262
-0.19267952051469153
-2.7531164126841565
7.027560461414608
2.5693077697632174
2.3454052448912592
0.2101233893862948
2.6688772026031473
4.701490591922716
-4.163185932620397
5.081963825098211
-1.4145925829200503
-2.873822261084451
-2.4842120332246815
-2.741276560081689
1.7152756967472211
-2.7582595026127117
-0.34025493205953605
-2.2115926029652577
-4.483648114522732
2.27323068076264
4.921455911571087
-0.17528093041300752
1.2872400091775216
-2.8667979745373158
-3.087449643221268
-5.728582255808915
-3.181971592679299
0.7400289318883664
-0.9191201087001633
-3.019547981140712
1.7732308583207732
-3.139161289307866
-0.4516473917616237
-4.237532292242662
2.3391850046235554
-0.678993212128079
3.608633208288551
-3.384229792947995
-2.2800030478280098
-5.676598986467941
-0.15844094804811593
6.095489803380745
-0.7029047027043068
-1.611601698211429
-0.3313597183015745
-1.0627221113924368
-0.7808990103805197
-3.7109103752987527
1.7267799966443491
3.4209276624153833
0.7899375832705813
-0.3650311537021259
-2.2103212544745015
-0.7781699273091082
-1.5115889770981823
-0.9268047523910795
-0.26090674854842466
0.36624509405203104
-2.425605471752564
-1.0550859569295652
-2.2213550111455724
0.8375330663092841
-2.444528032551959
-1.5990154177628049
2.9235359979614817
-0.05462722208553972
-4.1376039684579125
0.22630046452340707
-2.020255623883518
-1.4209976346862205
-0.6671104328343398
-2.4600525385806815
-6.565828321233933
-1.3128199344160232
3.9798010213756774
-0.6824718389705994
-1.125462164787882
-2.5185513504598536
-1.5387377126506843
-0.7042052984538567
-4.3559995861290615
-2.0049219689779836
4.6087617831821746
-4.6812186446899045
1.3118869382737506
-1.319184453217584
-1.7705373581708468
-1.2195085225137665
-0.8886834118838568
7.509499097084635
-2.5276760063164745
-0.3074126503310262
0.3716635553675165
-0.19251169331016002
0.3264654876415951
5.369545474899036
1.7534267202320233
0.3693198448889944
2.8631533010440275
0.008147916150792075
-3.078127225992806
-1.1372146321614545
-1.7255177693444061
-1.5766633105649084
-5.410606682808263
-2.8762749174438897
-4.068464001836544
2.610847665555633
3.4061130445342336
-4.713253947547858
0.4200550510900412
-0.5655933657845748
3.6555482693924968
-1.3343477638859516
1.3110473683563484
-5.467844700010161
-3.129844569755876
-0.10870736054249822
-2.9390167517459256
-1.8545283279078464
0.7282150497849894
-2.3670708691020823
4.288759400269957
-1.2567011243621828
4.397835787808519
-5.241708711753995
2.1967531168327157
0.18661823327478455
-2.845686618819781
-4.11389984682229
-2.8044691569929245
2.214869813168766
4.027105936410924
-1.482121612038324
-0.4231011348475532
3.454989678008284
1.3489964612142524
-1.293199314089739
-1.3681336360876732
1.8607430173146067
-0.327954620880802
0.37708090129495697
-0.45062980212188747
-0.2596626667911306
2.56793552833219
-1.5377244223966053
0.1358200265005288
-0.12134733355779728
2.542784569354644
-2.42564052940924
-3.184855395576769
-3.263911211478053
5.142374396594792
0.2685182129644445
2.4091579804221963
3.1850899257878678
-6.951552782097237
0.38520009873542943
-1.0797554306868136
3.7427819270046983
-3.056820559043636
-1.542171738697877
-0.8217991520229553
1.4831607226289472
2.058362967131902
-2.2089735012640275
-0.9300416520035819
-2.838862749977871
-2.7891320486688036
3.1948935541299264
-0.9099561723174676
-0.46698936874012326
-5.1895604524221515
0.7670597649732418
-5.172225114459285
-1.689602407714389
-3.0878202958404923
1.2629329452324534
-7.813200213048103
-5.373896140561166
-3.1365211721458066
0.5331254573077968
1.633702082766502
1.8238543723284038
1.7027494112606714
-2.7848729964453907
-2.2741780436908163
0.5302299278019724
-1.021046850333185
1.149531123969384
-4.214142806597556
-5.085373929561113
1.452478483842247
-1.670325655841075
3.034978118535208
6.086082417161049
2.846540897997421
-4.506969701599938
-5.929107349871161
-1.8141349901015287
3.352312130428591
-2.7150148148216644
-3.8082591442439178
-1.4621000978690113
1.9644914477064568
4.087046846061517
7.110966566079253
-3.1448576068499583
-2.1180698445559094
-3.3553304579275416
4.001800804355589
1.9684938189473078
-6.661744438838539
-1.4845333621443098
-2.9683317550291783
-2.1825834400509048
1.5082637564716446
0.3616470819242873
-2.16101096372026
-1.353001023887709
1.6617017539520413
-0.26171767291845754
-1.0024171153666714
-2.348676775471146
-1.2820891924308992
-0.8074915250362481
-3.2170007551897224
0.29711395165891197
0.1949125845529005
-1.6426123306901388
-2.636546848307895
-3.618988701625375
1.7050384776698695
-1.2362469416016841
-3.9848002507345894
1.2020000474479013
-3.006361102717546
0.3883109288524436
1.431051548464937
-1.6627763681612628
3.0769792429760923
-1.6056231752103138
-1.38449106248054
-0.8011222006454934
4.294375538278257
-3.149630728239853
-3.32660912799606
2.0066415153384716
1.4108235039462873
-5.209477731629557
4.131643522238711
0.9624115803310679
1.043137095912874
-0.13835840331232627
-2.6576525466199836
-2.5173161740555035
2.0878911620889724
-0.006161232262997874
-0.9154003595767771
0.5151726906310099
-5.841442448423147
-1.4119368318349357
-1.3898774515495425
3.1850160417073456
1.6567548463048247
4.020201187710719
-2.3452051116451296
0.36010433337685316
-3.112720037133011
4.995015561245226
-5.071907164681163
-1.006515061877969
-3.5980212957310886
0.19843088186961147
-2.0663084453529916
0.024973640119834276
-3.118971830561689
0.26499798817970066
-1.2204921525033556
-3.3544607636219115
1.678026730539815
-3.8740520997047816
-3.2397718317271496
-1.6349585917462892
0.5921409494021347
0.06677492350365405
3.145848111279765
-0.4084188593055458
-4.114908079602597
2.268198431706391
-1.1252591024056093
-1.4705958551544065
-3.6626298608111476
1.0566494089277991
-4.116121959662097
1.409232329656506
-7.344145626992428
1.5060972183699481
0.6384546333316884
2.9163192092612675
-0.5399360138863418
-0.8943900160844738
-1.774802716328928
-2.606025776748335
0.013889403791940046
-2.3307172840433643
4.6859520660977285
0.13899424073101668
-3.3078586231117404
1.0390780523154959
-0.6133357462520277
2.5991940586778175
-0.7542562828997994
-3.5898719504111027
1.500392916277865
2.5245488762685726
-2.275213592628023
-0.13882418325852414
-0.301118000345237
-2.372428438326401
-5.69431361713848
-2.3097832749789955
3.074642177671672
-0.23253350290495323
4.956834526682173
0.004261337357588254
-1.7267351199043814
3.697352930907967
-0.20317108255426067
1.900258921633708
-1.636456073689642
0.4553235749406165
1.5822733443965564
-1.3828068884451088
4.401109369351746
-3.9611980689057513
1.5648455799246175
-1.0809127303988009
-0.9927557852493383
0.23954287200230637
-4.632545152087858
-4.044798372203225
-3.2609908570686885
-0.03535424525476016
-3.9487196179917
-0.6633016594426812
0.24391872384649702
-1.811084918576519
-0.13772266343087688
-0.5622361174004653
7.354527721802835
-3.923928847922522
1.037221130014343
2.1291485343335967
0.7379645438861769
1.8553711373953048
-0.5113233722204363
-2.40094556909206
5.186368307431162
-2.0153144871558464
1.9854121526776949
2.2311626550618024
5.120266122290698
-5.736378038701493
0.9464788595215695
1.0735031326280295
-3.0032344610074975
-1.4047720550644627
-1.314814169173927
-1.0233949497143733
-2.3245376478308657
1.1927375253288897
2.7521428250862217
-2.5017743290195167
-4.047881504465331
-1.724438236944073
-5.208021373212781
-0.5393404782619063
-2.4327383211370157
-3.0927348564352584
0.707874769098442
-0.634980735207767
-6.408103177173495
-0.19773836941171294
-0.022060897042496926
-0.6200227308818462
-3.274232127984181
-1.1013078333986888
2.6605250834225376
1.8616793866070944
3.3931944395854603
-2.777305298804447
-2.4052788347604213
-1.8582184708431704
0.43906463834580256
-1.4050085547363735
-2.409465215578391
-3.4187765188845103
-4.030411161659268
-1.205493866899838
-1.5546753939678608
0.9618741364967665
-1.0446026791411813
-1.8328236001746236
-2.200172433270391
0.08152245875109324
3.047203894787249
3.09062234319331
-0.09744127624195864
-3.909024034388599
1.3828936172313906
-2.339635222142279
-1.692491190264206
-3.9443802044224494
-3.2712418961592986
6.641961397654423
-0.34427478137272133
1.9890532146217457
-0.7481956702462776
1.0487738539084703
-1.0277127585970938
-0.15032320191264806
-0.9442595938259637
-3.7385137882214114
5.915211368281346
-2.4190501598519174
0.7793090053295375
1.7932362855949218
0.5161166008949775
-1.4604751836733156
-0.8969774267120919
0.17835817115218316
-8.307594749125847
-1.6851499006798785
0.8132291974188623
4.257044856528031
2.1861652776997342
4.0710302123046
-2.924318369563347
-2.777361513275047
-4.715858600362101
-3.5071107140458815
-2.6032170537007033
-2.6389918406457773
-4.719181472813934
5.984860885483065
-0.11946602039498898
-2.2098009344293574
-0.6526491593897029
-7.540581822979249
-0.8693157879421937
-3.8715614118282806
-2.1765794710563706
-2.8273016094770487
2.5119381295613077
0.10200842079918344
4.02496543767742
-4.368496020356074
-1.0824602544160575
-1.3668032845783884
0.13836622927366143
1.8843120324869098
1.4788347780908782
-3.6103616588452083
3.859392064151947
2.023100822722653
-5.768519769141388
3.576671496263594
-3.0715630654090202
2.0565481435936075
0.5621362395611224
2.3992105530865095
2.0061717350490436
3.54388034880193
-4.1806224788858755
-0.8822335167502346
-0.6909213205460749
-3.6366756810052654
0.2723385547053755
-1.882558412401421
-0.5515103286779558
-0.6690666507328596
-0.6672888585867881
-2.443552465204888
2.4625060067767532
-3.6131854794278793
1.4113926883543764
-2.068337586472486
3.5546998550890594
6.3763086905522215
-4.116438454428567
-1.8349455254117584
-0.8723064827605884
-0.8170176485019394
-1.0262483601426524
4.001664870965713
-0.6270539926132357
1.259448511910091
-0.7197957676029532
1.559212654918437
3.7406554470127893
0.3410690371005353
4.881928847717568
-2.4692973431057803
-3.618024344798907
-3.2659840861418976
1.425705781827082
-0.7609949308656121
-0.7572931695391559
-5.320077848552907
-1.9382165836825342
-4.642494609507095
-0.06289762712929522
0.31883150756189094
-0.12561952715094174
-1.294528265440855
-3.2664574355190013
-3.3297700736318046
-2.8566920266838767
1.583878190168794
-4.868848285685476
4.622855801680091
1.7003252783916851
-1.5360176686776004
0.7092964561694546
3.440498575456483
-5.494807516348862
-4.1377276431184375
-2.5520680647709657
4.601782990511892
-0.7882581763594119
-2.8502497215363594
-3.6609386546445757
-4.516778483468952
-4.559645362482324
-1.924482823873018
-3.5192295186215703
-4.422551904933744
-3.354823551427174
-2.6864478479816087
-0.40201538377899115
-2.0918726981386033
3.8460081783777857
0.2886686717109512
4.245211059996967
-2.621052982206628
1.3262212352307843
-4.318492679837775
-1.2451849969685485
4.313279002823453
-2.703981667800975
-4.332431186467989
-1.9780863069775054
3.523954329954987
2.8152281542103115
4.047316722999624
-4.167099212639098
-4.424591809795781
0.2571054856827067
-1.1545066525490537
-0.4589510186538015
-2.6345050797840557
-0.9938280805586716
-1.001416721096579
-1.6277612260167922
-0.8485478942504151
-2.476550310614237
-3.4257791793591337
-0.38548931020803895
-2.375918618069538
-1.7764386033557273
