1.608047467999287
-1.7268359914704015
-1.846981802112354
-1.6487370658694762
-1.6107028769893352
0.45580692274012147
0.6411203767316475
-0.8259395613142979
1.615637592768807
-0.613567989037173
-0.6554531163472097
0.09383787263025259
0.927824817156065
1.1224830407366153
-0.9139952092368593
0.7059685254779696
-1.2978840252085406
-0.6407672135484138
-1.0101373653395909
-1.1207021846439371
1.279913511184702
-2.1744931245014456
-1.1448014505686381
-0.8137340155912328
-2.651732034767773
-0.43102681618578875
-0.7423015203548085
-0.11199763051839842
-0.11829811614736722
-0.1723265490279212
0.019420876779758716
-0.6791432619570122
-0.32789466626963104
-1.2901650880219022
0.5412276322563353
1.546084432798637
-1.450295241050789
0.5353818062081745
-1.5498293026814847
0.6624763485043603
1.4772820522782613
-0.5015966208633008
-1.1899662467404595
1.1433722779799995
-1.6657017595174044
-0.2311009947153019
-0.4064842661249205
1.5926294877852671
-1.2478436692021113
0.9837516197317006
-2.305715822917548
-1.8578756773895226
0.15092053087031423
0.0815840076605139
-1.5897240207102243
-0.28623078874690877
1.1336040692739
0.20010604780117044
1.518089659380092
-1.5093156935157046
1.1068859560785154
0.04261593184448618
0.7288767407151995
0.01453805946838449
-0.9145127757129318
-0.18624251662965824
0.08627981200577936
-0.03894457317648778
1.4898993809885688
1.195316944549984
-0.02065858063413652
0.803696130593104
0.5574515448108215
1.3882670488646387
-1.3479328684718503
-0.6129132577770934
-0.024225600032716198
2.1155398540559545
-0.27103649277710457
1.569172725702066
1.637639573002166
0.3633242833411836
-1.8427947852643005
-1.3015822471680498
-0.7106230118154706
0.4017804357047394
0.8308287662432626
0.8068032986698328
1.3246571515806491
-1.528945224209358
-1.711025655422916
-0.5791992499967283
0.07977841029880961
1.053534290504415
0.8755048877749638
0.24900468232469222
0.23484505552158516
0.48932091187958815
-0.885656526742239
-0.5660986652117465
0.4633355018454578
-1.356729746834866
-0.3924773494401471
-0.25830814954127673
-0.44668397734107496
-1.3934358577445145
-0.301056675269716
0.03035431008845917
-0.7217571856087956
0.3143032106114754
-0.053772683957417466
-0.6772014197619405
0.4535873499635123
-0.7486319359276469
0.3447086327357764
0.649816086407072
-0.2675873855503696
1.28143027911392
-0.0766393138316998
0.7123582444064709
-1.5814190424783656
-0.6303605499147736
-0.4144249598448628
0.4946120824713544
2.0051366940765214
0.6276116360139938
-2.5248548050053925
-1.8194244019780115
1.2277438069449822
-0.09908970828083052
1.4554276758114586
0.8267313708955663
0.36339830706688026
-0.7567716965639179
-0.2142691291301155
1.0092761703706739
2.536338646149278
0.3703452413548551
1.957267126198299
0.6543572064181878
-2.3876836180875682
-1.2740535654042362
-0.13188040578747906
-0.9266273435479894
-0.5898998459542332
-1.382365983318063
1.4904293333850558
-1.2131298881856225
0.7946437151590197
-0.575476319673159
-0.6199327597764954
1.4660281893513634
0.6208198811891926
-0.9901626707077371
0.22396144557126077
-0.6870357915530015
0.32705630431735855
1.7345631161310868
1.2892345981338502
-0.17647150274262463
2.4654310755402182
0.001670854854055006
1.1470744844307235
-0.4003288622020658
1.1165977388317716
0.5205459248853946
0.4743065262001562
3.0834014221167125
-0.024365447625821747
0.6529130450500416
-0.4491279784006463
-0.23246578245584346
-0.3670374323172126
0.9067894572116344
0.8225012505561382
0.842187309926884
0.6219487482915664
0.4554803701989816
-0.333620682952905
0.6011669875340838
1.680929507161649
-1.3400241161891313
0.7482370200949442
0.009672947529754242
-0.1652854279869485
0.6285438833044348
-0.10945302002181162
-1.7438324557560847
-1.1862353669270784
0.29637413600047324
-1.2987616524453813
1.1649666414878537
-0.541928763806158
1.4900849649739054
0.26445777732111275
-0.14802070766282335
0.6219350844512048
-3.023475300477435E-4
-1.7202958326139697
-1.1206703924504655
0.24535332635817964
0.5331248216511913
0.33452501637102394
0.7477110698502825
1.4204936918453972
0.7686158446523031
-1.9128258510805887
1.7104237328418535
-0.5443902338319299
-1.5069387403130163
0.004145042892950083
-1.5073923498864814
-1.6053947600607918
-1.512380320647068
-0.26686091343614565
0.7927509862072404
0.17999310075300404
-0.021032157870881408
0.8644505741054089
0.8548909160283966
0.24514305556644864
-0.8865693246244393
0.4005515052917517
2.5829172505299476
-0.7841834151333333
0.5771043791554946
1.3971898803976839
-0.3143480291435129
0.062341516849428104
2.0480684172099415
0.34860181761293496
-0.03087517016939813
0.7879835210934216
1.613287189365048
-0.3314695182356095
1.3375560554140709
-0.06803416058398627
1.4521236984479573
-0.2770987042887121
-0.2778726732647054
1.1895252796573763
1.0325430108546674
2.177459264194241
-1.4656875715655777
0.48734551410769933
0.5064387908319643
-0.8245793613861568
-0.613465058847797
-0.06611660107256512
0.7413158529940779
-0.4662624592301514
-1.458930463672546
-0.6843127532666169
0.44184692793607583
-0.06555985544121978
0.22809962777692033
0.15348669830863587
-0.787212527926335
-2.0316857680045097
-0.0776124304002394
0.2101382377160343
0.8749141596815099
-0.6825580154506217
0.043188177009764545
-1.1032034246745075
2.0292649955281776
0.3814976734225894
-0.6964973638853208
-1.3078520484076384
2.767071546228533
1.0624763159352848
-0.8946406540342279
-1.2950023051935295
1.4913330461881533
-3.018033572763886
-0.2546912514908678
1.2621916153892734
0.035690587893757106
-0.8643842122287412
-0.45426503514429195
-0.9723191304256124
0.3375570205555131
-0.8568790399137572
0.7891891296181537
0.8050955348688629
1.3540099871821294
1.1018043216970832
0.7143033677615822
0.6554221934971707
-2.182461454037622
-1.1260221636911578
0.24802572010670212
-0.10200697893398719
-0.937029275814479
-0.004531315860661105
-0.5641165695787258
-0.8365663346135882
-0.9631673884331678
0.42119144988047386
0.6827173133543952
0.005888789528935179
0.20171714754689415
0.8631699055455883
0.657960284810212
-1.960613409023422
1.097488557207121
-0.20884506173487694
1.5616573609394002
-0.6525416674864838
1.4209847290056368
-1.047044068930281
0.9698127111164697
0.06373076766787078
0.3257666791574265
0.4613864625675891
-0.2933428471455418
0.05607569556407107
0.419114759522533
0.18217262776922732
-1.56499293935044
0.44261357654536565
0.40423331055892836
-1.5134268930825836
-0.9674168423049212
0.9976791034553402
-0.4248123781153634
0.30898326438004897
-1.2094348964207813
-0.8531393535297424
-1.4680104136450334
