-0.08034076927164123
-0.8904499374145224
-0.4298270292325229
1.1239809212578964
-0.024793699376796634
0.3095398787280335
-0.18123685774518514
-0.8197561449838419
-1.237036601754612
0.36966053982225083
-0.9624925172675143
-0.5533241434247912
-1.2162874336815495
-0.2804486689589026
-0.6183606964117057
0.8016681976175088
-0.44454413730459874
1.8603843718130475
0.09108939030140999
-2.5982509608189326
-0.4412913379812845
-2.72101067224196
-1.7774068716088227
-0.6656512211447936
-0.13834090290252535
-0.029498862625317535
-0.7837080172189028
1.537190923621876
-0.5937564050111481
0.2680057953095335
-1.261152086571952
0.278347098722527
0.8620775092762348
1.1361620771927519
1.1931345875640311
-1.3649107101724205
0.5819877173077799
1.137775764217254
0.3167396627572549
1.3516197808546857
-1.997713112193002
-1.3087199085188677
1.9153774246954496
0.9716997087849957
-0.10212253030613523
0.2780624500747948
0.32902887464145314
-0.25024096098887044
1.1253062941370044
-0.620612709890349
-0.49153714581765545
0.2742419727738937
-0.30562114482333014
-0.38430377780123015
-0.14284172143818552
0.575960192784045
1.6693026774854036
0.6103424147198625
0.05421747715986614
-0.2539732810385942
-0.8975721462729198
-0.9992781215630894
0.5597368735573436
-1.5467204812317439
-0.9208325753148995
0.8758513062313467
-1.4278000484759847
-0.11922441313987367
-0.7793909747017953
2.317915182498632
-1.4308146167410576
-0.254029013658491
0.2966198102596596
0.7305588368296174
0.9041302028740926
-0.7673054168211821
0.7956652734043083
-0.5363285156534455
-0.2596497907550687
0.1452896407092218
0.9592368185899933
-0.1986503951627521
0.310665500678621
-0.38623100691765394
0.8058904299070527
0.17209106904157986
-1.4439117864382445
-1.2822605689470676
-0.05509701245512792
-0.5441580146893293
1.6207684422018573
0.32398086382189234
0.03965494660974814
-0.27077668039241626
0.6919135663964484
1.4471425000570841
-2.2643333520474784
-0.7096066372174055
-0.19178105946151608
0.7983571495715392
-0.004655473465995653
0.6310635443462712
-1.3585091048900808
1.1325614630656273
0.27683197410650545
0.3237763521857437
1.1093620921636225
1.9869030983757856
-1.2553222727840008
-0.28075801904116693
-0.7389813913772679
-0.7740524841161902
1.2499715051470075
-0.1793153238441112
0.07759716793831684
1.7079923615065553
1.628310289344887
1.1417620431261037
-0.33656535288530526
0.8766848241476385
0.24389426824583252
0.8414086882970485
0.8062452510493076
0.7699601004940116
-0.21735504894263144
0.8725008893243392
0.2848525676843233
0.7328285171543494
-0.7457465225680078
1.9070167079708051
0.6760504970849046
-1.0760724557357588
0.11385414553263758
-1.8190717160672032
0.14506819892643802
0.241372315818818
-0.5678553668304668
-0.754145361567923
-0.7008254643710071
-1.338429044138627
-0.3822362501533679
-1.6016555609742267
-0.34488018424851713
-1.3119419317349328
-0.16624096779505396
1.5686517060662795
0.050471875085449765
0.925089504884822
-0.03787662843693817
-0.8204053240180067
-1.5249796754373905
0.8072205428395155
0.8482768096591823
1.2688019819735037
-1.4061831411045902
-1.105046014004848
-1.2668410655539095
0.03833202083982073
-0.7139157679632058
0.6183833308059925
-0.7411622394357057
0.6481877380866461
0.6952606217241966
1.693457346066317
-0.699116857511753
0.19968270562858534
-1.2630055958831041
-0.6491068164896006
-0.05978353425637586
-1.2999730589651708
-0.2617611772119706
0.4950375410895541
-0.43108862765465494
-0.2885574352676943
-1.0102391870372303
0.04986924761065866
1.1620525129953683
-1.3490768235069048
0.9132980247006451
1.4384902244784077
0.4516120093411223
1.0452129007684117
-0.3534295850986088
0.7039504679195151
0.24320304587070307
0.7869453231769129
-0.5319041850934583
-0.7692290251738496
-1.3876202428202256
-0.5011383249941482
-0.9636808299725026
0.3910306258531523
-0.9689357413441319
-0.4216052112335373
-0.19315823545826258
-0.2781911447848804
0.19391067164525433
-1.0790440382040027
-0.1433310049387168
-0.007813435597902029
0.38551343192693194
1.118964288713379
-0.07001152964994808
-1.5642365629524901
-0.1322050314427525
-0.08998383399274935
0.1223078150993011
-1.0829551760371596
1.7319844368788175
0.13975911265115837
1.0055935381991508
1.006862730812202
0.740852315311234
0.9453969537176676
0.026322582437897212
0.04405845263483868
-0.2535074278873682
-2.850908945790432
0.768657404014556
1.2965136508325628
0.8535829687691894
-0.53955601820582
1.4716949576797311
-1.7769655301048024
-0.9651235992056759
0.18153604712885224
0.3387319034064365
-1.4161211698146636
-1.432203085972084
0.2761130290868237
0.5487615523733143
-0.8211925167284817
1.2675486452337912
0.17481274710906228
3.009736511421422
0.822027619882371
-0.4381720826643443
-0.6532344395791769
0.2598299265773766
1.5510317485484153
0.11331436881750391
2.142023858675881
0.26320739907041507
1.3416746015924745
0.7124885987294155
-0.4774979722388499
0.2536470903567615
0.6829935266993871
0.1820306589662967
-0.8515601370534699
0.32623556161475475
-0.1694566764062758
0.8099809813882426
-1.7461551721586528
0.13470341461151059
-1.6025021301840094
1.0641465411329922
-0.042447606060669794
-0.3234273301837096
-0.4315367689374133
0.3155475949191624
0.5926076046614116
-0.8619009384431847
-0.390354072016851
0.2648888982295794
-1.0605101986226055
-2.0807399691388633
1.0922454132034598
-0.2863054246350384
0.25214169245654405
-0.5165070805637716
-0.8348370541410003
1.815892320806924
-0.7255632790180149
-1.124945623844204
-1.6486532804269813
1.9495619038873895
0.01921574105287144
1.0119719149369482
0.4236454868339862
0.5837867269705007
0.11475396584703956
-0.8701463392033485
-0.506733453444107
-1.2733749867969077
2.1250476105621745
0.9339738056799206
0.16097589169857238
1.0604743897353044
-0.601301623897665
0.3546851101364366
-0.2372655097142249
-0.43815736315542847
-0.6623109280365417
-0.7008993207745907
0.8072890252906038
0.7926734600340779
0.5290846946935918
0.20862374267581754
-0.9988672973515107
-1.441436727450472
-0.21949885356725493
-0.16914744129699363
-0.2811057494990252
1.950571296390932
1.0770970722191766
0.6567885535559809
0.22154991288567422
0.33153719687540917
-1.1486242337004668
1.4668195489204545
-0.6932844295675494
-0.19109843245344796
-0.7053112043075812
-0.31119335531736925
-0.9697701196475359
-1.1291901881225228
-0.6395907367681001
-0.9832038522298278
0.4059809271256013
-0.27750254057824214
0.4137532630630359
0.37877687620242223
0.10353306945270262
0.7618302908694774
-0.08631583613245118
-0.04976353831133954
0.6700066641633442
-0.03504834619085389
-0.8863520388050191
