-0.63003859661798
0.6491346991002049
-0.18825803839586366
0.9324623911272663
-0.8135092815824924
-0.945633576924752
1.318919453742585
-1.1204979866356817
-0.5176764188814971
-0.8045294513266974
0.6953691230951036
1.171449452201241
1.21842086519603
1.4426566188928327
-0.5563945295032944
0.39311296844471155
-0.9318071191695598
-0.24032460801182898
-0.5577156314414536
2.6994081234804197
0.0786769831665212
0.10324492127754074
0.7698667068418854
-0.8396696116968663
0.29837763459213307
1.0185946331582922
1.9369486177825685
-1.534684522555868
0.8914928918160109
0.6638660668872365
-0.8393921536123818
-0.776958976907917
-0.5016653907936457
-0.055249437895570935
0.36062347078142865
0.7649304009603254
-1.8277293030234865
-0.14645837113738236
0.03885411281141998
-1.6741827554613788
0.6408007500574467
-1.8864935192681753
1.6806595549051564
-0.45628530922953425
-2.3810188267421815
-0.3652358023768735
0.4992564022805347
0.622705352892058
-0.32578544596559483
-0.6653486604032445
-0.9209463444723885
0.12220919501150163
-1.7792094613192315
0.6414720648995498
0.1851325910661863
1.0657528115265849
-1.755157572349569
-2.514074013545111E-4
-0.14190885536716658
-0.8790046505190158
0.3319685015369457
-0.015685908243873427
-0.059237945741571985
0.3187158321143168
-0.2105765628728697
0.3677566163288128
-0.9311669296916576
0.8502034827584102
-1.080818146296887
0.24333271517299868
-0.49884168285338654
-1.5040480982860662
-1.0606021289413752
2.1350956247106962
-0.5553933488070034
-1.499831568964401
4.128576864647452
0.31039339164896695
0.15631210905375328
0.5291868940990476
-0.9061623822441568
2.096939572989837
-1.5041319810440181
-1.604925676637981
-0.5800373027844864
0.01914912581427826
-0.49540959756300557
0.26327030726280015
0.31690365336368737
0.8022475129391528
-0.17707429038786449
-2.5702536754779604
-0.11928024739795846
-0.8742888092534353
-0.16252397700184618
0.09225183905914591
-1.1182703193336865
-1.3642651463757525
-0.05031365388373189
2.2754143026635107
-0.7845111394903432
-0.7259397741463798
-0.15234874274404067
-1.355385810588628
1.3096320562084767
-0.06479641414690923
-0.0533774611417529
-1.6775987913347579
0.845906408644321
0.8237118009763308
-0.5067846854679261
-0.9544159704401679
0.11236892464495846
0.7385091598959739
-1.3727780866273007
0.04147718005613455
0.9186182940550467
-1.5683478836329259
-0.2078468643726997
-0.17710319232985103
-0.7548959811830991
-0.6953618771841023
-2.2492503592136512
-0.3172415725786595
0.8679565312278682
-0.31615775646793953
-0.48322846087377747
0.5334838003098992
-1.3889484891593804
1.6014168369594324
-1.1022470852361255
0.651292022868328
0.639980772309205
-0.08999197779622635
0.823749962340668
-1.414771151728441
0.09930368618393487
-1.0723063103685477
-0.819609441159808
-1.186555494379766
-0.295985775380087
-1.6402330870898518
1.167018755089215
-0.3734563143515418
-0.2720893780131021
0.36803973954802116
0.06668883506589453
0.7886181969410594
2.300541028505589
0.14244436542698952
0.4415426448690662
-0.576663050686091
0.06523571503079315
-0.866685916265762
-0.5665403756201538
1.0511803213897812
0.5340126650149244
0.6797907825362758
0.5086467671534082
-2.9573063920616343
0.6540427539247361
0.4458008078871393
-1.5306637437480695
0.8807787950160942
-0.28743246766268754
-0.37581196587836313
-0.4034085867264566
-0.5379505149134604
0.8786465035341778
0.2973770310338196
-0.5417463123532706
0.40576769196031526
-0.19660927823052976
0.6747372652863874
1.0836288125720694
-1.5217380476747502
2.4685321267135127
-1.563597012912421
0.668262224567093
-2.7048631610415366
-0.5188792603120558
-0.5808837346977945
0.045275228748345574
-0.9904994462565787
-0.3596747062610383
0.8023506904607083
0.7571430493292509
1.6341559946260522
-0.00889774471945503
0.3548057080420535
-0.5847568472735024
-0.025478382493519407
-0.23063888388406778
-0.05024909775609011
1.8117791341450575
0.7429302992283053
-0.0375234459176864
-0.34217860714535064
-0.4033078100603824
1.03597191444619
-0.30527290020321834
0.6604934028493723
0.9931060946229703
-1.3555087232102332
0.009230285742914946
0.3282660804676494
1.6508084342077292
-0.48994818506423143
-0.784710248466038
1.9143618083424672
1.7742505755964149
-1.218029621805211
0.4359297808636032
-1.696403956690611
1.2972130045658683
1.4124054425653496
1.0662049772990476
0.17365396379355158
1.367519218432759
-1.8944618352691276
-1.7927497075062089
0.7403654565092485
-0.19014380107463877
-1.5915972608124223
0.642804721259531
0.20210702457836652
-0.33277001537293055
0.7280260223118685
0.49117921604040155
-0.37370696581854446
-1.019740901251548
0.8307731619467643
0.6809300735276556
0.9946725189421608
-0.43123677548308614
0.1475701109649222
1.0458323182253981
-0.5782658938203197
-1.49061387133174
-1.1978246134015629
0.09291464779275893
0.2993678897318631
0.3173503583483184
-1.717936768818843
-0.21785064436779705
-1.362565145726208
0.46874637238570394
0.25220765534892653
-0.1858479942298783
-0.2255359884866157
-0.29017405259106827
-0.6005107683272213
-1.0724853964560004
-1.2981252848379534
-1.5036156646148477
-0.30873852656263956
2.0533571811388382
0.9631324471122988
-0.10962344404209008
-0.1708144451405333
0.9477358499475615
0.4942181064672135
1.8085476104747593
-1.2816159624744585
-0.8327170286886252
0.034490058159835565
0.18451813415895457
-0.2773759047671688
0.5214855444580141
-0.9365582387342097
-0.14547052045761752
1.2049384207735718
-0.936503821153186
-0.08552106768647734
0.4518312836686688
0.8943398463076403
0.0830066035415275
-0.24115169662869773
-0.933297003183902
-0.14234211932472815
-0.770528486676395
0.6079863712395724
0.21410622835754445
-0.31894113793577117
-0.12403674593559387
0.20636634297366396
0.7320673395435427
-1.6606823014769858
0.3139265375151663
-2.011013778637382
-1.5663260204710603
-0.6084080041883152
1.2571207726391558
0.412521438069874
0.5718136509970724
0.38806413829451575
0.6003846497627766
1.0733099467121834
-0.33107461682125583
-0.4627617746108431
0.25534515031977556
-1.1714322338737198
0.5013448962201358
0.8600168686863757
0.3866971094300023
0.4771869162036351
1.4584411816557028
0.49344559156089923
0.6226796594587772
-1.7036237841335369
-0.15110915763151947
-1.296055927159499
-0.4219313889799923
0.4786907020818527
0.21640934888462104
-0.06927284047283477
1.267240171596753
0.5209430219336413
0.6410817817680099
1.2421937659478006
-0.7020354324816759
1.0073485752084055
-1.1416442490478151
-0.07148382618708288
-0.18792331488949485
1.6565003745553688
-0.8637974002181373
1.1829696248463069
-1.177851433257
-0.8328823636326836
