1.4727986215832016
-1.3976430576601901
2.7534864858316515
-0.30430008639015593
0.5415183870305205
0.8975212603308491
0.2747050357694141
-0.39824358431190926
1.0803936960403804
0.31823082619990645
-0.5457221913422986
0.7648490583699273
-0.7828338425138874
-0.6390698152298507
-0.5631669197453261
0.12363736497680435
-0.04213118058592187
-0.3116131697396446
-0.26259407316596894
-1.5447048202038909
0.7116653254523413
-0.3505722733871778
0.45587067332646236
-1.0145953444214648
-0.46188379610206587
0.38502483212363975
0.20090888793352046
-0.10331555650536979
-1.40224421131777
1.0282930603735319
-0.5266903412026777
0.6753172172257359
-0.22753021194117432
-0.47875215797395565
1.4614502931443618
1.2352841757935444
0.005287496088200494
-0.29406709594320796
-0.32308331611325225
-0.41156888518320905
-2.286670130749057
-0.7046070959921061
0.5610321573556994
-0.709057892893137
-2.4863538565022694
-0.7516696535519646
0.7522611777345921
-0.18840007300118924
0.9434758386667684
-2.5411453620072733
0.5324508940048179
0.7123534505118232
0.06024788198683622
-0.2557662276958124
-0.1693271410612647
-0.36998913014100665
0.024791025955253013
-0.422699661373073
-0.6567297398014449
-1.0717660147781751
-0.8535471560350658
-0.5537972939607231
0.17380699236522548
0.99937504208089
-0.7810913085862553
0.8395617183218597
1.4665058894944212
-0.9397543027929799
-0.558454517667474
1.6685007174025772
0.46820391910699755
-0.9935519496802203
-1.3906198356308865
0.9306952071170569
0.5981058434177897
0.7479395317099148
0.6255675463517245
-1.8299446261159014
1.6431683049559527
0.6286441072538561
0.4545636276947851
-0.09901263838411968
-0.7725196575913098
-0.09163355614288642
0.9031835601728695
-0.6408767719684186
-0.12069329422920716
-0.830229258255522
-0.8846807367332467
-0.9613726911971512
-0.8492047400927277
0.3980898136220913
-1.277009951954058
-0.5845792600099851
-0.11619262251846728
0.33387087071447147
-0.5734732988588562
1.8178201039157635
0.1039073399581463
-0.467927935660402
-0.543737487558358
-0.09711730684366827
1.3294638469903328
-2.523055197122051
0.7362193126079424
-0.3862888482460725
0.16146573862622773
-0.7722768149169779
-0.06317098037443249
-0.6129018778189881
-0.8129773373291292
-0.22099394513092158
1.105505392800184
0.5466833513729998
0.5227974671198853
0.22555637027919606
0.09836491245642204
1.8855750383659848
1.0964223726353253
1.0629395563386907
-0.8125001586918297
-0.6294069324736066
-1.5670737822718686
-1.155946522170622
-0.0363563558162267
-1.2813789014643586
1.341796322989881
-0.15701882329958985
0.6959210166341053
-0.19280779401408216
-0.005429791873949117
0.6984742621841821
1.1205871808232364
0.031181224581424548
-0.29758125806142577
0.3582806870535516
-0.019484250189332846
0.5462495709314467
1.3182806299578034
-0.9604744437136433
-1.4672049361655801
0.17301704000063226
2.0961964165406726
1.8876673073212307
-0.8511714143691587
0.8265057117354847
-1.5987198504797286
1.5134600852169293
1.8423182020754052
1.0706683781528925
1.132418536067328
0.8568043322268319
-1.9289930696834583
-1.0982846767293752
1.0106462726221315
1.7988233433352032
-1.7998465790769174
0.8978470009409365
-0.04706913103817105
0.47743709584025606
0.9198052849846957
-0.18444490216651485
-1.388235742033618
0.7761118748415775
-0.0044725775179610275
0.29256967529503675
-2.9193975667295597
1.655119795276622
1.4858828985489025
0.7591542819034786
-1.9364318286420912
0.008793712306236273
-0.14944542875737002
0.8575592411632135
1.6488322309665533
-1.0049969783470198
-0.8646961948862371
0.7289870531288499
0.7599935736387678
-0.727772561596909
-0.6695422787728658
1.7504443642148226
-0.15430157245772852
-0.6242953207262819
1.573273794124562
0.9595617095193276
0.21395710209739033
-1.1927165521668028
-0.31952578074672583
0.8616112076019335
-0.4736110233225185
0.4787668812507153
0.21455926829751734
1.1141046520721412
0.43675343519275206
-1.557810394032937
1.0715038300404622
0.38195593562243346
-0.7640418265358868
0.7549022843642014
1.5091467162775183
0.03980120392730541
-0.36820670878928946
-1.6248619955695698
1.9468558947265835
-0.5199410381879033
0.12444233110118694
-0.6867974714915616
-0.8825746228195755
0.5730426028541947
-0.41830896889621644
0.45473185029724883
0.6699783111519717
-0.7517186172214182
0.14148652320557056
1.3846497165276663
-0.4838541226824014
-1.020617660100119
1.1056532089295268
-2.138407045422935
-0.4168783473337631
-0.4081275359451423
0.40781472131360946
-0.7468012782276225
0.3287552994708249
0.7681081760583189
-0.39644790726666024
0.043893388232181876
1.2008663373680781
-0.9277300706440677
0.604391835942274
-0.11558021879022017
-0.10918700667824893
-0.6213997357925284
-0.32954940686780604
0.7740793773843455
-1.2585954595863806
1.4185734861960158
0.013454011352710802
-2.098343565309934
0.33130908938824477
-0.02972281421363154
0.4309504060634584
1.1376832904616005
0.7712626778670783
-1.1820763267932795
-0.870955789636562
2.2332866510117
0.13694296907353248
1.234677272153139
-0.17248181424354025
-0.7168011795529393
0.06073189101648735
0.5674018888576234
-0.47732750758317705
-0.025805057889566524
0.304295143765399
-1.29625636909279
0.8797947928083534
-1.1977293480774283
-0.6779104529626273
-0.37692915827904505
-0.6767259428159129
0.19260865336227156
-0.2465026898489891
-0.5754230022803277
-1.052218407238208
0.67559931344409
-1.2299942797634125
-0.4479537494703935
-1.1339784772938288
0.1099195963965443
0.7061490888815349
0.6402237870038806
-0.45373407322852316
-0.24406386342450032
1.0831683353625088
-0.8096303416825199
2.174961067381486
1.1976078663162197
1.372261320523271
0.021889881672334754
0.09581006376297463
0.5288420122479648
0.29247728682425456
0.9843616741726994
-1.3740210786666935
-0.40596499015162846
-1.7184139598764732
2.6194419183082913
-0.8135292920925867
-0.6292028973582161
-0.3668038515040277
-0.23048481892304537
1.0948931585575703
1.0138685039970767
0.6625030716495649
0.6606889013155248
-1.1441645689988604
-0.1480829760509241
-1.8323342228814226
0.058131882739546864
-0.23637347889890659
-0.7997246889558269
1.1180302472722945
-0.25866933259767677
0.26880760141511045
-0.5945577651467981
2.773091134854919
-1.5678185423034947
0.725918634815278
-0.3413934053542951
0.3944301649070397
3.569003668912891
0.08624851968162009
-0.19031747478181701
0.09564783866196501
1.765653186890336
-1.3783591994797806
-0.7320710648466913
0.3089384660752374
0.08237098332279479
-1.7322211629519169
-0.5184302243601039
-0.3102354885318933
-1.9759895355959718
-0.9597286054346374
-0.5120588116616119
-0.1687710736118302
0.32600907710443816
