-1.6061489052680766
0.9088113724833693
-0.9106414293496752
0.029717223818758853
-0.85379773654408
0.5824407808363056
0.2114248619370724
-0.9181845701415965
-0.6609440070400097
2.6300094106482588
-1.0444079591913698
-0.9200263342502943
0.338209087297508
-0.4149291519840766
0.40767803993895324
0.9397574914668094
-1.222569042708374
-1.0749295198869677
0.5782251742223066
-0.962420397676017
1.6950026985146112
0.4612033947555427
-0.9368125296244597
0.2261206659237154
1.028273531711859
0.5759011514929209
1.8924151252883825
0.7060433865180212
1.5655751309264698
0.7987491815479582
-1.6233760774492174
-0.16644008137726174
-0.4531073136852961
-1.379869967837252
-0.3716647235451093
-0.5601168302911252
-1.1518065442534613
2.097768238378604
0.4799134218177263
0.3848328034309261
-0.2867128868696403
-0.7673677898911528
0.7287983988795237
-0.2852642005058772
0.5079337595751585
1.2270897111113956
-0.0697161445870478
-0.5998120020311486
1.8480059741358776
-0.14596308278667294
-0.9767737813502447
-1.3105846362509712
0.4647140600787068
0.18093425318887219
-1.5700996288872757
0.7959424514892394
1.8471168781835072
-1.3991371010627662
-1.8406370897107396
0.3394999529780836
0.44453925689772805
0.8526179514841221
0.7277230697214193
-0.296067600914037
-0.8950317626235473
-0.9696188238906022
0.062055430172153585
-0.9895739929600335
0.20182198642321186
-0.3896234064186894
-0.9324481683320595
-0.03685327275055694
0.0990752635941733
-1.8973679784151132
0.34949207056252507
1.6926204687033002
-0.15069936201937092
0.6637176507722516
-1.023927225668363
0.40088546402872877
0.49465864424765355
1.1164295324637281
-1.509111669718724
-1.1934471828925637
0.1842237018903815
-2.4715123844067524
1.7201878820693317
0.9700650369601683
-0.3152187889972129
-1.438876488864614
0.2571595914818332
0.5924742195538516
-1.0008957553802595
-0.3147943886833064
0.0028071542950187213
-1.7534085350507616
0.7168757366961913
1.2785785888584402
0.9030353818598507
-0.34852377577570837
0.5707758667913441
-0.36846068788724884
1.0194780896927835
0.46957355717543664
-0.1823928140913603
0.5574087910384223
1.1570312764447122
-0.6509307123707935
0.9925419389773417
-0.15179642053745504
2.183533428580364
0.11987525343041193
-0.7891839335284803
0.42404018196035276
-0.3758022293066071
-0.6458184471072225
1.5531559662431134
-1.2859145368822453
0.7346803934138526
0.09506361374100465
0.9595933427665112
0.5953835207132497
-0.004892887873574103
1.4815785390640475
1.3554169411251098
-0.039038736381074565
-1.647832753546509
-0.2735126410622852
0.4777407991020725
-1.086746288822394
-3.0315122188024635
-1.2574570961637739
-0.015007984017333557
-0.20172640693175092
0.7783918436320287
0.5414147865403134
1.0834761255779521
-0.5995142917728266
1.4147958509235088
-0.7488292529299267
1.0487206173076593
0.29078136617404304
0.5585261729767271
-0.7435870014941336
-0.7453731386206268
-0.38018375880659594
-0.27179396749882856
0.7437618205388499
-0.5449888511839502
1.8617295303461394
-0.5379028119520405
0.5799786108552593
-0.9681730756662281
-0.6564257190103463
-1.0208007010743216
-1.009035315102909
-1.340284646792162
-0.8617867867975537
0.4528451703905264
-1.337302046039319
0.31404586641655324
2.590073427422159E-4
0.23159253281370887
0.26323953575271736
-0.08661066220685808
-1.176462716454638
1.5580721242371947
-1.0527699065840457
-0.8616884206091784
2.571434559028295
0.3942037223999737
-1.1324952099137575
-0.7404744743604956
-0.2437082780022396
0.7279130977124989
1.198596106694838
-0.2228329085421723
0.20150885121567275
0.9531820822022341
0.17996483884915665
0.8431188519290111
0.3571223301332002
0.7043595400143764
2.0487947633587886
-0.042110167984343305
-0.14259739164358443
-0.605625256517831
-0.44570894957434626
0.7109089064327202
-0.31688606032964917
0.3029975687387062
0.5475726154751174
-0.5057583152793467
1.0011757372735592
-1.3574145531087882
1.9773905121587376
-0.9866906815501173
-1.075615189674987
-2.542827682838076
1.0676911100618356
0.8843763870218746
2.136403256184927
0.16106923485741878
0.38853233691963307
-1.2606049299938624
-0.6349520497567168
0.793424103908444
0.9837955843257857
-1.3412986662252813
1.6274271766555288
-1.0928302916588388
1.0614125762132642
-2.279565961033762
-0.2643782032212841
-1.7791990331570398
-0.5950026355200296
0.22626333112828173
-1.4390375277051162
-0.4287670370993536
-0.20137312369193028
-2.4441172853350044
-1.995386393151753
-0.8955408767366358
2.0330983088090395
-1.339633176329668
0.26524507000250963
-1.4408217658341693
1.4833901386611281
-0.6212292530779677
0.6442135207285766
0.7471638436466066
-1.1530887599754915
-0.7920361336321794
-0.07310643953320221
-1.2282918204751474
-0.9746466646285978
1.017147024795842
-0.07387436256421558
1.1108154527266483
0.30109233695954907
0.12543163702185478
-0.12486657684190104
-0.11885111721317741
1.402171132865221
0.088845233154821
1.3166388524377342
-0.34810024730513867
0.30961711859621827
0.5924828496325133
1.4174956933199794
-1.798893344637331
1.2027094845240764
-1.054501668728413
1.8449821637089434
0.6525582642105904
-0.7847451568913818
0.9401474607521648
3.121136572456665
-0.7821326093782714
0.6433317758046212
-0.004965190056812454
0.3151061375085142
0.3144317823072851
1.0302816226202594
0.04985262875855011
-0.9280735974597933
-0.0598784693488163
-0.4391386132450695
0.11440271607383186
-1.3325965752146114
-0.20289591895561496
2.1653073997373267
-0.6866041041517114
-0.6725408360962233
-0.1432334651266264
-1.0310287300853733
0.5748485817576984
-2.206999313001649
-0.5008454005280967
-1.5032589730874355
1.325903550128217
-0.3849030044840036
0.5771552045451238
-0.24315202255336935
-0.1619815909904915
-2.178633881567759
2.031509535080717
1.0039470910498007
0.40952067157766364
-0.22943407990325937
-0.846033976824808
0.02824186125933494
-1.0903369080474914
-0.5315041610901877
0.8794035096222372
-0.6634373234639309
-1.642179102969859
2.4590334262127174
0.04091806623304896
2.081849628041908
-1.4261736746498763
0.3668692751991466
-1.0264861239469276
1.1278584042266642
0.030872025208875605
-0.26603590629596535
-1.021116364646717
2.1253626134149934
2.5817838277051117
-0.15478000549988774
1.3237809079325
1.0677182552340203
-0.7570007781068722
-0.03806305800634561
-0.42066974152443926
-2.881553926661224
0.4453357237148535
2.580862757098909
-0.668112817045222
-0.9326497335394215
1.0167088924559458
-2.3866442986591236
1.1493409207169312
-0.14604226091650177
-1.038211604182673
-0.5912109161126381
-0.2562806932767988
1.6456967509219964
-0.013657128354601972
0.1369391406403961
