-2.1477827064593007
0.036074511311342934
-0.22742120864781173
-0.9141364930753961
-0.17619690053836434
1.9479545886915215
-0.23185962090110612
1.0966742541572763
-1.4008740350169744
1.0598914980722693
0.25869163738570594
-0.439246574003232
-1.550150113299156
0.38636035910301153
-0.11039990522906869
1.302022494853288
0.5226471006978387
1.6291637154924479
-0.5097489805909227
-0.653883927355591
-1.2027720787260894
-0.12918071222234526
0.7310557491857648
-0.7635433443044575
0.5768142455885256
1.08739192252035
1.2068912398770244
-0.5362527584360944
1.1234616995956634
-1.6251188965491068
-1.177212505360539
0.5906885240658719
0.2801563008608021
0.644845257523603
0.16080925221977121
-0.6953851466746273
-0.6924260900708475
1.0001835795158305
1.0688769431370513
-0.013727596066963176
-0.5495421244445116
0.558715374501369
0.33886277370304274
1.4198857500739057
-0.7851856477871827
-0.49313696199822826
-0.8428520375104522
-1.7896544446721867
0.920172126875958
1.5231247235627985
0.5804023221329103
0.44543814876951493
2.8277507555848103
-0.6532245752282423
-0.11029166644583643
0.42420657931102945
0.18326368453977296
-1.0072490542427122
0.1295122641932688
-1.2620666840064372
-0.1083447428619238
-0.838757200149292
1.2181920195815361
1.5732523088384454
0.20286006982249513
2.2422638143544424
0.17150361421306873
0.4705665454830919
0.8090905959899317
1.4484303509726035
-0.5488164291390667
0.46104656897349366
0.24540689013647296
0.2587241112855246
-0.423799186521626
-0.5863316505835104
-0.41876149986448813
0.9118551034890823
-0.8929210244903063
0.4831332946974392
0.3380056633940901
1.5485448878301238
-0.5314444706565482
1.1402056697191185
0.07493950869994634
0.43038373812636976
-0.21211556060795458
1.4132539611851067
1.039914101333369
0.11629499323939435
-0.29097309389655057
-0.0661481924604431
0.3239289157217221
-1.8106266804480309
2.029025822664638
0.5548467133355834
-1.2917272318009934
-0.29151086057436254
-0.8370831230421982
0.8964421935611889
0.07296680069342634
-0.10532947985317558
-1.1157445042166323
-1.1997647596119534
0.003737221060288324
-0.21711082400319595
0.31137021765029405
-0.21364501958460258
0.9739242092016296
-0.32374128127104457
-2.198245737909388
-0.5571957810673647
-1.4038759993375096
1.553653974992048
2.2659804778673887
0.9138952112517348
0.908183436164436
0.8055537140507473
-0.2684480115869681
1.4585811953552368
0.7785711792770889
-2.0397140493748784
0.43956509683754524
0.4968866074602515
0.6101075423320881
0.6082956116985649
0.4758981414097185
0.01258296952770102
-0.9787686013078174
0.33830155572781534
0.039491396205282185
-0.05563042259329997
1.3590065306988421
-0.7909237657898766
0.15209789226476214
2.2381118723511424
0.47033182587203864
0.9638770620188134
-1.8695811408542156
0.8191728232876614
0.9815732292163016
-1.2419451052915584
-0.23742235407510873
-0.5266412202019992
-0.2603206396851939
2.39271391183039
1.284718974507812
-0.3928288815689076
0.13708757546811684
-0.9697836450245212
-0.4691810244037806
-0.5580932733761129
-0.12690050985918827
0.9784760598636002
-0.10183944534499312
0.4119697525587333
-0.23960777157306706
-1.3318963539271762
0.8936687692479455
0.4457183054960954
-0.010799770653159063
0.9256731371785858
-1.9600383264004124
0.5493327292669878
-1.4596763271712399
0.04301748103129107
-0.3902167394520471
-0.5125876642293156
0.6186534615173986
2.286706479721312
-0.7486615006638759
-0.4308121398941826
-0.7256066218485218
0.558300594080714
0.7181565170962368
-0.08368914435365535
-0.06677740201524276
-0.5162643187868886
-1.0059230251882239
-2.533680372457087
0.6140086313373708
0.12176119798164883
-0.3108497762562473
0.9299523686660104
-0.17324360545739004
-0.2788497836526736
0.07224512881159979
0.7919757673608834
1.2652840856406682
-0.47676897499575094
0.6300647087536287
-0.21092808141178862
-1.054201846551077
-0.0928978523905076
-0.5995996958595816
0.6988310284075494
-0.8207702770209506
-1.6672326278442466
-2.174149287005438
-0.986596694512363
0.6615619533077627
-0.3099720251887459
2.0366732218711254
1.362120086587588
-1.949544521558097
5.639743479989866E-4
1.0145825698989501
0.12136446854705525
1.1274381184973064
-0.01121249330375504
-1.0398876466625229
-0.8358187915840032
0.7794885512004351
-0.050196204566638675
-1.2577498294403295
-0.5298392479604319
0.8069240228592385
0.31380515331737974
0.7444747695732633
-0.6970365644079463
-0.7602676926741778
-1.4267322454469844
-1.166715494746671
0.8944374089805166
0.09924067445270228
0.5913732432010957
0.2769913506602286
-0.14933578132683617
0.04376711199245474
0.9897049669108009
1.5332030746484582
0.6855454571856087
-1.45005662234105
0.8049370629446738
0.8740270999422516
-1.6319245793433947
-0.213228651665765
0.2691554030656859
0.22101658578817185
0.6445731563647084
-0.5630136202832555
-0.7270881448036874
-0.82299310445366
0.050010388810590514
-0.5059871720904955
-1.1684664792170247
-0.940208343900413
-1.0349381951114736
0.123148439515046
0.44582698767020545
-0.22197677832723398
-0.005993437616099035
0.19690367446591467
0.4858473069977121
-1.7548307603875233
-0.7178590748387113
1.6013609193795928
-0.784376292516373
0.4477840552106633
-0.7385599172635553
1.1851513907913291
1.6418729109696084
1.5174283310227181
1.8144627112570852
-0.9058281407565434
-0.6684350468922757
0.9299022331935684
-0.16519650667257274
0.8271502267575525
-0.09381943198448099
0.39216713542109893
-1.5739905258620344
-0.049965475783757665
-0.09076175165449069
1.6049593954766674
-0.0606242807485789
1.6856159959482935
-0.22802592965846702
-1.7581137543661713
0.1742007799236883
-0.6058708422546911
-1.5234418970947061
-1.360580591929517
1.0911007039288039
0.5454260652618528
0.5657139892795453
0.2415996533047668
-0.3510790449553999
-1.924539945643462
0.9438011636746988
-0.4326040644625449
-0.9884919429932901
-1.795401930108543
-0.8091179508166485
-0.6978192324055407
-1.376848053609963
-0.9904132131549166
1.2762828107830875
-0.07561909316076425
0.24444555528203618
0.536843761208802
-1.1228695192367701
0.9876224833620226
-0.3575725558614565
0.6429705865005819
0.345008960661394
-2.108277697833115
0.9642617771552927
0.9614522500980827
-0.8586488572475462
0.9988807345528427
-0.12807661338124807
0.20925732238034503
-0.4061609688097687
1.2524946482612094
-1.4515754572015005
1.4541666640887567
-0.7465009625305048
0.12535620885984067
1.8736868603365706
0.7907519909676746
-1.2691679396999154
-0.5430514240065297
0.40811371734035695
0.9028451195491208
-1.9579646293387831
2.654290268150459
0.5158956852088092
1.9379964474240308
-1.1473484272948493
