0.3464206671567847
-1.2064887741933268
1.7361052332674023
-0.02141814130492493
-0.04071782372000146
-0.47637730491335817
1.5337545016957228
2.4539075517067914
0.9736318339899055
-1.3328934796325853
-1.0152557204402393
0.20886886229593135
0.2435303192347566
-0.44454839486944225
0.533251990787299
-0.5828317556029529
-1.5350015654066138
-0.059212420991303874
0.4665794930136787
0.599356915424687
-0.3857247677323669
-0.13653825790536228
-1.5147646869141622
0.7588452970040256
-0.7123482652118472
0.562302077620062
2.118483320512935
0.24013497094052982
0.8677563237354039
1.0455378989981496
0.04891615427130997
-0.6149804485175213
-0.8801190886231356
1.5394088267365065
0.8568357970106545
2.3697101313213986
0.05236877684075403
1.2509468652645934
1.2210769632384857
0.1603190677820952
1.522459988356841
0.20139750680556937
-0.42083249532573513
-0.5243065965030255
-0.2258242981211847
-0.6214664562135486
0.3791020491324377
-0.43862856096057823
-0.41411411179475677
0.5880469429318333
1.4542966791151632
0.9238116779781081
-0.7500750042299605
0.49534585364013434
0.30719709933683054
-0.11643367021380903
0.334656824232564
-1.1278506811709519
0.4225109564445854
-0.004676121674797815
-0.7073477744302276
-0.6565528960883336
0.13261243390513971
0.2595846955508295
0.23786362870956496
0.5090403021326869
0.10202190450501816
0.78750593579985
1.4543147077442187
0.10760368198333307
-2.71819938034077
1.402652109261743
0.8437667134524032
0.026414060085058946
-0.6786881381217279
-1.2118170002867423
-0.621784285602513
0.6845588580332849
-0.1304369493140855
1.1513004729316574
0.41862635710667
0.3561362544190008
-0.3455399250275286
-0.7998079016391169
-2.5050189303334505
0.057085652468035
0.37551025204716054
-0.3648484890329798
1.8115783479285412
-0.7064819228531883
-1.9899152767145885
1.2214283469344118
-0.8869866724557696
-1.2395634557069966
-2.0108709178435773
0.4118887058116408
1.123931843074601
-0.5662784861032272
0.7918814413559783
0.6673930552978561
0.2805378667447547
-0.8104162295885
-0.4128357745143994
-0.17456210861171814
-0.07529956559619208
0.6297746880480275
1.1966220930555882
1.5011326561274903
0.18605004593661034
3.213001886426145
0.055401019896715954
-0.3711699571194326
-0.1349288274734915
0.7750557504308667
-0.2942249928359885
-0.8100743429374938
0.4811029336617681
0.22700897760870412
0.9386668056720201
-0.6499025824045483
0.22625792411697607
-0.9181337455538259
-0.29124186727283957
-1.1577547750498824
0.2572446675588214
1.2240879698181013
-0.42181723656699593
-0.5629527586845798
1.071042524739982
0.7856910371705842
0.070903943915346
0.4214106757140319
0.030971964364808136
-0.011419680459117803
-0.3242938644770267
0.26649400114818744
-0.22040090254872086
1.0450781211038658
0.5174810136380189
0.9802202655431496
2.4258456385523632
-0.46706303214064143
0.7834243207257001
0.043716381908942274
-0.18766782368718837
-0.6222735923058307
-0.8891633383359616
1.5247165163119545
-1.047251351898879
1.1060932592054482
0.15839402622017135
2.324385337759065
2.4005518527940355
0.7758976620547938
-1.3573181031887445
-0.5343311866155069
-1.1535625030357528
-1.2921682211598722
-0.8900024526397515
-1.2438913884433314
0.863976886824252
2.1210014478821697
1.4284246234477833
0.6376065982231418
1.1999665928727394
1.3332421850967793
0.7613336200345893
-0.11464003617087365
0.5798447681008396
-0.7031720378117047
0.7455269491349786
0.5156039291312023
0.4130749692397185
-0.03358329658018298
-1.7897049663307059
0.610861657408468
-1.4435255846995965
-0.16403118215528797
1.6082003379048426
-2.392257034063795
-1.4847121297062889
1.0591542218811394
-2.4151830909017535
1.356460354884937
1.498875370216735
0.9996260720888139
0.028974703606744742
0.24331930928697781
-0.5893727667189897
2.127304432954405
0.28407808871233736
0.9973065562940038
0.07421077278070111
-0.60959274283182
1.5778638084150958
-2.2401841593251195
0.3905551720396575
-0.8103429102472803
0.4136704376590235
-0.23093684800396283
-1.3397700989347454
0.609492372841201
0.5686121399352818
0.3833565138940436
-0.3884663291481654
-9.036399867506403E-4
0.18968926577499992
1.504837502686165
0.6121019120118724
-0.05938459442844673
1.3329854056756878
1.5086196903693565
0.9084217664792918
0.7022204419170669
-0.8492704821065672
-0.013542597649441367
0.19721547827607114
-1.4485385945653046
-0.3058322272590049
2.4158831883355907
-0.3246105588686285
0.015738633165224215
0.3724108984801049
-1.4675100395062846
-2.2599312798752726
1.2914067477396216
0.39630609664720545
-0.09193110232702272
1.4892848805233767
-0.9312422450030997
0.9321108118684791
1.4743600527984984
-0.030199346392999135
-1.062205150029231
0.2104694644784452
-0.5366817271037697
-0.15153516946200832
-1.7365271012710959
-1.0933395922827542
-0.06826997503520782
-0.25447171071577923
1.4768654561642078
0.7913147389274445
-1.4059634643617487
1.9687593567492594
1.2559458897290658
-1.4421624319283386
-0.2009517266657539
-1.386036892213245
1.6200863171625797
-1.035694348420737
-0.5063518242011558
0.9660436453235679
-0.1712448452009794
-0.7168646435414894
0.7226759921640267
0.13161787380049322
0.5942743220894585
-0.723829459490864
1.2145886207873073
-0.32589078275009525
0.6371968780084275
-0.6171526707582788
-0.9293002332952846
-1.1438387787842619
-0.3254321023241589
-1.0622121590065596
1.156098680018951
-1.34885287491815
-0.7721084588372008
-0.30429605011322175
-2.2736681114448176
1.2715502930284832
0.3602918247450564
1.587662725218264
1.187401359720736
-0.32845971226047876
-1.2233342300444354
-1.3782990628407876
0.611341537241208
-0.01305105309087879
-0.05683594538388561
-0.44136952811009944
0.9580133044141877
0.6781321399292829
-1.626725356414148
0.41160234612582003
-0.3870477444166525
1.769694687818243
-0.8367591729707531
0.2648491250771239
-0.09272238618100373
0.30678211240365316
0.3428891450689159
-0.1820810991573972
-0.9782004634330628
0.44847436278857244
0.03161946612350199
0.6246570822091786
2.000138626447289
0.045931526207837636
1.6081240194082134
0.2099034654466524
2.833379625591012
-0.13319780121421104
0.008086040717222725
0.30834717920202354
1.3387131366089016
0.6710405859044204
0.6222711557769309
1.022294966712963
-0.6582020708473998
0.9015713775670183
-0.9640985215970669
-0.5904725822881388
0.7911673603418903
0.08328910547929946
1.735340468202709
-0.8045768826142845
-0.6559331354581447
2.157265487196848
-0.8929094216663349
-0.3217190430050743
1.1831270125972475
0.8881963309633147
0.20179154537327312
-1.0799102347869092
0.14712816396382386
-0.8789228924357978
-0.15998705853465817
