-0.9698157898458676
-0.7708955353407425
4.494154182511304
-1.7005151695171006
-1.6993632259023919
-0.23127407656866875
-3.073077065028119
1.5610233194625753
-3.1389061793884308
0.7720816507910322
0.8363363362697345
0.6668598800700306
0.6075572726577019
-1.1775851209284687
-5.279945377072045
-4.724472163142282
-2.0705565618138766
2.434513748332782
0.35035638301484057
1.7968559242553674
-1.5649602066740598
-3.172807014433112
0.029570934463094747
-3.300532656394212
14.053128179667489
-0.5750618470202244
0.5639847927955365
0.3414245647559873
-0.15978093458595183
-0.9229373734042429
-1.5025394405112318
-0.46522629167588075
-1.1506672614925877
5.635732815619909
-1.2659438281137207
7.078470431952537
2.1089393963981604
6.018177439191211
2.2536106076504256
-5.773616794004837
-0.2596027279987924
0.5804760283019197
0.21094397763822104
-4.824344938369204
-7.488062198334725
6.542516713989109
-5.158636047172032
2.520042966324407
7.033881253823223
-4.829810828787364
-5.249348076213327
-11.124403435381137
4.836011812607602
8.875943717247457
-8.772907137214423
4.760743542175413
-6.130199483544469
-3.902925199250714
-3.8356758893486194
0.1153389881153811
7.478643104208047
1.6164112634478955
7.526824097525242
-0.7465416513678055
3.3152980971389705
1.0129616862694977
-0.9944092303734796
-8.342390945903256
-1.7541949929974663
3.1904116407984717
0.47271919087940806
4.0705475674056855
-0.9827106396927487
-0.1119487055568208
-2.2190261021173168
-3.934237821870073
8.350311114302615
-6.151307943978884
5.969253183476093
-3.5914751344291584
-7.926534088216488
5.664078860661666
-9.218275152315531
-8.23439979279071
-3.2040926574211857
-5.263341339145998
-7.219512996073783
-4.689282761373071
-4.743837547351739
2.484354935158871
4.890104300262771
-0.5224628654973205
-8.573692829795961
0.8949803442375368
-8.552593638806876
0.20511872826920316
2.6407093524469056
4.752053371691127
1.2589160242865665
-3.3409902311390085
-0.9160739397540347
-10.686034442463448
-0.07596221026972745
2.3736254011211373
0.49731213262656804
-1.1978582008133356
-4.587645678083195
-4.156557717660179
1.6173831672785384
2.6425700389339934
-4.841071739619223
1.9478992296666688
-2.4991185407298446
-0.6404228353116753
-8.065245365677772
-14.727864164694601
0.2375347370168308
5.242051620505154
5.4961350502749315
-3.791137654586645
-12.209749099530452
-3.3755497411746607
2.926987949246812
-0.034772034912088017
-1.6084411431342436
-0.1914173066972368
-3.3584295313136847
-0.25496433154387166
-3.627957168801929
-5.887882352185067
-2.1635669209071606
-4.551658083130015
-2.805587629498211
7.08577268366949
-3.664990886165762
-6.16139204434567
-2.3031249559539235
0.5113161539395372
3.15120514588389
2.846645338510969
3.059351452078841
-5.546623655197424
4.5635036069683785
1.021092535235907
-4.354608340289449
-3.7381724622424897
4.993016759640589
10.931928644500337
-1.7503058943072096
-3.8694328382087857
8.611243355156436
0.640123681636576
-8.674040401835374
7.051399114187971
-5.65719492320279
0.1930393499099127
4.129410500708774
-0.42233545736098854
2.748105386944879
-0.6841903637108662
-4.485775486699526
0.594304248224948
-0.46030822162119406
6.431556951579088
-6.053292684709134
-3.782929311245636
-5.608471166285566
4.2415106430765315
-1.3338744091915584
0.3608437859935899
-3.9755936277230273
-4.843145635202337
-5.154784307806987
4.412092556554523
-3.821370284838931
-0.009535854100337483
6.166688785698114
3.1149228089162215
4.328838868827063
7.642105392664309
-3.961509556914631
-0.01822682069911678
5.651068938165582
-0.7205838925406258
-8.929457261040247
-8.494820651402728
5.045192681015512
-0.7721848024002277
-5.560455189766655
0.7525007681787
-4.685839490471803
1.4140575088048308
-8.236617379417076
-6.835802445768296
-1.058772331195611
-0.06821340175018323
-4.476963270377646
11.506948690181448
-5.296342425535159
2.7221271297990266
-0.3709428968413627
1.5268666275380918
-0.10758295782823565
-8.00706702905161
1.3957771659243816
-1.3255841241810806
6.128070821671958
-3.232719418563242
-2.295170555575104
3.2189676739751314
4.067094996729067
11.46694922526173
-4.69586901264606
-3.94327686587336
-11.181012213171961
1.9738408431470966
-9.135381302270595
1.7800584376847954
4.0723525136424445
0.7624641259409133
-4.5429358344226864
0.007982365731063859
0.9869212502608694
-0.8765341152648042
7.362367155591523
-3.257250726214124
3.9174023108892846
-1.4775682728735526
2.0491116387005825
-13.618769664217714
2.1176500518146653
-5.762020489494833
-1.54107087448252
-1.2028540306084694
3.956266812931444
8.616847102831118
-1.1323130171829594
-1.697128454757308
-5.563152573140463
2.2153338042464386
-2.160924068766748
-3.758419168679077
6.578412222832874
4.706496036532106
0.23759486660488502
-1.8293235709351927
-11.602295785222728
3.9567500104795643
-11.575194068015021
5.541213062335323
-3.7648205067728338
-1.3259843246588376
6.055513343536373
0.03842487829891231
2.3826749892262917
-0.687416526314263
-3.8666562333183103
4.229676558994305
-2.2591270621237345
4.800623072290227
-1.6552326971887856
11.381751105459074
-0.6397066825399399
2.0526707177507664
-1.1965968573505634
0.19220210300167495
-5.008189355301516
-4.392540330034676
-5.872431578157268
2.9341554038757334
-2.712755593071299
1.3959809983636462
4.775600554017577
2.6337447795926905
-5.641044942348396
-6.628994396140577
-1.9999450486955395
-5.543157161662778
15.018285290166952
-2.963265560918483
-8.41634611794562
-4.80314618640546
2.3592402021964083
0.5340231880158561
-2.3284394826187333
0.598914565111013
-1.1567108861639026
0.45786160666469333
-0.22258577699178878
-4.595631216883845
-2.4431370951151
-4.955408207325938
-2.3076402972476373
-7.649581168212505
-0.2689444769680452
-5.871152270727449
-1.8131686419492252
0.3498101265083959
4.164600973999211
2.771079478828948
3.2276468453586875
-4.357870227459507
-2.4178529006684313
2.048134893983798
-3.7915060733219965
-4.123784663394198
6.1449791643018035
7.290873980970157
-2.566084287708528
-1.1677786096542826
9.221041658644465
2.8151284437068385
-8.323066546788441
7.908365755335946
-5.3071799646375535
-0.003429204222909638
5.450820429318416
-1.0436381643205317
6.416018127510522
-0.1820315922740155
-2.3863694702854485
3.3477680099269147
-3.816544395995814
-1.2673863247123507
-3.562499518578368
-4.716552025478201
-4.077565835441521
-0.21389230602058254
-1.0766932411665784
-0.34599571101292736
