10.407066698096683
5.580607186021494
-9.481806566535141
0.3879224665052399
-3.163193960688704
-0.41585755300794114
-1.2655657164869072
0.38355575029449884
-7.60015205035525
0.16845685282608058
5.357081025168202
-0.43901990408286856
-0.4487640421344921
1.41611981562147
-1.8313445743069547
-6.697145113500045
6.484050673749927
-3.362214016530746
-0.4393788156237276
-6.26992819329598
0.8541275068120169
-6.875181948975395
-4.031922105455336
-1.013045305036254
-0.37004862696689933
-2.407905451849923
-1.7903620155017963
-3.0486111969260974
0.4824986181439397
2.5911279890529357
-4.091569030129565
-2.1605557740422023
-9.442764212508427
6.288161733924753
-4.964258672296749
5.287739470929198
-0.7861186384348845
-1.2550502779754775
0.5015133652786075
-1.3295752640643153
3.4280973938443786
-6.666136612787225
-2.809081825863365
0.9157322679782496
0.872247522005521
-1.364399872564196
-0.34616025063770717
-6.860655996025073
-8.616014465257498
3.964005326585684
6.217148440099339
4.754546701159321
-0.8596365793906581
-7.4261426074305765
5.207417950489131
-0.11492009280867796
-0.6094307506064599
0.7289102542223225
-1.1476692992345618
-2.1389722819061743
0.2137879929641604
-5.109709541025579
5.8660031797923775
0.823955408775538
-7.804023622673501
1.4791925185165042
-6.297626664784517
-2.717790697029258
-1.322628640165977
-0.6624827907066009
-0.5796551961858357
-1.0566696719386133
-0.06664520093128196
-3.1380855576575066
3.596585709497567
-0.6498984995710747
-1.1045075143123333
0.9103009063746742
-2.748252055560963
10.094136860427664
-5.5997742379271225
2.941217231792437
-0.9712984714098699
-3.499589654406374
0.3478313830425658
-6.526005215250998
2.469268692097831
-2.830516305906406
-0.9807151636541209
-3.271016336790948
2.597668437358961
4.234813811719198
-0.49592406409720113
-5.564317363149055
-3.6703445684561204
-1.30311594703844
-5.399821753784202
-5.683132835708762
-6.078119809264196
-4.021216922934235
-1.7381428047391474
0.3241685003597096
0.34479979191193816
0.19468227516287706
-2.601296804009491
-0.47395782948792087
-0.7291757596229145
0.11503392008714955
0.8957844668157129
0.07667805094627136
0.09853577978787928
-6.233291177878406
-4.992249299198122
3.9446844430881525
-4.115364526270018
-4.864005328199518
1.5936173444030826
-5.35127057852524
-2.525950782284398
-0.8613629962815644
-0.6981273627443167
-0.2523258123608323
0.541336991615612
4.452851887424132
0.5033248023734539
-2.4199315883935544
-4.097880289420864
-1.6529923778622164
-1.723083837067133
-7.526363465861422
11.755663149563754
-0.6091407765183876
0.5256938938504766
-0.5150191230716828
-0.40761824593026497
-0.5304213732653236
-0.7631589497740312
3.382838392619706
-4.007099189670546
-1.347568555375409
-1.010781438147674
0.358051865875035
-2.469839458275552
3.8768131146051976
6.768339491745224
3.3928834868682953
0.7625827660606473
8.076041774008043
0.6196095214369066
9.926504221256394
-3.953110934451316
-2.660969823221182
-1.380435867648897
-2.4537301159250045
1.3718621678088079
2.078449006487693
-1.2437833613110973
2.5138385547731312
-1.9546769862521933
-0.9992364698656464
-5.097734646668257
3.1995159388535623
-6.606189457172968
-1.0473480706809875
0.40572501137434186
-0.7646423891518607
1.7963105659182845
1.0280974397786387
4.883742296522348
0.8400708263004595
-5.159251766811412
-0.6023701669721061
-0.6590135580296874
-1.1997842039873214
-1.2825841704828935
-5.587187557115338
7.842334635601247
4.6286587804197055
-4.497253913197632
-3.685329375498781
1.0726280727524606
-0.8115368462493814
-4.301362016759071
0.34140347208019894
-1.111278696977001
0.4902052696891293
-0.1091704648326767
-2.1182212811656016
-1.351979803857962
3.251179407857993
3.4019529018383103
-0.2522818091286452
9.031897419878185
-3.105692365508808
-7.520285285194266
5.618604688963193
-0.3209459824298358
-0.7638449348272932
0.2938160177088309
0.31416809134640955
6.014966583928754
-1.4238300718531245
-3.187295471386753
-0.7250111418096367
-1.1763283404496767
-0.362823619977348
1.5643983472571164
8.133265397546008
5.331575880056609
-4.791195845268149
1.3304520699737026
-4.766571744867843
0.5816879737799958
-4.746002759886008
3.1575059660999445
-0.41044046570781245
0.5591471825711568
-0.7001224296687691
0.23927672407768352
-2.3570623621119537
0.5881468016869464
2.608180354756734
2.9060330386667905
-0.3091327037918116
6.4023022632330235
5.015005905207296
8.748236577006248
-1.9744894240644417
-0.25730313085971107
-0.8554436594874584
-0.03420845031834512
1.9420883149252566
-5.893847003600261
2.9238045731240945
4.4901996424439
2.348845832537348
-2.9110640717733305
-0.1791947243102519
-3.4046465831319623
-6.682456949885797
-6.660507734565491
-4.896252409524097
-1.3119216545887902
5.459113971002041
-0.7242310409620569
7.220194188402231
6.251402719369924
-2.3496605440919676
-2.1027600000259965
-1.635302407305876
0.5309275965396277
-3.555632599469718
-0.6961496159020302
1.669498134030779
-1.2005607715934052
-2.425873847995153
-3.9864527545928863
4.807898220019496
-5.396662872225286
1.8091184240858724
1.7447474901200688
-0.12185794281496637
-0.0964271473958935
-0.3262377471262954
2.3751383089657323
-1.3068452426566242
-1.4437574940332827
1.351411513007336
1.2374380060482788
-1.216570509009516
-0.09925526306101662
-3.3589009323480545
-4.255561705658259
-2.120931091259894
-4.342191910553757
-6.317866488060294
-1.2774687519057497
-3.0479975379546143
-0.22193144302833492
0.35347387392596874
0.39981634217015943
-0.8094479126718115
-1.461296124380617
-2.8699123141710094
0.7571822786879834
-1.0093706187590217
-2.1577178791900193
-0.47753077970403207
-6.776479811582676
6.3854596055507455
8.227833850423028
-2.3475052320408345
0.5899424787050369
0.5036869133044694
0.6707128417097491
-1.6135775843809834
2.222433245037035
4.762495110385466
-2.653295495716258
-1.7773936496878697
0.9428919797569972
-2.352883385131042
-1.952596416641236
-5.130146889779474
3.741174509044295
-6.040789708568212
-1.4343430295836084
1.188460418496264
0.919085457258528
7.044127809785718
-3.99512926566557
-0.9008948734315861
-3.236601989983927
-1.00407297936638
0.08462484725613391
-1.9300981357915745
0.8284164737268079
3.036429403034043
-0.0893644357725648
-0.2574595398817233
-1.7090023901669595
-1.059423289775176
-1.4212432278682772
-0.3926655886140883
-1.7523541769590016
-0.822008722659523
0.4856601327133391
-2.0169082531425246
0.3778661626494008
-0.5895180139157529
