-3.9745669183840224
-1.3623046814707995
-0.44555916006221935
-5.522300172088647
3.2710110025149888
0.17965561735618954
-0.7490363244631941
-7.420848986834776
-0.03844050916250856
-0.12082313084285404
-2.099355758284442
-0.8630623578156534
4.323632283796632
1.0424028096201678
0.4104204289736311
2.015658082305094
-3.0865018305899246
2.060702490387817
-2.836308836536786
-2.585865520420088
-0.7513552399688828
-6.603753488866494
0.8346280930477997
1.4525297842043137
1.0936310592570269
-6.008759823283974
-1.8460427662926508
-5.383989949654911
0.04248508876325724
0.9654080293854338
-1.0901854507663948
6.526450810072202
-1.128437513631583
3.389120330694149
-3.3606757397160196
-2.2892918787055065
-7.944127847035565
5.850758576672516
0.6107263248363847
0.5012499111726748
-6.63572844889755
-0.9470886482978592
9.29426018965306
1.2619038920703025
5.321986095901748
2.5239194740060378
-1.0492682574207914
-2.844596397482862
-8.13417839572918
-0.36766461910481213
-1.1263182021726923
1.3489929407144015
5.983390810685993
-10.687584821576829
-1.3391498740594825
1.7697158064568925
0.15740480101368692
-3.310401543597631
4.868892615773714
-0.28624811612487167
-1.7739826541471693
-0.14334156446838925
-8.802551728648904
-4.0430016644842155
0.9475003427441715
6.769102340506277
2.8047455362748472
0.7308138491320584
2.507285470629654
7.6083462772446495
4.192109971513561
-2.3541902508390233
-6.146676618106682
0.8546915609535212
-7.029225452774537
2.2756949791877306
7.43297642729129
-2.6336315828369963
3.3348550672217745
-1.6378234874395914
-7.094284763444735
-5.059334205823437
-4.2110679433419635
-2.7690412916210168
4.328643442057877
0.2876431612506728
1.3642305208062249
-3.7710944430732773
0.9643166193412722
-1.9798862886242914
1.2620392195146675
5.191356837473728
-1.6012607482093537
0.7941976550879557
-2.773699028855548
7.2327911507598746
0.8156545495838908
-1.4273099353028509
-1.511863301028005
5.298020490888426
-0.21492651359301673
-5.334733029821119
-7.10541769790916
0.04699162592547393
-2.2751728811695022
1.5652090241513292
-2.8355557391119026
0.3626180767197579
-2.767251177067433
2.8511802845993537
1.4691665706374235
-2.9996746799900906
-1.8948307951774663
3.496116364302375
-4.214982014180365
1.137598958890827
4.297421134937633
-6.166428310059538
-0.35025222209301266
2.5205096182535236
-0.001890728794360412
0.8059641253968175
0.2484315695973393
0.8841311523948984
-3.3603883806766657
0.7181939932449598
0.3253519756487529
1.0777528768640134
0.3083253197255439
-1.2777807411322761
3.412894399994076
-0.7661480872671232
5.0901312395781355
3.3603587517781546
3.100149796337584
4.08377880378655
-7.504766105472587
-0.5323089526178889
3.8149738353916134
-1.1205045743206306
-4.231083682333899
2.8907201771898454
-5.249066750378982
-4.040495515899991
-4.09190300778532
-0.24240236034065824
5.120427379282555
6.11176338231402
-2.996068306996881
3.443792486968829
-0.32739904392452873
0.3642755805690449
0.36186310960470464
3.194357344404757
-2.3522125526557454
-5.643163570924846
0.31350335066807694
0.6830698449427649
-0.6421649858526298
0.7034620666526485
-0.6810583732876256
-4.999631588817908
-0.8928175751790864
-5.141830817101846
-7.746420595014057
-1.4881977916138107
3.0000606110716346
2.975512282500243
-0.22983934189556904
0.8365255672065454
-1.0250557735912083
-4.7854397019972295
2.012563938751113
-2.8539506687514047
1.0703337700453879
2.9922745661028793
3.816288163611075
-2.557120815849294
1.2623008013335293
3.3493329555300253
2.1081197014428414
-3.891763051568498
2.9243139350052294
-0.2225194878566978
0.12444756380837513
-4.410952970441593
-2.1743549274363336
-3.9889716856994677
-2.3660842902981494
-0.5394459894801491
-0.07314067948370521
-2.060698691296454
-4.331005062738508
-3.5694814413379348
1.5669531919452007
-8.16336535367923
-1.3277580692374487
6.886779160130133
-4.6921341873151015
-4.897739664501023
-3.9103767548151875
0.326105334053831
3.3946641039099132
0.11370698719245304
7.398926144057749
-4.267560642623797
6.279900051714493
3.585972241538602
-3.8567645689760646
-0.6694191693771125
-3.607635203292609
3.6071326729956446
-2.2052243027345955
-1.2422577194387578
1.4930249031568268
-2.854322759389856
0.45001703835909024
4.50315861720145
4.040374202598245
-7.510787838969773
2.0248206764398757
0.7874538559215364
-6.301936835657539
1.6380365326644208
-3.4462698921982313
3.0245199921567827
-7.0406915892603985
2.8620312807435777
-1.2817436756961613
1.3670342079092028
0.3162735692115986
2.3462532609010145
-6.21580341850667
-0.04570544427795454
6.600439529237476
-0.7484058682606706
-7.489299876453705
-0.6398041250101386
-5.079666409024749
3.0768594019864106
-5.8132189528041645
-1.4269388654140187
1.2495863913821303
-9.938554446619033
1.258352402822933
-5.624800726882827
-1.3418094133873477
3.764412667513594
-1.025274242092294
-7.786618103937138
-7.913778752653097
-3.780099516641363
-1.6609124030166558
0.9357945031280883
0.8538057690770003
8.181294824861808
-7.279980764525447
1.7331297900781557
-4.303596536339875E-4
-2.8940610894716494
-5.124105398675984
-1.0553962943619881
-1.4203852213507917
-0.4458771921159105
1.118420038733091
1.155033952368872
-2.571561314226797
-0.8211367648266503
1.2460953432996764
2.7250908820868567
-1.161630417182797
-4.17016208554835
-0.7275433451614727
2.022585878944695
-3.0059207621447848
-0.5908162886317869
-5.5222728082384815
-3.1466812768543657
-0.48289528698449
-9.105895675893233
0.434495335479106
-0.08611094516773139
-1.1836642715208756
-4.707035086424715
2.04392557307241
0.7263224475514395
-2.8954796218088625
1.419584378882168
0.8151964945618402
-1.791845163074782
-0.5087747879275112
-4.387340012201468
1.2757421949516732
-0.25469937984225366
0.5065717060067557
-2.6484700914505384
3.3598929511966045
-0.07619458248764396
1.3403408322278936
2.6178160485666866
-2.1980346345136645
0.753788532453033
0.6407312456238021
-0.5247568345375763
0.12088518594981526
1.002144523060931
-1.889510455812425
-7.327970336440002
-6.101858160893525
3.587679200117291
0.3556773951585127
-1.783969565110136
1.2085493263350753
1.459616774417651
0.04600595291237228
4.881577943318397
1.322176509070053
0.8671631017379677
0.1759140492056662
-2.916926523943137
-8.424337205162454
-7.743927825284837
-20.411173931678707
-2.0169670925153746
-6.398989231198058
-5.612271872622009
-20.88027783394449
-7.716501255980241
-2.011431480505745
-3.157218604724523
