-5.72091878761867
1.3927966058967747
-5.0498129452605145
-1.2734987543724536
-0.10500037368728755
-0.9823638260804688
2.228586751594303
-0.046363394441328316
-1.6869845762121898
-5.505801002552996
0.5287466230204722
-7.411795289998861
-0.24138994806472489
13.783691693784574
-0.2634668896030176
-3.596668912018543
-1.6604897955651654
-0.1655937091055863
-5.892359625663148
-1.4426402220454693
-0.6725988797603362
-8.561345681147907
-6.993371687056414
8.46713518199862
-5.611642478001772
-9.442457513491163
3.7246071067020026
0.4268895516224146
0.8824951545764493
-0.9643804308562841
-5.289810245899709
6.77381651041711
4.650186987586148
0.7307626306124624
4.3568108202994775
-0.05627658687206434
-0.766614584831862
0.9382369761390635
-6.130162442050159
-1.2127562266685306
-0.07922832547045719
-4.103545696795555
1.2043118523411058
2.424976151789966
-0.7573574732379841
-8.406372938625248
10.676687800401043
-5.191427763533715
0.1603847207276445
0.4124855391874855
9.458964069038302
-1.1623308179482539
-0.6524725533146792
6.076755958960974
11.248731210084676
-9.142477360158068
-5.4801911542869455
7.104267210247783
-5.97326906662091
-0.9023759644110618
-1.4841838556254388
-5.878888325234924
2.786573871685782
-5.512848090696316
-3.2230511044164727
-0.9691745553657161
-1.5460556211725478
1.5495178276974946
0.4555530333751177
-0.47044621922816643
-5.343615658844294
0.062923894753361
0.25251527910534893
-10.920344039714694
-2.796070285955636
-7.151169755389722
0.28096645698385386
10.12050756855101
-2.589872797304222
-7.165364949879715
-2.8402790270750415
-0.3019223457679036
-0.9034710569185543
-0.6282879188090378
-3.9953449130696383
-0.22130542050670782
8.9136287708381
-8.236607462763924
3.9946743265857143
-5.824419157664152
2.2594478867999253
-1.0022995919750943
-0.4238647316366132
-4.175990185792885
1.9302278107557105
4.615799831252859
-4.985061557931875
-2.8470132288103565
2.2665288220592736
0.44561059104329
-3.2102719251114964
2.4247563825842007
6.662070656045069
1.9035410611249977
1.5210211040402433
-9.653221906524522
-2.819150146691083
-0.1829470501034841
-0.07385274551424388
-4.525192492705721
-10.545977307307064
-5.8294605737229706
-0.32606968879851106
-0.2814402584394269
-6.491132582976009
-1.9640832868448521
-1.9662825883961619
13.038541286590458
7.647931141426104
8.677297872321423
-1.8310796213577774
2.549821029934733
3.2704614221253534
-1.3529245135964008
-1.3373648086209347
2.8907248414117124
3.8747801123982635
-3.1352635493599084
3.4272240653185455
-2.5163577309166487
1.8683259027400059
0.8931519443630803
-3.2615740339598958
0.36624773759313195
0.8512241061480683
0.6120813585410371
-0.061261665122264386
9.559508385228204
-3.2698621561060857
-1.6076955916064164
0.44843849245361245
-5.150198256407132
-11.545706286099465
2.6264092805756194
-2.1675782738269915
-2.833158651135145
-4.740472724049439
-1.6256998490124328
-0.42064695493396603
-0.036038134561986776
-9.365994081703159
-10.887641153714457
8.135342545187733
2.8780686326203555
3.1154110688520538
-0.5550955866012783
-3.1230123789018305
0.1763078591139127
1.579224751651301
-2.836691982057613
0.35010706629094834
0.1563006100917921
0.8328560733830258
1.637358776265202
0.05470613211360354
0.6483134017579633
1.5297182237179523
0.106975753723165
0.637270362166512
4.775576070993879
1.8055500961881488
4.749203094397431
0.9638123504913362
-15.25168054398056
3.2104219947284705
-3.739955160681512
-0.23201555137258278
-1.3817622358876411
-3.840704020019331
-2.735750000926402
-0.40371929885830543
-6.935228600501508
-3.209386361595866
17.826004536903675
-3.3096442546376132
6.1703190599437185
-4.3004559428482585
-0.5716423226219214
-2.490989104949984
0.3477745540435785
0.3161696335255235
-6.260128485716334
3.776223955365966
-0.26715548750434664
-4.365935575286288
0.9571846460909617
-3.413203293882558
-0.5328493277767976
-6.594483213019679
0.9613492811167658
0.502162718999711
14.658199977443404
-1.308897858419903
-3.1611106842436762
-2.718583416742019
7.202222042210757
-1.5672026099163323
5.3697616224321285
-3.87617069965657
-5.009005931353908
-4.564398419323857
-0.7622993186738466
4.933978224987601
2.0815178209977305
7.9377932893273915
-4.23960236606471
-3.8124521911405815
-4.60462647983497
-7.738744661741421
-0.7667571926829934
-5.021906215363341
-8.201320083389689
1.3613308655494911
1.0246666416975028
-5.017740038727088
-3.0713677056130435
2.394881234999365
-0.8847221624492021
1.413416297820916
0.25783739993835
4.232356401240556
-0.0010241904660423873
-0.9284445480522444
-2.869759578942869
-2.529019263186957
-3.109342415797733
-1.3656574330613516
-10.624677650585138
11.281062732778683
5.828149574346147
-1.0315881374644416
-1.1780308335718463
8.006592347929029
-1.0250207084703367
-0.6043275355452606
-5.125248736053881
-8.263277285610675
-9.179868450871949
-5.630959538775349
2.9195453739284267
5.809034065070017
0.8802017464990516
1.3572259041290888
5.661460496681545
-4.405254378757387
-3.880124051642706
5.39233922029799
5.120613664249059
0.9376090734301525
0.7371519513944907
0.26343564637218714
-0.6641128425413403
0.7180593289255479
-1.411848901166763
0.2706897560588536
-3.464680181427236
6.069829692549465
5.87229138880698
0.8984549736304259
-12.402699843461518
-7.101866728916523
-6.544453104674466
-0.2731602922665541
-1.3106383342476968
-4.542977941350274
0.9992681309379894
-0.6230827040760145
-7.765406937401966
11.036026648999371
-7.304604465581254
-5.445689279929781
4.4307866763374255
2.174360619477622
-0.6184151003754588
-0.23003571834474273
0.39525402112699504
2.213888337943405
-3.9370386051864497
3.4922605587391837
-3.4435372283412757
1.3681075338722668
0.3019029410910397
1.0905490040866594
1.0867975139927548
3.8959680802578727
0.6070416908412039
0.11469252621835313
-7.823338535157208
-3.8612808968521497
0.1542696425066049
-0.3538757573163032
-2.95030684562455
-8.438778461768429
5.551795107191726
-0.07715336075966776
-0.03872885614216898
-5.088713000306956
-1.2318716830898548
1.5143358754951557
-0.40597339587545045
-13.834636875014668
-11.284320296968975
-2.1899928702145233
3.3411860884892377
-3.9495816236015755
-0.293908729120297
-1.0673760486442434
3.9650822535287817
0.09092513338944355
-1.2131537353134094
-1.139672417387825
-1.3158091985747586
-0.80181653395768
-2.9690220130219305
-1.7276493972174074
-3.025332133108423
-4.155689682235165
-2.0088411074479042
-1.3894126885297629
-0.07119996682587698
