3.6492457370056512
-4.636568321214317
-0.4573196654918607
-0.20933316937666763
1.1316549481374392
2.3065945258469953
-4.365883968082074
-1.8141853789040314
2.3922030697892605
0.46440534583493626
-0.15757808707546
-1.5734015699880088
3.8818771741058256
-0.9029130563857436
-1.0237882577507946
-1.3537299974191228
9.340939450944655
2.4588878184276117
-4.316831097553772
0.1864336162584486
-1.3914010307540596
1.9462825783650506
-4.1667804650787925
-4.965831468511399
-3.5022024475618827
-3.277043068097761
4.938283512967201
-0.5824292749256985
-1.897942732442859
3.634861973093416
-4.813713742496
-1.3924804325637217
6.316563886987622
-0.037822711238349294
1.0751195194902965
-6.052639922246523
-0.9843135148627198
0.1816151442247493
-1.3390077317439462
1.646557421737541
0.7128926434648337
-9.085909329484092
-1.387020996046083
-1.2139576548112787
-1.6855178307293321
-2.6767775121024857
-0.7762219032551368
-1.1956432736428997
-6.607729152784464
-0.9621642071955386
0.1422973968458238
-3.0274806608042706
0.37617722558256117
-4.379696989684213
-1.757568649712916
0.6253941438076968
4.966230542223391
5.340596163320901
3.8543206046615546
-1.2348412490570537
-1.9763154154142828
-2.6265287769638355
-3.0141907739936054
-0.2983880021321495
-5.352646721690792
-3.566409983390598
-4.351363626121817
-3.3972959499088526
3.005035298416101
3.6483525028692783
-2.607969818910387
-3.1593958318597144
1.419294289768072
-0.4301739208313235
-3.263341984137273
0.041229531784826356
4.469123023934235
-4.349354321536884
0.4587338527278008
2.622067184656442
-4.119812674612098
-6.7569520779699355
-0.9694340766799024
4.72128421521812
2.749751960662778
1.474614003902482
6.280794067030767
-6.393360594663444
1.1945302302629093
2.5745047405133596
-0.5405096596433291
0.25888267626418277
-1.2273859110638985
-2.039165679205571
-1.2046917258290104
6.8342367578746845
-1.4741328131404106
-0.48504193486698777
-0.16148315602635568
-0.9645068512940642
-1.6386502619507937
-0.31781452014133893
0.03895086156735853
-4.525218293767829
1.7736783061740125
-6.13944818575135
3.3379169241411786
2.6609707680535486
4.241238929763697
-4.270692488449046
0.008519352666435462
2.0053212012372574
-2.8273526220967695
-5.405089645126677
-0.5675122884307803
-6.360771636611263
-2.6358925345416857
-4.52874614096748
0.9515343963084129
5.1124128065892345
-4.548570719767152
-5.992278954803819
6.79725060675902
1.0761623861851963
6.480008834130283
-3.2391867961876923
-1.312340400878493
-4.688569745301007
-2.3426802173774175
-3.671289023051538
-6.84318302104691
-2.493033250817878
-1.0962261851640893
2.408487171714703
0.25022063425300217
4.699422640005888
-6.7180788730172685
-0.3452439145145705
6.832565626468975
-1.6996649089306128
-1.4426411204813199
2.540824844125917
-0.2597451241783193
-5.366327757243122
1.8287481637812828
1.699623138261296
-5.204106852432278
-2.9695341704585525
5.9834528254145205
0.04253405895566136
3.4924948102776114
1.4375859317192954
-1.0666688789909164
1.1081037762339805
-3.2622847186420305
-1.1568511624034623
-2.210908130267483
-5.9636599856932415
-2.117106590524015
2.6750629249484446
-2.85325063959035
-1.8543021700552902
-6.76390825923155
3.212822149281815
3.9173506372231395
-0.9103895841558586
-0.8810940727167472
-4.119935743143012
-4.429689889085515
0.2497910010837992
-3.7390046571390383
0.8567587659635668
-4.779484728465941
-4.208039293354137
-1.6867198031871893
0.03805185231646735
-1.376198629159135
5.025207016343212
3.816052705730602
-1.191787851223338
-2.8761576817958163
1.028833887337111
-0.39475336910719155
3.471268036966044
5.961480880295449
-1.517661123022866
-7.22908646405201
-2.377730780416259
-6.296013743392037
8.68567632943932
-0.7250479545630015
-6.075186212521771
5.5896160365482155
-2.6623234150715867
0.4940521832244189
0.7051162049441285
-3.7462945366530738
-3.484954147396382
-3.8958819742967936
-3.491080448586597
-4.52198162500926
2.2910863598946545
-5.195309326239785
1.0437961530793898
-4.818149921502266
2.8327951496508073
1.4190731502395582
1.11604386934672
-6.772927093117057
3.4976759194347835
-3.010858355464825
0.8683702189108515
4.840726863603903
0.8598659214116467
-6.780477762253229
-0.8983362404272076
-2.065534566733857
-2.7501329974331936
0.8803880649627702
4.523294330474291
-1.0140683708280278
-1.4999519117759117
-2.07016302863147
4.1489266549954396
0.828552511476261
-1.521575973443654
7.750304430316187
2.6421927990488303
-2.8532884981233666
0.12861734860780208
-2.5121612746307243
1.671567012055489
-2.2897725453472275
-1.7343581094456455
-1.3357515773445754
2.1974302934842016
3.3696119285464383
4.20278376230385
-0.4811098306024213
-6.832301017990104
0.23772190708439722
-4.035579127958506
2.0661317029430575
-5.242621697953474
-6.696275686742693
-0.9581827928906631
-1.9259512405274661
-4.745842331575388
-1.543763913737766
5.232872360617253
-0.11035920283909573
-0.3263323246969025
5.323468221372084
0.4071735875175491
0.5902986121704216
3.3868753462319066
-4.0281914126369385
-1.1084563602845947
-2.299512969391383
-5.350280614820965
0.016868222209349904
-2.373841087975589
-2.549179877670678
3.4840575958714655
1.8121805112666882
0.3673377320988109
-3.71784658978369
5.988567734141573
-6.231791870427192
0.025824914735014404
-1.3630559702835472
1.7345041112569415
0.7595478516232199
6.62633536491369
-3.964937978772981
-0.6127355666862686
-9.375340035565978
5.4600121209355725
-1.4400467389988605
1.622542677505052
-5.386733635629175
-3.547372218495329
-0.279709946304455
-0.3182930519825562
-1.0451352776326042
-8.883264446207033
-3.1755974582396744
2.180632916803692
-3.0102792422150375
-4.616745369549866
4.925100989841377
-1.6859579420594948
2.827309872958443
-4.120063280178548
-6.011263227152177
-5.188149437376436
6.273516702008712
-0.14610488486840467
7.092455207907292
0.6880173350326545
-6.85464736533798
-1.523606223107147
1.9397095993960207
5.200986528862387
0.3392970968720582
5.650119443606449
2.6161081784639038
-2.3017505872669104
5.128945861026444
-1.1500384739403833
-3.2098025987073964
-1.9738471539811466
2.586717028690146
-4.238400595463954
-7.093002012944557
-0.24662053632984368
-2.11034089291545
-5.345226759882262
-3.7187488730091
-3.189721278520854
-5.470058825891163
-1.6765973721040959
-3.100223999464315
-1.6803035969480589
-2.3528206750759177
-1.005795642294679
-2.4688214092442866
-0.994449228088241
-0.8766517378138763
-3.615015798243041
