-6.158630746946897
-5.503263815177042
-2.843108273478934
-2.346777694414447
2.089055424601187
-1.5373827919384269
7.837333366722586
3.1386211328586624
9.906228366551497
-6.119774513265144
-2.080875550596094
-3.2652825192871773
3.2525732340374325
-1.7705357456324533
-5.3976174811355335
-0.43609045728361767
2.275241705874809
-1.1872408866915334
0.2507477117302791
1.273939457596041
4.324282233332837
-5.329878037986272
-2.5656239519440542
-1.376990014330311
-8.82092819594969
-1.9932370745803494
0.6987826655886001
-3.7980913361004225
1.0090474590240626
-1.8904350421593867
-1.7651331817034999
-2.625909583260538
3.1861794155558347
0.7630755104057746
8.166509456713788
-4.106954259222052
-1.4792519228466607
0.1466213669735084
-2.020897916272532
-4.588335747043233
-0.5906002846423781
-3.67612675530692
-2.721663242567041
5.526610304914554
5.199631130033465
-0.19132624684068797
2.2452445666669814
3.669111836538583
-3.316672985571064
8.523873764552784
2.079948944026881
-6.918281928810612
2.4733203973276154
1.9243963222956137
-4.51670899673234
0.17274431662782092
-3.74954573366579
8.820387108950392
-4.311388880210658
-2.191792563610449
-8.063233084406948
-5.928000002558055
-3.2271917515238133
-1.4869382947253973
8.202072205657666
2.9572835131621864
-5.31773515165988
-0.07502202535044081
9.480407988604306
-5.27651667449364
4.796460888919309
-6.7418469241855155
-6.933110334068528
-5.451614530436531
1.7232069128069525
4.97718909041584
-6.841688121682921
-2.8201242938931164
2.8834487166326177
-4.768777449747748
-3.258593124549915
-1.996713639600359
2.46789068702072
-7.0245813594612345
2.2872320999309514
-10.069205228517992
-0.5601461312913433
0.31288309554597216
4.2220219155669
-6.862819816639985
3.8977188561873204
-2.472839255222004
5.128884309851194
2.1051539154702508
-2.523086004486286
0.2912066709379167
10.134883265449561
-1.886269397087737
-0.35096583761832123
-1.178825100658995
-5.839864347306704
-9.8644956056335
-5.820135842334247
3.380473104630154
-8.747640484035186
-5.659930651780959
-1.4193020407424175
-5.827783177803777
6.931736371357289
-1.5215185325364997
0.9863781543566708
-7.636574845397305
-3.8962692211407424
-5.675647312687263
-8.717211773314963
-2.0925203594935367
-0.9579290318091265
4.5063029260849286
-7.289340010456566
-0.31057484474258096
-4.894679593593169
-4.385397619898124
3.3443527244333957
-0.17521752054652145
-6.412052722665376
3.586908282012194
5.371907672034053
-10.734360802778264
-3.1279488593552114
7.687780793909501
2.0966421058775127
-8.934029304179166
-5.601764506849081
-9.099363758277299
-1.7260141680633758
4.945848755733582
-0.12988699581784774
6.89690002671723
-11.574511460016536
-3.8192727050365503
-9.382792781691998
-5.772408906115782
-0.42431286013516206
0.6389029403093415
-6.72614746305211
1.0621316070295699
-0.1859856032186053
5.827353870591263
0.298242604384323
1.1037622497834545
-6.616820981115707
0.2453937789822693
-0.9179784782453569
4.275481975473765
-7.84598180395178
-5.545179729128694
0.40920598437571293
5.961657020870739
1.6433979598521127
0.3470911389604819
-1.510086894837747
-0.5447644880215791
5.161782553796176
0.04000786730473238
1.3862547285295164
8.21656852706196
-6.629700508224765
4.64778827441738
-10.628043180608682
-5.415612114226393
9.570594543936352
2.7519840589393256
-0.8266785512920259
-2.7400573768475955
-1.4062989145724296
-8.94991232471427
-4.2417783988120314
0.47348673824112714
-2.8697979732278562
1.1916979902962037
-1.391600334171887
1.5913420176418036
11.930543362675094
0.8427973430219567
0.3187199169365838
7.2084629529376665
-2.5613584223631336
1.1895526950020652
-1.745371478667823
3.750492792002544
-8.695933924627516
1.709835581852863
-4.140121236251945
-5.225066123887182
-1.1535530090543986
-5.802429186431356
0.3294704084952802
4.744698348298008
-7.041675326910893
4.353534154048542
-2.249145573826791
2.026670844683664
4.5163563050343205
1.83817344059384
-3.333431431407783
1.6300830789517486
6.781536475240922
4.893204716949521
-4.049599201119764
-5.22023093304125
2.7756291617792566
-9.55415669600685
-0.42356909594083253
3.8630098871957235
-1.6848365229370423
-0.09630426735317217
-2.040431841484537
-0.7681701061682307
8.808527263836192
-6.189647153937262
5.984127933234064
-6.516993290677475
-0.07797131675936858
-6.089941077033037
3.2104636336176844
-2.839752967839215
1.512042159103551
1.8411200917504686
4.538721327525179
-1.0002153960601894
-1.9759645641508898
3.684971814101234
-2.229045187350882
1.4296337792563387
11.213664796511269
-5.061356739438223
1.594656381982392
-5.939576537233674
-4.564118323385244
6.747367174445164
-7.9912199412892555
2.3603434270601715
-3.987437677991176
-2.7226895073046316
4.218781812180666
2.0766800953757523
-3.9787992101154823
-1.6776743075984304
9.547721459097707
-1.727801774110133
-7.8034916707238455
-4.034426089260702
-10.843190428753424
3.3759729081357244
-1.9623810810604914
-0.3129509101311314
-7.520646060481933
-2.3907077308777946
-6.667985490638033
-0.8612233251410435
-5.476673103438065
-4.024954945356482
-6.519616990848764
-3.802274033982079
-0.07818806112395753
-7.912563291659725
-1.9852383012334616
-1.0047563492574139
-6.788249788220657
8.05915625911958
-8.266082944548723
2.9317436005732143
-1.2261482289606989
-8.948120111709944
9.546764923558694
3.5396447733168044
-7.685068760613414
3.6421385686464767
-7.577803707702163
0.9681431942311332
-2.413344230958947
-9.96548442660786
-6.375051112597737
-3.909001071275918
-1.6949967879545396
6.066218146704597
2.4223093397477684
-1.5448910503620357
-4.528563417049536
-11.144288449479948
-6.7784712958119595
9.80739115827201
-11.08319323852843
-2.9192508725589605
3.777006667192253
-6.93548856858456
-2.7502569915136217
7.023765356835077
-5.079054581684977
-5.06340083719086
1.086765100916737
-2.855805922457452
2.8995800657389488
0.6453211855395129
6.6005609232989215
0.13636267842994554
-4.32449457228498
3.6383831333719616
-5.569250131058284
-1.2333591070690764
0.21015440807180363
1.5319645331204481
-3.4232864983052296
5.6215490307996445
-1.8734177222025743
-3.4625166249371055
1.4687300524766242
-7.1499961222297586
-3.746441209786332
-6.574883321240292
-4.454091778900735
-3.3737807528048145
-2.1734999743028496
-1.8563759554111579
-4.225382734204289
-4.9644478982272755
-3.99412131076248
-3.825950534334691
-2.4889113794095876
-1.6572827251293367
