-8.196051910044831
-1.124665291786012
0.6181917162699387
4.19058604666553
-0.39550219385782426
-3.989057611966162
-1.0276063801772486
2.5175915765568617
-0.7303849965743641
-4.096361749936705
-4.509817878831308
-1.0880185378975251
-7.462586571425815
-5.555795706171504
-0.8301266145127809
-5.967481718970948
-1.5055560508743613
-0.30332070421907054
0.6429655698326056
0.08622042310916966
-0.5606357333843718
2.511139432335206
0.43093176077946765
0.8193262283212516
-6.252569465585965
3.23068203880031
-2.8666447851470482
0.09458269275050694
1.2323662187638662
-7.620117801448295
-0.05080283374361467
8.861031968327893
0.09945969708046279
-0.3625640820654979
-0.734583555064578
-0.7867816780605464
3.6518430149755647
2.2253874664097837
-0.29714496403608404
-0.4250625912773548
-0.5095727930749187
0.2921881972442272
-1.5282718449312778
-0.9496294025810671
-7.18337074136456
2.390417454220899
1.4384408660222134
3.522550520525473
0.6567315428126362
-1.147369574226515
0.3222472988957827
2.211391413384134
2.5762736671115314
-4.147707740064781
-7.01239004892021
2.6775485004273003
1.8002566604036647
-1.27727301868952
-0.2112459359798132
0.8334627341135452
1.6947914473778682
0.18377707454586004
1.5100925562911238
1.1195586766222532
1.7378296201071581
0.7553709265628916
0.10540581167427411
-2.789325176351707
-1.3699925599345537
3.033960014033504
-0.5023361304348888
2.527104666774321
-0.043739851761285586
1.145104223553234
-1.03036488466959
-0.9773125516224274
-4.289244860450876
-1.2410514088193687
0.0031247837312262925
1.5942381365382368
-0.5368499846909623
1.1579646908826169
1.8641622807086529
-0.03291567357962235
3.4072747788272104
2.206792095301056
1.590836926912485
0.2522795292117054
-0.7959551537686155
3.032411372770298
0.09058740437177466
0.5381740253688484
-0.21128928787270596
2.1280835088653807
0.7021948892055736
-0.9944340520864173
-1.009802496961558
-0.013439372145349404
-0.3390091867286313
-0.15585300654296033
-0.7940207239572752
1.9988723949569873
0.17446819556510204
0.3046538406822182
-0.37937027362553194
-0.6249546055462561
1.275133838481442
2.938332212230786
-3.5473437571478197
0.3614169762687743
0.9405507517428925
-4.090292093117807
0.32418849847520503
-0.07157135910011805
1.4071439745219665
-0.7007208515217263
3.502825604393925
-0.5072567009558422
2.109948603375705
0.23310470481305734
-1.3072550246060801
-2.410886131121838
-0.9698274383975758
-0.9366282433856037
0.8100031408992185
0.06922241661205067
-0.5817305394581349
-2.8530973273018048
0.32666739182415144
-2.1268136139956852
0.08636468517918984
-1.8413697007109402
0.8470035003935886
1.336568021275297
-0.21485905213714152
0.15411008329644843
-1.6619668853538516
0.138388212035753
3.1701520364413485
-1.9335333253521767
-4.954571938525781
0.42811883614689134
-1.5254526435845646
-3.858259898712929
1.1001407218408812
0.28563988260824796
1.5356226530334385
0.6813427131394069
-5.118327815630314
3.4414242599403773
-0.4957053499862852
-0.28539856034639455
2.9908549921333885
0.47595787384087734
2.657082959864252
2.2364819860809177
1.7790010271399939
2.549745486164749
0.7988637219947023
-0.2664722207874724
-1.7897049515012624
-3.2738782571298852
0.9216011370104442
-0.16366446181120453
0.5484227921563275
-1.736996553616932
1.910643073439408
-1.9235439208358713
-1.1208326097591736
1.7858099696330811
-0.5011567962374246
-1.6275155379697386
-1.126506926623961
-0.9314068525142736
2.3548041473659596
1.423542414816453
1.7067245636356467
1.289418274331755
0.08973396888881836
-2.2500644926209543
-2.0480740440069702
-2.7847139448740315
-1.2924305251386727
-0.467443469605274
-0.19957929154804577
1.361696470711901
-1.2560044444821634
1.2441490036040919
0.7814539709781648
-0.10914451623227064
-0.6779384067729072
1.1324482767609672
1.800442481980884
-0.13550252698634424
0.4854399402261141
4.007341246346562
-3.6351548118828645
4.590989070889576
0.35220409968414673
2.916442967291133
2.580130636293622
5.0980688302030766
2.5995599860999388
1.2730723780492048
-11.417121182330437
0.0644861177726869
-1.2426471454344952
2.4431382379739937
-1.9172199984722185
0.5720441098353367
0.7693787326096629
2.6108963833531718
-4.878459877296601
-0.17921417220301858
-1.1484132281758708
8.451082072245985
0.6244267488451083
0.5272016701067435
2.6640694782615273
-0.3531176469389247
-1.0003660897894813
-1.317276832283857
-0.4139080539081508
3.652595680507707
2.5173545705909666
0.49646350384824334
0.7649908484039906
3.013688001539849
0.12703884462770276
0.2869038384700838
1.544027036194256
-2.4842451500974967
3.830804417470079
-3.9583192143295243
0.803998697069623
-2.2085044718017066
-0.24903536006976923
-0.16579388751334972
-3.9643388218931865
1.5851244772119841
-1.8307816196221638
1.134230070158246
0.2284283889554787
-1.703275867077973
-0.5385197563541478
-0.2668411578513314
-0.4785735037030657
-3.132664525919611
-1.16430774779006
-4.076587454529206
-0.6527354069007035
0.23826677395957316
0.23284246168696235
-1.899067608354833
0.5729585187266177
-2.4604390440104127
-0.4897478407961688
4.344752299780003
0.42330414565114843
-2.9165648559405914
-0.2825793837581458
3.048586746384225
2.126774169987746
-2.6011751234234306
-3.161117397233692
-0.17614341026484537
-0.8912034236320997
1.1284793561703437
-3.4610895919746145
-1.4380563163618036
-1.751583662935788
-2.885730793473822
-2.060663498390527
-1.039568723522765
-0.733916838819234
-2.739981594005004
0.2274854034691643
-0.6597349825279729
-1.2004026818649984
3.6788601080809613
-0.18390695933171539
0.854987954187851
0.9172695426043045
-1.257923826503037
1.0259927032060623
-3.2292176006435263
0.09786035883822808
1.5713181165537193
-1.1793459750127038
2.260279846403088
1.0451832618408523
-0.7823347164929442
-0.6113256996640302
2.4256811166540966
-0.1693726621887176
1.5319760648424565
-1.5341045944501326
-1.5526048708465492
-3.41735545267439
1.776336565486042
-3.2100962857012845
0.6778669583706687
-1.0195140655624333
-1.0335417710266
-0.353445592584941
-0.04547097305325429
0.5021603614956861
3.0171588588602067
-4.605617928916575
0.950146044995915
-0.595095009119016
-2.6435412642597576
1.5915818310771666
-0.8676741918887615
-0.5682694309957347
-0.7508902152629676
1.8046865636665668
-1.102601294691891
1.0614612663051142
0.13845602741015894
-11.011969519731204
-6.370047907255279
-5.412704813402741
-3.1903404421890365
-3.244942750401642
0.9884300410146264
-12.29002337715805
0.8925550302682262
-2.9353085892032027
-0.8926703858095157
