-2.6715808751141727
2.227734712421093
-7.209410883890796
1.535830147679769
-0.8575218308064932
-0.5145740939130059
-0.5033565260371083
8.894554608065254
2.5904011084379728
-7.513729312035958
1.6916766075222676
-1.8245594255508015
-3.3996370963020306
-4.94790184158768
-2.042538148653209
5.609574266321754
-4.625776093541281
-0.9388984992707112
5.747859563021875
-4.529273242626499
-0.652257490781951
-1.9260621046969382
0.4371993684796251
0.3661405416348154
1.7098157485932262
-5.763730770866706
-0.9388252193089445
0.5637453646026627
5.549084103309937
-5.099952818261171
2.101792473192071
-11.619567209162382
-1.5489410930975511
-1.4804228903569443
4.795101343949776
-0.8557432403139492
0.09848899290071725
-0.05714209601705595
-0.9843337609803032
-9.60569449186602
-0.6863981200549227
-4.215496562322661
-0.2710417611460613
-0.23808820981669107
3.095239078067132
5.953519527285378
1.7654071540782896
-2.400316213199472
3.225021487980195
1.334612487601474
-8.94150818507305
5.66167624664537
-2.964680602986105
-0.6727765691418568
-0.8726221838388819
-1.7230719678945405
1.01347800417929
6.677469320421662
-0.28167768277329713
1.4612496403506903
-3.824580462704385
1.3659638471643525
-1.626494316194977
13.408546081233244
-1.1310150433946622
0.3627050706001696
2.6916517739689856
0.24125425194840308
1.1247380391831154
-0.04150092311250707
0.15404389353462247
-6.739240085129695
1.1890237300717656
-8.33883456462004
0.08311812328089355
-1.2303506274271794
4.561153270284107
-3.888195926337441
1.5902029669979538
-1.6207330320397386
-4.123632895817199
-0.38665266865394987
6.941700445173777
2.9882445396909194
0.3699620462367044
-0.5442481890746321
-1.4573641530143973
-0.7307512963001949
0.7916061446500148
-1.6281220328979276
-1.4294114470069186
0.5063571304570419
5.296966270919116
-0.9216406751747376
0.34328493125187104
3.508787753184445
-2.6823988457779673
-2.007509559922271
-5.574899865622301
-1.2376566758139926
-1.3315794898383613
1.3655310515940908
-0.5191241265897586
12.19019008119386
2.0509779519500846
-4.99302599406079
0.36775755453264336
0.9488343403610903
4.517117789356255
6.092082469528389
-3.194743495905556
-0.23940462080408523
0.428151588109886
-0.9449879397696181
2.493620496526582
-5.075239819128727
-3.301740630189991
-2.0897425572515473
-1.636497716401842
-0.7152996886337838
0.029889425625708465
-4.486830491863804
-2.723096647323436
0.7535416162277334
2.470725441202692
-2.23170042955488
-1.806422874832482
10.839216142768397
4.89107834699347
-0.8728333063831554
3.197969944852434
-2.4382972628240496
-0.465392494674427
1.3131521600964655
-1.8106480809203862
-10.612475838806033
0.6863819814809972
7.251134310453714
1.2565703676278834
0.26103956461192246
-1.407924070446376
-5.098541889720418
-1.6237778821726117
-2.8170911308426474
1.4484663303511196
-0.1405713772857406
4.179090027376793
4.750642463781872
-1.7384625685522535
-0.4875073674739519
-2.8147302350044536
1.7478448030287823
0.6135134986914547
-3.8256000705392355
-3.095255113457318
-1.7006566327947317
-1.6522007731090522
2.6158088916034203
-3.578056810823646
-8.26081283229838
-0.38673619347874416
-3.354134710392001
-1.3918319808486272
-1.0265852600493341
-1.183339294839151
1.7042654394788976
-1.4880639114488907
3.3452762172207136
-0.5635645441475527
5.449829905492216
-0.5371810505513115
0.36107451657550177
-1.4048345891135263
-0.5782324472745415
-0.3063561034166539
-0.3853269396261534
-0.7812258588782647
0.5877292987289253
5.788364895836167
-0.12649641329928227
-0.23974663968574092
-1.704450696709029
-2.455293738677716
-0.7151016104531867
0.9962036308852
-2.978731577325748
-3.0002317740615245
0.4536027565906049
-1.5279589366006237
-0.6143664719064931
-0.12409760908318933
-2.362114319007071
-2.087485742425093
1.2017324921068002
4.515409353745972
1.8089069124197332
0.4773402113759774
-0.8901556253170745
3.1600549327163123
-10.397859082082704
-0.4023518506600956
-12.680351290294368
-2.473147037243277
-1.1787100709439962
4.357539031093562
-8.505349952557758
3.006555164326375
5.113307883696218
-3.327405189700245
-1.3561627357590884
-4.283372451432271
2.8819013634480877
1.8772225645664324
1.2284618948039197
0.6887576157064912
0.8977910292736717
-0.3745951806694763
5.190749234328254
2.6986985544165685
1.4968313182805453
-1.193268248556548
-4.4640663812423815
2.5406069274985104
-10.04970090924062
-4.795199401560694
-3.657280750531646
3.5172141900833145
-1.3132219825273668
1.813942688158621
-1.099413436954747
-0.7947449777500898
9.49764336363316
-0.13569127792122754
9.144207223535146
-1.916495555157814
-0.09856392507883922
-5.507072832645236
6.015003606478941
-0.816955104360991
-3.8357701805580184
2.5536792858227213
-0.12769270827114024
-8.771532917436254
-5.223607014869858
-1.9263881598637878
-1.3810505545965486
-0.21063511929388226
1.6916893469638234
-0.06430062420280552
4.536393663532043
-1.2525412533452644
-1.2785958355117175
-2.4433409439191784
2.36259181877311
-0.6289764957967069
-4.017911920054093
-1.5454315062582509
-2.773597404907696
1.937747226163967
-2.865326401162403
0.0443579101267675
0.6122299573938631
-1.3524722343853717
-5.407446857302685
0.2869819436370704
7.75656471157593
-0.6249074697335163
-0.5339533977211188
-1.5266483404629987
2.868005933610511
-2.4561649325116384
-2.593863136871883
-1.0068838944137892
0.5387244635235182
2.6916628203846895
0.9256180167106559
-1.7807728973006285
-2.0094029002533107
-0.9361520698627083
0.21047993467453294
0.012384088360131083
-1.6148330630629846
-1.5749371620058967
0.6614049893283199
-1.5167059703050885
0.3118214883032669
0.546389268408996
8.39549690094526
1.7242418581376384
-2.211224405214847
3.2733639420905782
-0.6094741635014216
0.5748925468108471
0.045063867235708856
-0.8590399651974089
-4.530655662686929
0.6719506648204954
9.196302198042131
0.16088776460975132
2.005957131650454
-3.7767696859942186
-2.323453583685044
0.17795941147836208
-2.061394999884502
1.6133600083584696
0.8416653874340468
-4.880067278679706
-1.002544055794229
-2.062946567523185
-3.3397538363309693
-1.4986828467749556
0.6296008532579266
0.7951868591695372
0.05745936462794815
-1.6428390152684325
0.8324946127298776
-2.280101356750746
3.3107584238706034
-1.3031117039088358
-10.003230505347531
-0.18557828292269457
-1.522178953070928
0.8645807392295084
-0.4101918180647632
-1.821895927804457
-1.3118095620551191
0.017599669188555957
-2.5281814324895953
-2.7515238479150446
-3.534615606912337
