2.577683438186036
0.578261512159266
0.058221725741007105
-1.4442304083301014
1.3794245694687897
0.6100388842346094
1.8357066354221643
2.7893653311075743
1.4388738725015482
-0.4263382066328733
1.854952654577627
-0.9809421317200836
-0.022844315769750975
-2.506098428747019
-0.6976155037184432
-0.15693156254207274
-7.592213993566094
5.605755176259061
2.8435136040227285
-3.374260169002446
-0.4019113173396843
0.8405494112303923
-3.7032410107300318
2.764138951441991
-3.4296620067379187
0.8626885949058944
1.9011362804454655
-5.45675748516755
-2.1052364393435137
1.0542446541747656
-3.0612140995823127
-2.054838883489922
2.969092315560415
-2.6071867065305137
-1.2672058202161036
3.836280351698675
-3.079461758403243
0.5432509877444629
0.4469005645574528
-3.8010556090120544
2.0555441976457454
1.8278551663897948
0.043730167791884204
0.5013340096327867
1.8288582719097854
0.5979687532593921
-4.314378744017665
3.4906842871535684
-1.6974184791309934
-1.026403914893818
-4.624205943478709
1.0340972396912718
0.3835417768065845
-0.5200335516062472
2.589133830176267
-0.002343480028506662
0.8298419195671394
-4.212527159914853
1.4196666851992203
-2.3802915255852457
1.784087173388107
-1.838375391429256
0.42872119963243716
0.270613991188897
0.6733082585195245
0.005482415169143723
-0.1371691726498531
-3.1534167470695285
0.9774308643416214
1.8120271073642955
-0.16416792577605352
-3.136007303200083
1.3347620290155253
-1.6781006780075436
-2.1058355292602466
1.0766774076018897
0.03736928877295278
2.4318307642482475
-3.3009961959671887
-0.5132701770268139
-2.7000237188201037
2.3490117025852437
-0.3744530961980183
0.62551996963546
-0.4441668525576643
0.9780861759093639
-1.9067089412357587
-1.1893001317092815
1.0043149559065716
2.8102884244220503
-1.7303714640128551
-2.037786212840539
2.234491655092912
3.235634144287886
1.9249444512614406
-1.0453938898644308
-0.0923596849504971
1.2258341476013104
-1.5008462657355297
1.0325051115605595
-1.063209204347606
0.5469991849007035
-1.4792826087357795
1.633435192700836
-0.9113159481867585
1.8928128775382684
0.854683291263632
1.129013301207962
0.7942609760442215
-1.6922014293853662
2.754833198856714
2.744463016497121
-4.489211487582493
1.3241657306906955
1.221258390902824
2.247396913872054
-0.296044576637979
-0.5003591502934708
-0.7789313472169268
-4.177698171503416
-0.5429658738055666
1.0816643257633405
0.45053294575554115
-2.975256542944765
1.0936602240521018
-0.25128995878009985
0.09417830974939902
0.4374228977440654
-2.264592540285028
-2.413496112716147
1.1095681694874733
0.7138111694265028
-0.9877561023800939
-0.10128946963284831
1.7256437811918852
0.06298345191927829
0.9311324846012482
-2.6458359463151973
-4.706620914938398
-1.0763355302044133
-0.20440583053854375
-6.109705823121397
-0.7913469189166307
0.22346432890282508
1.5707724222638428
-2.906489791072322
0.9701625757139936
-0.48745862785728655
-0.7702681008999395
-3.1932374312345493
-0.5244145795532044
1.0921608291085603
0.15456884920494462
2.978614752209664
-1.2216647758585972
-0.062434312758166695
0.006168608628791533
-6.196700598924385
0.8519741300471317
0.23900618762225298
0.5074105869529166
1.0985970167024903
-1.2390394563923441
-1.122554177026908
2.0458780565238786
1.4295187679860217
0.5772668111955003
0.6878763387361742
0.7099590503394556
1.1274865041671482
1.6901624671236666
1.2092585832350782
0.13550655518542873
1.697333597203256
2.652655052920877
-1.2390225069662486
-1.4255601027108424
-1.5073243888347512
-0.47060580822516673
0.33536365953896197
1.3603623791041477
-1.546071256849142
0.9380044503690611
0.7861089617662917
0.36604762205666924
-0.4045129869114292
-0.7941983135600461
-0.5667667832353045
-1.4048003098829531
1.4329516697948383
-0.5843951691439403
3.618782833467374
-1.075277557906133
-3.2620717597124873
1.9858765073376754
-1.6016678641790123
1.2614967863176183
-0.8375653093410097
0.2048860708834627
-2.3707679839182267
1.307395702470553
0.20143696445982318
1.4126151516399856
-1.9123804164377736
0.7251955040605261
-3.6119828587885037
-3.884069743735886
-4.7925795751574745
-3.8429493829314256
0.8946688862050174
2.1494588517594377
-1.3568930680920814
1.2471099662395664
6.090473842071761
-3.475296819307463
1.8595059047009828
0.28134830985729115
-3.86606078029428
-0.4207234310028339
-4.320582165932819
-0.7971045279056748
-5.2283614145473285
3.6994704664944362
-1.0780434165977113
-3.2909849030023186
-0.013737703185872203
1.391589017468999
-1.0073196498715151
-7.6975478521672125
-1.8117705348627773
0.7157606441488379
0.5998110443461813
0.4713178733133928
-5.066327843095439
-2.168705807171383
-7.533407820731383
-0.7175004356243431
-1.0128771561276282
0.9356154626912163
2.7898042579770004
-3.951711653675154
1.09004987716761
-1.0922315698703493
0.7364512751036845
1.303090113975423
2.0948341409017877
1.3174302074053978
0.42426718920213974
-0.02547920727466734
-2.1609882799950646
2.314272404341282
-1.637022916565772
2.2945760804891364
0.9808197345257983
-5.060473911435995
-0.1285756231089396
-1.6245445989324014
2.627991319247235
-1.7016694532678849
-0.5771343770703633
-1.6388096463963893
-0.8536925438718729
0.3490783020676578
2.5016563541666086
0.8244140260920539
-0.24443784914906827
0.576984955870327
-0.04009025967276445
-0.2230762281213734
0.3580975076583957
-2.7216754775595597
0.3328772663694529
-1.7243648356217849
-0.13221342123143437
0.7193095755775598
-1.6429967318360525
1.1718427384593757
2.632150915902653
-0.4754506519660507
-1.7987753108366145
1.3384693839078952
-1.0643758230545484
-2.4526611386810617
-2.0679916535848326
-2.1399714240900742
0.195376512725118
-0.12089747636664817
0.23295066179173482
-1.1500452663376437
-0.549162941876116
-1.4187866087955445
1.193507808875266
-1.230739810090946
0.34909545323263996
-0.06696124873811124
2.018856370126805
-0.434875049395107
-3.8535786316535607
-3.1484538196528784
0.5936918602246634
1.7529549395980213
-2.4710161614771966
-0.0573820152652879
-2.1910895885018835
-0.45826189484077495
0.3632234182071573
-1.0701360662329362
-1.3094517571025197
0.2913327981494743
0.36675433702783106
-0.7619630914851555
-1.0275116410459393
2.3926243857239067
-0.1558011389355861
4.434533159625449
-2.402424003782746
-2.1891691023079334
0.6418258922265299
-2.3024034836529226
1.4514905915952592
-5.005502310560807
-2.258751405641141
-0.9362900531987801
-3.389184121091815
-0.06223222114238681
-1.7544156088385172
-3.632882089413647
-4.104845721703082
-2.326351397715553
-0.36741952084715557
