-3.004546407313308
3.957364004618311
1.3024626621946973
0.7072256459156508
-1.7964310690684782
-3.057965668581608
-1.006965435886554
-3.0613398650028816
0.7611087734944033
3.7185050800284403
2.112070672274418
-2.1750834488805126
0.8804369539431555
3.516344802270724
0.3300494109620011
2.536927151394739
-0.30786865947270775
-3.8481027352348374
-3.079659577197013
-0.3306869577796735
0.4233972810179996
-1.6150896102733319
1.091318592562315
0.831476832979271
0.37958740132202107
-2.2375310233172825
-0.47293201643298927
-1.1494396524336834
-0.8643022441626352
-1.6405380986947493
0.41208055396918325
-2.586256527710811
0.8589916549912568
-0.4251408357257988
-1.1227759844931635
-1.9175314174369593
-0.3476740750287185
-2.3308537765761383
1.5219156260333568
-0.16901739715250466
2.1057342713770586
0.7031433370080457
-3.814320203247024
1.5387850622591355
0.8370920694414237
-3.289574966476875
0.02585203264396588
1.160484712969063
-0.8636353226424007
-1.8361428788677476
-1.626153689195672
0.576169781884599
0.19516262167785828
1.636681863103985
-0.10462097025283454
-4.178757844937141
-0.2694760588065996
0.9606868218041462
-1.9610985904909937
0.8368299248832294
0.1098976482421493
-2.561562072961835
-1.753845705549789
3.7754164504054253
-0.1941998137125498
-0.3455479466604261
3.738680116293811
0.8153855050311722
1.4257141052703461
-2.6198513977842923
2.871937190852905
3.4816060837043588
1.5598181464340715
-2.1810524808035967
0.2936299894281865
2.656092587881247
0.40283531293642905
4.079461919443626
1.1229199877359382
-1.0719757549255247
-0.2803819177065522
-2.8629046319711255
-2.8364068091024315
0.3659553051373396
0.5786196619868367
-0.024666567033574317
0.7409490011677887
-0.2944501396298097
-0.4249799631015116
-1.3902971405357691
-1.7029877166459084
0.7944945210498924
0.6247981124629228
-0.6661847498723138
1.1203176309275378
2.353635935892752
1.5183088531011009
-0.035852400358360736
2.2671681890393294
3.2218694211950125
0.24331596872700248
-2.9223772180382293
-2.2714369683450273
0.478614833743245
1.680342435907608
0.9413494539652254
1.7274343238905272
-0.8681374832985483
0.4465707863482303
-0.7514184168472585
0.7875502820550419
-0.1897704729297389
-0.8725950842361276
-2.8010494645673036
-3.484346856856476
-0.21059601291593588
-0.5359303570913607
-0.42931103179845936
0.44110775864998364
-0.6686254904498204
0.43559932839647586
2.1395182818416725
0.4599437885841174
0.44476977663547074
0.5925870551265625
1.5868393914355883
1.4141887791134162
0.9248461711913893
-4.073260438517194
-3.7007635672840746
-2.602473323402816
-0.4041237223377372
-0.06352644383059414
-0.6532764502698829
2.3525447996948126
-1.2140867315614976
2.213751386387729
-4.947354746934275
-1.001563962728068
-3.65165716453879
0.564658321882773
-1.2869228753265576
0.026640179201195952
-2.2266927997931703
0.7965226639627117
0.7954047939249218
0.3722447395868968
0.6495018737135831
-0.05557011054386878
0.8620714149448844
0.925864825937552
-0.2782124133635196
-1.143008322742118
-0.6734491665256883
2.1985932440614033
-1.7354904091514294
0.17500575297278828
-1.3028215696359653
1.2255192361875078
-4.818187476564365
2.47800880553815
0.6521480078461164
-0.11049121894011502
-0.15702553546176043
0.6250438658783605
-0.19312757924468588
-0.9619475335879338
-0.4110267725648257
-1.4933465390375453
1.9901517039789114
-0.5471979018687978
-0.21798054213963555
0.42155456628247834
-0.03466680742950351
1.3896793389757276
-1.4556094429121407
0.796162187877015
-2.101959966440284
-1.1082887614871155
0.3039794662399489
0.11915638357435063
1.7757507734625124
0.6727373342109864
0.4617211788860341
0.6694169553069014
-1.3800376437149253
0.8104845548446808
-0.7923843170178024
0.8875421124484192
1.0233967271986089
-1.3948091617263607
-1.394477948191513
0.49583096699610235
-3.1412712127869873
-2.536356107239818
0.05694430915977437
0.6470291259472232
-3.6386890991548584
3.4714186140802914
5.267969181605163
-2.6130512738299334
0.8174312404121812
-0.7767324384802553
-3.755757675592816
0.966052152468656
2.4582462702272254
1.4221662244397137
4.2605108686277715
0.2358108342817956
-2.9351891655000553
-2.6642999071792635
-1.369452059571284
0.7200285307777098
-0.10610416278121922
1.4255609078058584
-1.3427419907550653
0.04942663799558949
-0.6517717268724809
-0.43568797347686494
-4.343970934910947
0.5280452965369312
-5.34649621667624
1.9509089673836473
-1.8467821344329807
-4.490953498325908
1.6852831129691919
-1.0884734819230115
1.2154469480658825
0.32183757245321215
-2.8171645466327915
-1.177471851520673
-0.7481476841684095
-0.9175976014513625
-6.068288378426229
2.2641702960509242
0.9751301513206652
0.2454702616359688
-2.0646800110328947
1.168405420356755
0.06324372779877037
0.9448973568446284
-1.835036228770536
-2.3869880550574427
0.535328650167393
-0.538467992118394
-0.12290633392429019
1.0379488075183634
3.321171763959263
0.9626673690114095
1.726634115367108
-0.050339595579110524
1.9847534888902245
-0.8187403845446012
-0.8041133853476561
0.27183625690131563
2.1980702893533204
-1.9332665128472868
-1.1737772188872575
2.5761219930354686
0.5365548396576935
-0.7834326227608192
-1.5533746667718151
-3.727750058537132
-0.7271971659940771
-1.0313477063120362
0.256591672059316
-1.495897735427504
-2.23439873148436
-0.8758026655905335
0.5220688412014515
0.2245832973731517
-0.6818921995374823
1.3641297918718864
0.7169621957999882
0.3359035693185941
1.18157387073181
0.8615556895439114
0.8351106866878617
-0.39872978725579883
-3.052299521818159
0.37313781808814966
-2.768046660503278
-3.361371793739472
0.5942137694458278
0.6465419409141266
-0.9965083663686332
0.12816186045123343
0.34206268724319006
-5.883135124876963
-3.3848512358532488
-3.400098871787643
1.1169563423702156
-0.4524383310151047
-0.8673234150107677
-1.2061974561087354
-3.516578221928861
-3.5479008811553725
-2.6852263916301777
-0.6474343705011928
0.7613593198719693
1.3487628325570324
0.8483089409815548
-0.38657127335015457
-0.29414765254533926
-0.583383111382135
0.2729208892679287
-0.16953459412802707
0.18913144364832193
-0.04781560163562711
-1.911446170731557
-0.44826935225054226
0.4896555582755008
0.17853492509295377
1.6661730122363578
-1.521872561052438
-1.0974994476708617
0.48274239304583844
1.172905714011993
-0.9361666395177644
-2.1313965105639125
-3.2558187841136137
0.5886220347104757
-2.693417874853818
-0.4521635985242939
-1.0078404085691917
0.03760493263066149
-3.4804700523831635
-0.32192745326853295
-1.1091330685139096
-0.6648542163043654
