0.030342420136918662
-1.630700173211844
1.1361987607280588
2.193901802525723
-3.478812395201174
-0.2579009930177732
1.7828221238705206
1.1377619469768683
1.6030410841535963
-2.367411847815046
1.0588150546640522
1.777398616838165
-2.2939739842323688
-2.357593934145546
-0.9900339417012594
0.9229763278180683
2.7642680150585086
-1.3351134962041988
-0.49874124849335716
-0.861883947050198
1.2231117146141914
-1.9468051952225558
-3.5618399857086502
0.2873731416234447
-2.1563232607528056
-1.6620454657351427
-1.2165875555873855
-0.1657718576665225
1.0626118459671057
-2.2499217235956928
-3.1945415321625554
-1.1495255370174327
1.0012259989149939
-0.5366803493534429
3.740107278184657
-3.105897628594311
-0.7139154898848827
3.4618199551159536
1.0681423880566734
-0.20314096300141427
0.575301186543725
-7.163838837415029
3.115661095056153
-0.2657782684635293
2.3467687471754997
2.6310956640435776
0.6089671438021418
1.017913408662058
1.9739831890569592
-0.13727308619282103
0.7991253753792078
1.9697841270423249
-0.07184230976895561
-3.5457346091405473
-0.051509505808141495
-2.9897448229326695
-0.8555435786389011
-1.9139674274808325
-0.17762456918265948
-1.6712451292246404
-0.4494006883229404
2.84091647798504
2.7842547385431557
1.1094134867132197
-0.11357137632805461
1.1261536308260172
-1.1322284848150077
2.301424261614868
1.578584294211443
0.0020369725111526035
-0.9392412945941365
0.5769599124672187
1.4819306164869013
-2.4976068259972073
0.08155267455675724
-1.0940773650717204
-0.5341831832806528
0.17249195449151208
-1.6084508720484625
-0.8794846910673862
1.5797045559183425
1.949887972846716
-1.8438048230549038
1.3318924215820642
0.061137608947616696
-2.8099282516492132
1.1471923157227935
1.119985664940247
0.0963052692289547
1.783019256102708
-0.501067977052328
-0.47703525091266225
-1.26593239175215
-2.5826241188163226
1.6334094056763473
2.3486983236254075
1.0554565970778922
1.9058907289084064
-1.0365706232442797
0.5134228726071668
1.5123388750968811
0.055082122279768574
0.5613046490313243
0.5455440621582124
-0.14511443558567827
-3.417599939590957
1.9085576420523842
0.6318356113327849
2.505350896493401
-0.7740405158993597
0.6073875562075347
-1.452503515902617
-0.5065572175794295
0.10509481928417665
1.1571090615061905
0.3962295760138669
2.609076044853598
-3.399793955308567
-0.6107212425976271
-0.09550042028579525
0.4890982473226486
0.04733389458438909
0.6359010917609637
1.5858860323644892
1.1867409552905492
-1.9464188966526133
-1.9132772503631894
-0.578985569457011
0.5589950641169508
-3.065158830998797
-1.8185309973574582
-1.1875400857219864
0.03851743948150873
1.5120696105921199
-0.6242763956016201
0.7112721942205817
1.412554594745404
-0.10053440408058655
-1.046430477959667
-1.3478847131952623
-0.9847969867344826
-1.8468508031760418
-0.9159660181612845
1.7272991541024976
-0.03697639664430408
0.1844435145043377
1.0354265463056331
-0.9697174927909862
-2.806992750502748
-0.18263892040590957
3.2124799614210966
0.5072674495119434
-1.043692473616808
-0.9488900334987204
0.35106282843796394
0.34398673678130676
2.4452202538472636
0.9224040255337452
-0.7345476846462632
-1.8363942368249042
1.1796084176622903
1.3036291450360313
0.43606036693613803
-0.7685316605071711
-0.8233703089216337
-0.31245597149480664
0.4340544870382521
1.3710153687530628
0.1915575129078938
-0.4315350461711047
-0.4815504163498843
0.7218592371889772
-1.832429808972513
0.2384495946379434
2.526976653255349
0.3295527001884214
-1.1794958352349822
1.2179886255750694
-0.5189514365445994
0.8767040367684366
-3.3335678195820124
0.43263684281680737
-2.250224529999546
-0.7826327494771036
1.6488284051190132
1.5780014710201489
1.0049860937942863
-1.8076056077493714
-1.0991796396213553
-1.2246990281168986
-2.2671668945445793
0.9176656954360844
-1.3345018474826622
-2.047362043658079
-3.3194741879770295
0.2680349982897833
0.1688039166253127
0.5702100413702185
0.2022543524661833
1.1450106140774527
-0.4482031359210839
-2.7162099514204465
-1.9732556808430666
3.6509371482647675
-3.669104088371596
2.2923416384529443
-1.4813685264144254
-0.4537577465291897
-0.18981492248872459
-0.9345467366334895
-4.232203588171067
2.028970495332555
-0.25445263990740236
-2.273033155046928
0.6575532110720492
2.237462262191704
-7.591177083065172
-1.5067732087162435
-0.7089990710986227
-0.7675928438492674
-0.016690920793796343
1.6591697875522322
0.7809886666092353
0.03162659446849724
0.2447828026117632
-0.5103053982086388
2.7884913399562516
0.7288635376464191
-0.2008096065869379
-1.2386725617388326
1.7840631374316012
-0.07571458087361149
-0.4507064835632601
-2.386447749359456
-0.45914854720018594
-0.21069349230496529
2.243446643141953
-0.4450554055032017
-1.8107402515646474
0.2827554856016104
-0.3145440176011005
1.2563611957650582
1.9957894620159462
-3.7564184470479893
0.2218924104055395
-5.693866013907862
0.34983697573116757
-0.8011380743780201
0.4931699372651434
0.2701181086350977
-1.0583126429453302
1.097850917218494
0.6798434272131799
0.8164599960010226
2.6243948181349084
1.5007594449551152
0.7641270722908
1.1802799138804363
0.8447464531741112
-0.7907442666709165
-0.42537985122255484
-0.2174758148833026
-2.7488610737793073
2.106623951907062
0.12468964936995804
-0.032804568688456916
-1.9393278266769869
-1.4631735301942819
-0.848294038576669
0.7918849070819451
-3.4812163802210607
0.8445115299512657
-1.9083285918847546
1.1804913063445677
-0.9678456075775362
1.0033233532286703
3.291896565223801
-0.5658992821909052
-1.6617268016183786
-1.1826439966497475
-0.6465308705508532
-2.325662692924893
0.26420505654100046
-1.7801174221217706
-1.4238899601530284
-2.332256661555263
-1.4054006697833845
-0.7647173041465627
0.8766596332386328
-3.030558787175515
-2.0571787889601256
-0.3131364771568396
-0.9261104050603871
-1.1757680157321007
-1.8047272766052276
0.9601203497200554
0.4668339416719199
-0.031599138292219615
-0.6583188148156697
-0.891041996512569
1.6231445388555525
-0.9320987538114995
0.18333363693024707
1.6786560070203551
-0.596723076559316
0.022729519890727273
-0.7994026932135099
-3.2477892048397377
1.8970633330940097
-0.7171666119453481
-1.268888040042552
-1.284747970055569
-0.20597591966294507
-0.9786739381663753
0.6166913714856984
0.17087818063454685
0.34127033981816973
0.9083686248097088
-0.16770218984653665
-4.8876269116032125
-1.5072180995361064
-5.571290891322703
-1.5258836628785177
-3.929658268519301
-0.06270230274459038
0.3720227551950067
-2.285174400969095
-2.1286954268015834
0.7993408513810162
-0.982896313665762
