-0.8615529620218084
0.34549886667306
2.088145309862002
-3.3188440341338556
-2.216242762797403
-0.8839717266340474
0.7276637833904144
1.4025793457246114
-0.5077155708955445
-3.3571072818530663
-0.34460157806557645
2.3374646981665377
2.4875578934602958
-1.5599150929294368
-4.123241268996431
0.5101849137653447
2.2686359806824905
3.009479335464524
-0.4074638240116555
4.028852009489061
0.3026608209379405
2.9039973200662317
-1.079669444283153
-6.482728591182035
-0.3031465479328408
-14.844985599776013
5.938395362889897
3.867784156351689
-1.170106453377859
5.867891683190916
0.2975897341910247
-0.18966082892340316
2.1231378698737693
-4.16882839106583
-1.9292852581053002
1.2092488111592028
3.5113855521713235
4.895561805154849
8.171165333509133
0.09188697496935731
0.23532517463784594
-4.342043827262283
0.7690928828151646
2.895893532630592
-2.7173452114412724
0.6735103914186543
-2.2244300463506743
-0.5351227436855428
2.2102545189156557
0.4191366851544249
0.5182167388887434
3.379146747892703
-0.609900822153447
-3.735029245212463
1.3019193006130243
1.9419885064619764
6.161222653293913
-8.742281917087837
-3.137099832762644
-7.945860342008479
-1.272649166788039
-1.8434132462967205
0.5148281726911903
1.0544838858079357
1.55603704692085
2.2691598113829543
-1.536722346838689
0.012410666254468156
0.30375764451445597
2.458624711554386
6.506651565736239
-1.264414838223125
-0.18601864053721862
2.49174265698679
0.4191055570969499
-2.1257209969253634
1.7569113008540858
-4.026815911877651
-7.615182389018486
1.0637019486711017
-0.5520770922951667
-1.8696022249884898
1.163966096200739
1.1253786233246292
1.3111166634696791
1.4717116822681524
-1.1466235099183455
-3.0965938910001505
1.885198903925745
-10.546718133611797
0.9444806208482004
-3.140201998620762
3.367349487540209
-0.2999937809521926
1.443676961841946
-0.28686826696959644
1.1813274793082416
-0.5022339643060059
-0.19317054465280414
0.852014739545986
-1.0920978628814382
-0.7828259896101847
2.120354882758354
-1.0138988972503067
-0.11230192735628036
2.0887732223257935
-1.4681510275068106
-0.08690117478191214
-0.8469566098414293
-3.574465257481838
-0.3148519933722174
0.6430646914871185
0.2905065435973952
0.4343587608020461
0.8506126035324324
-2.9268707233712465
0.32392792668015713
2.6885873680734402
-1.2438719061309254
1.3455127152560997
0.4360069769197242
-4.642455367733642
1.390140986572573
4.320882292928427
-0.24976066314547218
-4.3414380340024135
0.07343216197241932
1.6470247118533272
1.2916971829013764
-1.271582705822156
-0.5820825002358674
-1.0858373013717026
0.32317959818455266
5.41513714557891
-1.9798252485384502
-1.4457995433352855
-0.30285826031501034
-1.1077542874586435
0.1428650633326785
-0.5951979753470586
-0.9671895180928606
-3.279731930818791
3.158660728381321
2.4000116678464156
1.1508094945969911
-6.426267379291161
1.2127977089445026
-2.03552096075888
0.2641119456784562
-2.538174720765668
0.9394715669807542
-1.31646117887852
-3.434544057804284
-1.2848702638909142
-0.8116581090483848
1.1733512601659386
0.4537071622267916
2.2330390906923063
0.20792093938441428
-0.3771156676840875
-0.2853088025077742
-1.0105501444679235
-1.0923467591804545
0.8027072357827958
0.08759907712654864
-1.2668571606377836
-1.7332502196208066
3.0763487208819664
0.11697529472966191
-0.1529405635302003
1.297149574394631
-1.3330953507080283
0.9282335818130446
-0.38904514047230365
-2.2291755730078013
-1.346613121344852
-1.459909265599803
3.3799477138150618
-0.2684712775834739
-0.8711563033583957
0.1564044418135618
0.24695509713050406
0.9871627272097796
-0.6814299921295515
-0.24676804547696488
-2.6926166247119476
0.24406347492552896
0.25368869152834966
0.26547850658896144
1.5152466226497883
1.6148217733509573
0.19625987773819323
1.1881899976305363
3.3965304956102877
0.40466698934084205
-7.536545684199525
0.6797876154443593
3.4368944907663637
2.1713034824758726
4.22824047175327
-0.3109632996419487
-0.04400898499080193
0.7669309693773764
2.331302069644156
-2.8735349198079843
-6.0823374813254425
2.730320628363031
-4.382960091537635
2.1176181870322233
-3.5074215462995157
0.27674938728538856
0.8479701363606131
-2.087686402139836
1.6575256588104241
-0.9565860824572995
-1.5575855528839309
-3.8423225361523303
-9.253594243876066
2.425029638857078
-4.81882830298943
-2.211781320680518
3.119865987896728
-1.0196068536216016
0.9961025296859695
-1.0710867220196447
0.6274272423530606
0.7729008561983062
3.0091647607856378
0.13567086022989386
-4.720038149218524
-0.3710632604681331
-1.5969114543541352
0.07307011370715978
1.19442838144231
-0.3860557872079535
1.6395781942947303
-1.7862830456815657
0.2388264334868765
0.7371573562062573
1.1135811795138935
0.11999803266271047
-4.398891199193167
-0.3102569933483848
-0.3583153974687374
4.527322824894533
0.22590366588583657
0.5549938986684252
-0.7502512528934029
-0.910319016050175
-1.7304518770425932
-2.0322149766463826
0.29246720626270856
-0.9501558837419831
-2.5162366570134065
-0.3532541349046197
-0.9434846129050625
-2.661606798079874
0.2519090712969414
-2.7192135214898574
-2.4134798006186227
-0.1561939592548099
-1.584630115299138
0.14626175693875637
-2.5390822175853005
1.2125588931330076
1.0229605461934148
0.6774964365236326
-0.959010553653627
-1.035728815466534
-3.085031762837721
-1.0154562256249
-2.2606374472830755
-0.5836284772533296
0.7138209589221607
-0.8411017914795417
0.804436280666011
-1.1201491932118326
1.025576395017377
0.2327770459949368
0.9427551579661594
1.049138186700545
-0.12733683546270821
0.8827496323591574
-1.1225569437218406
0.04097866325696387
0.5691420519906298
0.3942262760614917
1.1528255498074593
-0.953376409466554
0.34401782763840394
1.7057536494647931
-2.0619147494443966
0.3216700071669849
-0.343781895492941
-2.3249391880895027
-0.9554951818399435
0.6535051145664825
-0.9006549609687586
-1.1602515857890559
-0.39194287257863114
0.42385910734096915
1.8100929372111974
1.0641509752490785
-0.9603038777849374
0.6619214915160724
-1.4575814988161642
1.0312343913253568
0.5543275606809777
-1.5706154258012976
-0.4415617835135716
-0.028021388162806683
-2.1875279834781547
-1.7952091670797197
1.6186602955276017
-0.014115088450427932
-1.003552679310464
-1.366198025909128
-1.3007587696790468
1.2820594345395016
1.9742633041210427
-13.52453027475816
-6.19549122365223
-10.177925268170391
-4.3577059018667255
-2.259784737616578
0.13449982175474526
-7.212860728670586
-3.312528502527129
-1.4751803162791501
1.5691427702051461
