-1.4828259795674235
0.9834650599426294
-2.5167275504527895
-3.554642581349912
1.5725602240231715
-1.2011719103711311
-0.33316056974124
0.0741275692677134
-1.4623373236825685
-4.097778173068813
2.9496160728820153
-4.036573634064694
1.1431630366729826
1.7306244812825242
0.23262941796533448
0.1179004580828091
0.45697735872543555
-3.672495019526709
-3.5300053275715926
-3.2127683764002963
0.3624273908795203
1.298611960064912
-0.5739369088751087
-3.7401703164086526
-0.38498146347713286
1.7438054373278509
-0.5477716497652645
-2.3666563930100235
1.8322649665858357
-0.6981386613236314
4.345184295506631
0.0017395926068099186
1.1270111606940525
-0.8137215083666597
-2.787162187160966
5.040515538292833
-2.1311612078260134
1.1783236056221429
-0.18887677274539508
0.6574439710131793
3.610569717983395
5.665232695833283
-0.9628136163897014
2.494880746864177
1.4709498196273905
-1.1560244227718302
-0.7430640756165797
0.622294959432344
-0.9395655365520034
-0.9270836453039462
4.041518393098251
-2.5698903324032836
-0.5866772196081438
-0.19578823832212428
1.1790712278133983
-2.3961626951496564
0.09177377309343832
0.938917488766856
-1.6188946900721237
2.07991563282283
0.053469228799756977
0.2495109958011092
-3.163687055720783
0.6759910926381125
-0.7850698121218048
0.288870439345903
-1.7050959457011103
0.2871495557569039
2.8232974606618084
-2.7635661177152717
-1.0322826312218412
-0.6364061739234442
-0.7264104482578706
1.0378329435719882
-1.6994873029559046
-0.013218638098960261
-2.3307940414206523
0.4238670620762441
-0.00815541158737907
0.35838142578462734
-2.8636651991174356
3.110024949736403
0.3986269745144107
-1.5156536222887214
0.325195777429337
1.0335573074985938
2.3850089674477872
-3.142414125179955
1.198850665828789
1.967479175680966
0.3427400085525716
-2.8172072732794455
2.3551619264568027
0.6298773271559615
0.4101654648345555
-0.8958850516492333
-1.4682939812616502
-0.9137884108831514
-2.339836577303392
-0.28849676724326845
-0.08587080609470432
-3.262949582854552
1.302149861448265
0.9143813176432997
-0.5437312315142815
-7.400536296175074
-0.13331099652011447
0.8893423618848594
-0.7019827146237951
2.038821793814316
-0.8500930321738259
0.9536026391126335
-0.23253679751648226
-2.9166933632081893
2.3292542990391394
-3.552558275412771
4.107748237540144
-0.9754217448616029
1.0706709745591356
-2.989621792366724
-0.918051396958766
-1.2289159653501085
-2.823188230301445
3.0882826745151046
1.4094274452154525
-0.21543758841109253
1.5830218805831129
0.6768453580285664
-0.8625348257101286
-6.8969642850317285
-0.003990934155944127
-5.779508636185845
-4.922751857757743
0.8285399040106407
1.79808285472739
-1.1428578584228692
-0.20779011213286488
0.39660167710429933
1.8663382764773842
-2.6577559620439017
-3.5726866113620432
-1.3190940430116567
2.0946288908365838
1.6996974760254644
0.5304052495659412
2.2099350446691166
-7.36464818102229
-0.7926237519573183
-0.22361040247673206
-0.44726274597125415
-0.5509519533620054
-0.34586605866836617
-1.3422905058699262
-3.264156053523614
1.6238064529881224
-0.44260242140796824
-1.0331309359203291
1.0491285974219307
0.45050865311403276
1.3019474506499094
0.04762475390527729
2.515939933953133
-0.5100911401312223
1.475397526717208
1.0828480656575792
3.606653276183773
1.1432969214308233
1.489518496460963
-0.9067888937929093
0.6800892402138626
0.32435712268130423
-0.6298303837011604
0.41297011216474566
1.3347711944418217
0.45506727013872383
0.5690219646119913
0.05951776608702699
-2.604954873498262
0.06114276204495623
-1.7107902507971215
-1.9342121660694747
1.7143162686724005
-1.2846530526728286
-1.5624339734220452
0.5556193838044521
-1.9655069869567776
2.41592063529625
0.43778727783198096
-1.083736875828328
0.013693887390395504
0.7424812170328948
0.58912347556744
1.4784484516657381
-2.648927243899295
-3.0342696025703977
-4.457401039483063
-4.567532601835518
-2.1183368446187614
-0.18065768815337283
1.2819699579303243
5.207568882961665
-0.05812887965381274
1.392548919258962
7.168876473694939
3.0475254699867422
-1.8240035831410897
-0.058849473498869424
0.6155111115174896
-1.2865521594387945
0.6755915530928327
-5.508018555169275
-2.6131116384409454
-4.577479415315019
1.4968537754791105
1.127848265805966
-1.7743654784193503
0.8685366444117447
-0.25873673012058673
-3.0136918705507405
-3.485809530823709
-0.6503230415309726
0.3214379782215669
3.0886885599279643
-0.362249496886427
0.6648799032226882
-2.4161359880661886
-1.1203537261238345
2.2057303748484434
-0.23507431215011362
-2.620089660825639
-0.36088741542134617
0.3976338325062423
-1.7708842338287687
-1.5233881968334353
2.1024806907908493
-1.5040328815530504
4.089502900999255
-4.337738579410975
0.24402393792304358
1.5817432478077909
0.5933536695659488
2.115709961289993
-0.11500630168216308
-1.0695098191431942
4.020388756821957
-2.090474591810858
1.9998825796035975
-1.3620093427413391
-0.5729260117306727
1.4519719679395389
1.3441928061380355
-0.6461569549745971
0.20359443870854063
-0.8354069636158356
-3.65768949254709
0.22311287983937245
-0.2972493545538538
0.9310800608834294
-2.4966045457996784
-4.564582598542382
-1.1489193782289804
-2.4713641050188904
0.183802967858729
0.25815184828297266
-1.8149994913634377
-3.998793094249594
-2.504539965912065
-0.9661245260538798
-2.4973731614426873
-1.9972489359872303
-0.4882102261088388
-1.0735270966455006
-1.1298613943839504
-3.788563667093248
0.5787326883413599
-0.7118394432573864
-0.704400052443697
3.3684180735651204
-1.6068170917685756
-0.1487520836074791
0.9002018511705664
2.9939528114589726
-2.1383857225841933
-1.110467296539444
0.4621139378417365
-0.2693430632605617
-0.8219010959486479
0.14583125754653528
2.551793582068061
-2.1818796576207506
-2.878263545600066
-5.191512586768184
-2.3214435054988654
-2.4992771937495006
0.6888983640405281
-0.43975439181765685
2.8208593055997113
-4.969983830969104
-2.417899871525998
-6.006115226187877
0.6591757587793883
-1.6465327677980701
1.0389620282931844
-0.342575564701188
4.1617963840716286
-0.8206542973032229
-1.2698556579855196
-0.013325913203774851
-1.070758117236948
0.9915715784011758
0.5377275325185944
-1.5054934236009638
0.6603964951223091
-0.21993833437288443
-2.6363778374993454
0.5430002854234889
-1.3227071174923386
-0.26026387002042317
0.08078705679884951
-0.10370388766783241
-2.9327663706457017
-2.6209623709283854
-0.6174659100926192
-1.2886090643251222
-0.5918074543448384
1.3412821106034327
-3.903880621913808
-3.2186185337487343
2.076532740253419
0.5517188304429488
