-4.824563227826322
0.8754424684341606
-8.062463006322494
-5.945539820351174
-8.8911161406494
9.067697102413005
11.029704496106572
-7.659296772964769
6.746027766016325
-0.17463633931213385
4.26222821267923
-22.423345495157424
-2.7295402759177554
-7.634047831890011
-3.853679075508845
-2.391863134033724
3.635206055493805
4.036278875771465
2.278480623077365
3.0862587691662244
-0.187895025687126
6.285118373453535
-5.785024209790045
-2.5523283035229385
-2.2874255325340553
-3.4571103873337137
4.86453804950092
1.6329117791998027
-0.6404101721456313
3.5803555044376667
4.324000094412268
-4.658830014133242
7.40598477953837
-3.1102542649076823
9.11058981194938
-20.193045716318387
13.015704696911206
-9.277587737623751
-11.017086932176932
-0.7975652417036193
6.049994481479256
-0.46686303984576344
-1.223275381059238
-0.4793686562692091
9.618690824148164
-1.7767057318450992
-1.6717882258195897
-6.514448329871604
-4.772590024228988
-4.792781906149615
-2.4577646763668177
-9.844015085472062
-9.420427049982822
-5.537539563995484
-14.028532861389992
-0.35005970299541056
-1.0070338272317265
5.6655201317163675
-8.750802147969814
-1.146932238423456
8.534236812380534
-11.777740506434778
-4.4562500640141955
-5.606346796350716
-1.1876307314366377
20.544559394802615
-3.951800645155393
0.2803745744770905
-3.277823175815927
-18.762207102959874
5.585911661360512
-1.648294544686365
3.0640518943863393
-0.5645816203808142
-10.854322152780956
-5.406896994399004
9.093276877699678
-2.605302965978399
-9.858620036368196
-6.778037020664998
2.4645775680553976
7.722501642237941
7.896423339270383
-7.789689540442818
5.164724909142924
1.5216644609098442
8.5894364121692
-13.935687857473123
-6.136960647064131
1.9380126099933397
-10.908634012100835
-5.304560740911149
9.60043220273047
5.204672566903502
7.084422729102534
-5.344758956222005
-6.016956075775316
-8.008603600756361
-4.254715120655216
-8.595812239412027
-8.34521116154412
-15.03385174707714
7.750509872352787
-6.513538156680139
-1.899254811358612
1.7748556225172394
-15.089808264323185
-1.1496742062273562
-6.580440500269035
-6.14584094050489
13.42539347352702
2.081446312225127
-7.928560180584861
-7.450699045263825
-12.086845218523028
2.4656323591938936
-14.37757094330864
8.082484184172953
6.491711584724544
-10.720905387482915
2.0603056683050345
12.21653702960921
3.871429405328776
-10.84675358353631
2.1677424800511425
3.525653787713451
-9.324744881163967
15.096158008027933
12.043222791733887
-5.199214305956671
-7.434218612667774
11.644561768840152
-4.160007733577688
-5.0041318799239765
-0.45859125105020593
-10.937896228114553
-3.5640041936828863
-1.6083914077469477
0.4368777303075786
-1.237445290898496
8.085356799752919
7.1322936496952964
-17.369148578124577
10.184690890111844
1.1025493751434108
-6.803348689727589
-18.63792283175208
-6.7625480308881025
-0.8065828026977597
-0.611413692203945
-8.75053218929118
8.975724359036622
1.3887229742700449
-13.00864249024361
-4.964595374314126
8.496664793803609
2.9379709577805255
-9.022570355191455
-1.7626741845787297
-1.6773191744723346
2.0065639392402663
-10.386732316023096
0.5549354088661946
-15.823313710867183
2.4429117324587053
-7.734491643373646
-5.387528216948186
0.16315674287528872
-8.701154166357568
-0.493155816505583
17.403199217441095
11.773208637252509
-4.528667247765032
-10.211883015375417
11.534877496774977
1.0053542733518006
7.262093743971595
-4.022795223289857
18.662674369532773
5.666639330998162
-6.853977944586507
-6.301503511403279
-0.14049039973120614
-2.0870237287023867
-7.285301729198783
7.21113548792508
-1.8445748928403307
5.971513561525792
-11.515743511225082
-9.789929210675265
-3.102663676621371
-3.8848641027526054
10.247817990215635
2.4532995566096827
-11.100585030015155
0.31142450734211974
-0.51491432675271
6.84812134050622
3.721148495212172
6.1883327789801506
11.509304357229952
-0.10404952115695122
-5.259096619186834
-3.8273491918412526
-17.086506490983346
12.69610326909159
8.431065146370823
5.384119399303635
-0.03676500825673946
3.2902706366427963
8.870510253641404
-8.480700914073033
-9.338176354074323
-5.168106503347379
-10.439455063370723
-4.704423509644992
3.0558135558947552
-0.3922361831688613
3.7869240018686794
-7.2626189451519565
1.8946173153911956
-3.953070959727822
-2.9837705540157438
0.6553249974442148
-7.654121286645915
-13.675026697789388
0.1381391619442523
-13.804141718759134
-7.91554304198566
4.203090693755484
5.70068897275891
-8.812712602541252
-8.58640063357535
0.6361971109926616
2.4257884991370724
-10.904505933610196
-2.5055916303375714
3.9184373881860273
-0.7318322311417227
-1.168230294125407
-11.645101612538765
8.45022725046722
0.5290545525032325
-10.526568453741822
4.697545114510809
-14.218287573951594
4.050754521272018
16.0805306852358
-14.607878665009848
-6.751457377837063
-2.208687725451614
9.015475684707699
7.1025047244393384
-2.385989798144447
-8.024358938600898
13.032656493686746
3.1700998087581773
-11.646614330929934
4.150214648665713
-7.04377904453413
3.800968598328199
-5.499306591186082
-16.87341569169804
-11.999882987911738
-7.328500690063374
1.5304489699498307
-16.205375658190516
-3.454668618753965
-2.6603230815798207
5.420346065615977
3.2860560242338175
-10.913228268354615
6.618151146159421
3.059377315258666
-6.84107317160731
-1.6387749261544318
16.4740086478554
-23.764358777451914
-10.522236996491138
-8.555486506967675
1.2051643623312704
-7.957263843942934
5.998759221189003
-12.317565661464311
-11.171638949299254
-8.025590060176325
10.27225629215926
-7.345807977536985
-12.198230171948124
1.7901666838730421
-10.033133197790578
12.240454027637032
5.322566727036995
-5.982923053601886
-6.459678110545423
18.734176556037585
1.6567297326243644
-0.208559877966284
-13.095739541904205
6.636068628957877
-10.840746007395277
6.04542515965263
-9.995293966654573
-9.587614270572363
0.6922974701095325
-15.418628899962076
10.226828654424887
2.2709936270148954
-0.1525892878684605
-10.399230641562648
-5.390062113920632
11.212642423647873
13.635654695415205
3.8939597698414814
0.8535416847326626
-4.8535954144702185
0.01764610723706803
12.79476018267606
2.877730803971019
-8.223302939924606
-6.9262533892190286
-18.35048443962023
-8.777822549817083
-6.5642210126772955
-12.876769583663437
-1.6757679096918234
-20.322836629594022
-15.367141012583
-9.841312539828152
-21.098491084945405
