2.728105564134644
5.558194142066357
-0.28918721380622303
0.45686696674703164
1.2511511915616074
0.4534920435817206
-3.50208336391679
4.301761232762855
-1.8698516281994322
1.562089248724715
0.8064694737734136
-0.7295015473880757
4.922314182552343
-4.641918315110406
-1.4414913812809669
-2.444889072129327
0.751143698271365
0.26088382958230266
2.6501495172227014
-3.4453588676735656
-2.108841273115804
3.275343510450245
-7.460409818875542
3.2927131074313865
0.5752329150593491
0.2414939122237009
-1.471041780361819
-1.4570613966864556
1.087124550764249
-0.11781705376986688
-1.6116148805086983
-2.646480479608393
1.605213534209412
-2.8961522659317405
-0.911629154551012
0.8020274917840394
-0.5858760447458297
1.0204377695559432
5.98410716106579
2.4674833998703125
1.9614404666107794
-3.374128917578039
1.283018093384312
-2.1397048750446936
0.25984026190427323
-0.10219875430031677
-0.6773621069296913
-0.12835545078757743
1.0899969239777834
0.230740566128485
-4.427049416843049
3.1789103039096887
-2.714578557416754
2.4649432401225155
-6.022871251680807
-2.740392491366467
1.8190407158006616
1.0485161032708405
0.17819532255355827
-0.033170576686788945
4.508084271345663
-0.402532587651482
2.208046884999046
1.324017140007351
-0.06388894790043124
2.3211587228575805
1.0253381756205537
0.5414327965565181
2.3757255830990047
1.2894073498523864
6.093346651079155
1.0569994438817745
1.4139540374378177
-0.31273182585831033
2.160418722211316
1.2908946565004353
2.6133031509397524
5.5599736267579685
-0.3931749864413126
-1.2732361273147406
0.7788263189257408
0.7358491429551932
-3.1359813007131607
-1.0840816104206608
-2.510160519609966
2.2587221552918537
-7.888788152175394
0.8031092030817758
-0.44714771745332715
0.21680776784732173
1.545017704030176
-0.5196914014917676
-1.4021387592152343
0.3358941454387298
0.6885038732432792
-2.323105168783537
-0.6418799308784969
0.5360300676232693
0.5468899527938785
1.3773884931737563
-1.575315684340348
0.4200387117174885
0.8575147386904302
-0.7811314811150153
0.9721324465222663
-0.720611839934436
-3.1506844681035138
-1.2508746190375182
-0.480933389662158
1.1424536798248253
0.0786971079782931
-1.827958565783529
1.1622591994583875
-0.7249725080207509
3.556315629563681
-2.1658166982169185
0.8711205482500417
0.017211675702682727
-7.075784200121112
4.979171220640621
-0.6326451980711081
-0.13880120962264803
-0.24196308137276662
0.9714047949746488
1.5769336568190027
-0.49892994487362596
4.450514855366484
-0.612151092430573
-3.329609299684057
-1.9808966134994423
0.9933555086080433
1.9432507836797448
-2.137217083259252
0.6045755771224922
-2.646383085101935
-3.9618886118619527
2.433305476057356
1.475599579144708
-0.2270903728783646
0.7295016947887834
-2.478855916475394
3.4854316097138343
-0.1758139585253746
2.6345792298321133
-3.7400817323527096
3.020381664679711
-0.7122657317932415
-0.7975323445833815
0.5776602520947297
0.5247988942420975
-5.625447119817025
-0.3528275325100157
5.660453165493082
1.1058073185844652
-2.3151108356075967
1.772708251105363
-0.19496628791353468
-0.5702173457228134
-4.0068938459767915
3.1660375587373704
4.2911942963123
4.029632993349063
0.3002573515822023
0.6949591279920625
0.7477557657550649
0.946562551627253
1.492697161070567
2.84271689410222
-0.7626465878380982
-0.7817896927833605
0.044621634842703865
0.5414930853555281
-1.8507174517461797
-1.3485855212356046
1.8095584978962864
2.1175604303196067
1.3494300535091854
0.7429115559470245
-0.00980180035916356
0.8837959660421917
-0.5879505273073818
-2.3690949331099675
0.270465237584284
-2.905997076687025
-3.3445234073707555
0.07166620841477266
1.963900194247823
-0.7077422745594601
-1.569588482345997
1.78422714760963
-1.4507705516141207
0.5910293443128387
-4.570846974385077
1.0738896677304186
-0.025307175350243398
6.960901901182354
-2.9286231456011453
-0.7083388804244375
6.604759481759448
-6.8613752518013165
-2.127008819080002
-1.891393034102047
2.0727468765981834
2.2950330767578873
0.4775062755835615
-1.993231213620646
-0.48190557133961986
-3.5658273058261782
-6.368661000783172
5.67919611083964
-2.937609506741699
-5.0191083714479765
1.9771516810562602
-6.969544029887875
-14.571225661848223
3.261122232888838
1.2619793182043066
-0.5411037779552637
-3.6272141357607266
-4.019130812154185
0.516952728719686
-1.3812294301461077
-7.260210112507741
-2.769323850103647
0.23102369752290924
-4.21541029126011
-0.22702193631664924
-1.3223102581673425
0.17031145487377009
2.5482817911996953
-2.7526591400208673
1.0494038408931974
-0.3053906771771226
2.034563976890691
-1.090464682331333
1.1536482454238635
2.0290606602798067
1.1952667669864752
-0.925302195978935
-0.058290652193289494
-3.199759543394222
-3.379338772189147
0.06760792824493027
2.586765349360999
-0.7683660655292971
-5.148626060049215
-1.5332852382883808
-1.2852071690393716
1.4386888468817307
-0.4232692298804095
-2.4957470941038573
0.45838252892465103
-3.3774870736967584
-0.29926406656575316
3.4261479120543976
-1.3940996028964352
-2.1168687200061482
-1.5638411542657686
-0.23102666049727277
-2.863773115292985
-2.3165793933090755
1.5944636195176884
3.4966879458872633
-0.46103946554434405
-7.224055528344185
-0.2821665661344357
0.6524846805643919
0.8227168724390681
-2.5092376213074505
-1.282770599508706
-0.35945608630640263
-3.1294041998660598
-2.1534946238082675
-3.0869601659331467
-3.0742076174923763
-1.5982422499311952
2.1740472082504496
-0.19462768055742735
-3.179746787929219
3.1725998288628463
0.32084975438476937
0.8084346991074585
-0.08474807378484406
-2.1176234698738474
0.4873477338144699
0.8834430293038028
-1.606699692635069
-1.5740219657829908
-3.524686619608523
-8.451968306650963
1.966885804778319
-0.9786260824369312
-1.3702808719332282
0.39342317779487324
-5.22577228065031
1.6058046704732356
0.05536596869787054
-1.0784816593630726
-0.009015133111150153
-3.762943874871526
2.0023701719262275
-2.159052413659966
0.783534325984156
-0.38451403132150863
-3.0977374687961774
1.6766657653432004
0.5595545208939419
0.2355113828090602
0.4358832965525893
1.2024868764342413
0.780105962907919
2.358762310303584
-1.3670640445611253
-0.03608448916160051
4.290384845719695
-0.27350519813850294
-0.5380983942158402
-1.8016526319605626
-4.463876184535155
-3.1046625061644044
-7.494235466975219
-6.164375451959191
-8.95939966487893
-6.3440158373009
-3.8288104626450647
1.1679772048793213
-14.263623339084935
-2.5349378335982284
-0.5955814762479719
-0.5464616702256861
