-3.836137705005391
-0.5797685220985714
9.440214641155153
-14.26664353574572
-14.280283981072174
-6.494320293013125
-3.482011581998297
6.103887838421872
1.210414088764567
-12.549328906888157
-6.887746234296163
-3.4370964885524002
5.916797825080872
3.1696736585403396
-10.206772962320128
3.0162442903349467
-1.5410759546950732
1.4601865024758474
11.352665792248784
-12.448188928137583
-6.3792906516866745
-10.165482418553411
5.119312728205888
-1.563589932792163
10.752098990316547
3.85715656980308
13.68675986975079
-12.44840163680653
-5.7144780921285685
1.2625167507509338
9.532961474996245
-3.531798985687482
-3.486844055552869
-1.3011125046031322
7.55774126256376
2.1924750755662568
-0.33351435223367604
6.756137360582244
-12.499185829912962
-8.928749756417895
-0.02036250149187193
-1.6769043289638461
-3.201877450015143
7.163414328760094
-8.204746993575576
-11.6742462622697
-3.197656773629375
13.370169418775985
-2.203625837103019
-11.248315502806754
-4.26659014797821
-9.49522398856852
11.646277160770321
4.599772629745796
0.46018510855842104
-5.9285762263274115
14.090993336878121
-15.302687305361264
-5.579987469770174
-10.818977106180581
-10.503941464843257
8.312490881516789
-9.581848835052165
7.429912132695629
-13.213134337744425
0.6469888079747251
-5.843878532085345
-1.19950087578082
8.886143623958262
-6.582320217816805
2.1444308988461533
-5.958982612398279
7.092837399776904
-14.42055920557684
-5.26658295217371
-5.4874780441465365
13.128805171394744
-6.212142000368369
-1.995609581241977
-11.104357737113185
-5.315279290810292
-0.013109721043217587
-20.42903887880261
-18.399469180051835
12.798027486598833
-16.88874557695578
1.5551517305835398
10.555811910941479
-10.892323799017474
-8.798099163169686
4.50104488824408
-5.419470276875128
4.1052477019802085
4.5140173708527955
-7.184192630506574
2.9547747512127787
-8.12102764904776
1.0605558585068111
-16.730367664611666
11.67449545162114
0.8622191088861197
-7.120478854712729
-6.345956721768455
-9.77032482314087
3.5819433150152005
-6.627274449868718
-7.0699775776503815
4.053714511431566
-2.3123496466796785
-1.6090893944373654
3.7338423354456878
-15.699880833384132
0.6040854411780456
-6.41187342464904
12.30534549102779
2.249207434371544
8.445950465554526
6.107278336658288
1.632298669158332
-0.8434875665701547
8.273629158860544
-8.816897821731649
8.312662158875307
15.108066250978883
-6.0636480433096045
-5.039718116987181
3.60939121584923
-14.363452742709365
16.371033474339345
-15.105336116492277
-2.05727566383656
-5.2880077654793185
7.482249394135454
3.0342214897945334
-13.705502280032952
-15.445883072936745
-8.458959772480597
7.578302422099021
-8.574308242441248
-4.5263001577916135
3.285614071439052
-18.48783775512565
-2.797862053836868
13.674055266491061
-8.773429267823412
-12.846274391066025
-4.081434251557739
11.587495035352063
-5.447213384392312
3.3501761227779867
1.0682753965863754
13.776506148143278
-9.822143437794926
1.4224984889090364
2.2563054118657075
-9.574850026281199
7.576385242609743
2.1430972406137685
-10.6000855933188
-11.907652125823347
-0.49439402870510896
-3.1811801602963223
-2.435404250322022
10.854168661531935
3.3410722691226007
-18.980873621578343
8.097150671933955
2.5087065098269106
8.360967904718644
-1.6994645332217635
0.1503412729393438
12.151077247865965
-8.079101868184102
14.93191918622129
8.618333465754318
1.9644132080173986
-5.72087053508486
4.187034039698036
-4.666538985478018
1.2099603125522282
-10.190739888381932
0.044141457740636186
-14.302434486097937
5.106226726504083
6.6291821770449095
10.669143806526492
10.674054894191135
5.739170259125271
0.07634005810338139
-6.023621561792761
-13.303806798943658
11.361795696328496
-11.790589048968652
-8.076934145954471
-0.5612285872441546
5.9483023405323605
0.6777749395347809
5.198779800389508
4.788571698751451
22.563852349382387
12.97442380572765
-5.67297030747725
0.6388568606218341
5.790190098435309
-12.413211540011844
-4.908817638329048
6.832583789289632
-17.805498074571673
-6.797054949066547
-1.2304209856192974
-5.931371693236473
10.67848434412348
-11.906747138778094
-9.657886165444143
2.284821066981591
-18.84079374745003
-2.078991606266611
-0.3037355000570589
-8.632747530619456
-11.883617454262886
10.259843165788439
8.091592141329443
6.0610594027078495
-7.6445362351973465
1.061824155650015
9.268533773688581
9.664479957316448
-6.257027297647625
-9.854006175044516
2.5062246539173683
9.182816231811726
-4.428458490500336
-11.124983403610688
-12.12110947625768
-11.44644983944127
-13.303344647357031
-1.9657531237990078
28.990829983127306
-4.152198588071878
-0.665524015431455
18.217816490247547
-3.12975129424119
-1.5590508488522694
-2.3512790875638583
5.032956754718501
-11.749475647688659
6.405777185647388
-1.3405327595299021
-5.774664330592228
3.359862178546328
-15.906473181495427
-8.375465192408855
-18.47910919153163
-14.768548085720797
-7.535351672371292
0.49254540102483324
-7.587464574710148
10.963544322438239
-14.985339143436006
0.6067179568069656
4.7948403019390495
6.571589263814221
-5.072147551152218
-12.82541452024954
-11.781903972068948
-3.4027075115738112
4.350847299314003
-8.301013162160508
-11.455399749080334
-18.271578773575076
-10.65269445759933
-0.8471994288506588
-16.49171864388599
1.9793489418863504
-8.09750857591417
-0.023561764761699515
-13.463598536202628
6.03728566800128
-0.5935503206921963
2.2020166063885593
-11.040313909847796
-4.587935288244727
-4.8872303302591815
-20.954873166237462
-14.02651610563937
-12.021992846205379
-0.8021616156291227
1.8457698282763693
5.637316386501854
-13.95999097387551
-14.085091370670954
0.6751154766775787
-13.099052671566263
-3.870846426513321
-13.131648900073369
15.258273573701489
3.1409400933132003
16.81952953692219
7.204612678185931
-6.56491546397415
9.008012630171427
-12.046813288462584
10.751749473889326
3.1788669586641713
12.172234086263796
10.027038179672962
-10.851343853223806
-11.124546182592963
-3.246509408855802
2.6683833285749787
-8.847539320656237
-10.890781951990672
-5.938472373399314
-4.030635800882799
-13.838019753000093
7.8921014454335
7.771806834884762
-14.381573002993466
11.847670624991538
-2.555640400016734
-12.497603324050283
-14.359527388479126
-16.36050597513694
-22.171446080612267
-12.873173755359806
-31.74773374007951
-12.961248922782614
-0.9201192409708707
0.6573016631093297
-17.492493316932407
