-0.446854601341896
-2.1744682942456013
-0.9759561352909754
0.24387239315422113
1.1499058878770305
-2.179961026979552
-1.3264780228811195
-0.14825413383871988
-1.81113210362395
2.510268313193729
-0.5923223781324795
0.4738635663220368
-1.632647038789741
-1.1224712612294154
-1.8883162250353733
0.7250086731432042
0.6351763877494557
-1.5955261707178738
2.5702992976074803
1.4874976942100517
-1.5161888846261424
-4.640761033859196
-0.313658767698079
-0.7912240684344107
0.6749006697501514
1.79162657535344
1.0117671008488691
-0.35270207371937734
-0.21962842849999997
0.49995644436493186
0.5930850082539318
-0.9415857114869312
-1.097081056289918
-0.9946990940809289
-0.48557965538444
2.04311255438853
0.5222660805136905
-1.293404970844328
0.8860724383218436
-2.3710514172731307
0.639912426414866
-3.4977631804420026
-0.7787769782169512
-1.0747300044344061
2.369263953368829
0.2913990541040866
-0.7429567049410001
-1.9464835175882875
1.3473046643925393
-0.9838973204881001
4.1820689281188
2.124670381632991
2.5830717104949965
-1.0636008669934613
1.1455608216876134
1.8766378968608557
1.8883034574530526
-0.9010398705848721
-1.2103440066819022
-0.12343245394493307
-1.2911246368919664
-0.25962720443251464
-4.063836319418842
-1.5947310740223615
3.111917832666591
-2.130656291419904
-2.4795252035061335
0.21081449539912211
-0.6107452334878443
-0.40886750568197366
0.6309249170026581
0.477841187065064
-1.6053056413242628
0.34513696739491256
-0.5210321829796324
-3.0915158567956205
-1.4776455224608187
1.974776801583066
0.9589937010489429
1.6229226470207132
0.5401493025212109
-0.5624558690580982
-0.24042313963525166
-1.1330239120020842
-1.5058820412403093
-0.8734820735105886
1.1766516008945307
3.7217248724406082
-1.1272322734407132
-2.8908333350112505
0.5035925000658458
2.7494635234053235
-0.8590984772928488
-0.20073321815622008
1.9400993672361746
-1.605346323603178
-0.7841304174332298
-1.2841753236749283
1.1666387432054146
-0.8318130160019815
-2.1245384239785903
1.4138526511996317
1.4038549403061933
-0.22631032840574947
0.11004051176288167
-1.4995535772078499
-3.207566804352724
2.055205174457125
0.2821232098325929
-0.34127310784013243
1.949695724193297
1.776227461232514
1.0158970142382253
0.12015363445841355
-2.5316638524185073
-0.03878473409157471
1.983837327346998
-3.2083655053349767
-0.4888329091271214
0.5869429728535474
-1.9898844988524722
1.7769790129244458
-0.1692497887864759
-0.729795697430603
0.688910863574804
-2.973120457135529
1.2872296775053262
-0.5495600703872021
-2.095134191673689
-1.0979413554366633
-0.06697104991585877
-0.7049135077508796
-2.386395361869042
1.1101325962386872
1.442700987551272
-0.19222601649358187
1.2934927796003042
3.3090841629654713
-0.8622234309361808
0.8284524387498783
2.371366832926942
-2.99920122518523
0.13493027058550924
-1.4136836680223845
-0.39634486025677695
-1.9368560281741907
-2.4454636016387004
-0.507257386778241
-2.391224338112834
0.9959913294931934
-0.7683864473897787
-2.5727562789565783
0.49413893961324845
-2.453768919208333
1.4328870350976874
2.2570285026458325
-3.946005571213114
1.5905972204448153
-0.2592440884306191
-0.6019533002737798
2.4908408775022446
-0.3555596395545283
1.1124306387970964
1.622559173734394
-0.20491535493539367
-1.7162628604108514
-0.20673499713366167
-1.1907283669892386
2.2351844913103562
-2.0557924511350043
0.9112589746361052
-0.7270409591931085
-1.7308027912364692
-1.2001669782154858
-0.7227758989750207
1.457732295678279
1.417913252295038
-1.0699543993503153
-2.5592593539342747
1.5301187258966478
-2.653695428120512
2.2532916753239594
-0.04469447042217928
-2.602494128785586
-0.026832761187374023
2.698593903663713
-2.1461488436262917
1.9127291844807097
2.984753891559945
1.5084379738733076
-3.1312943602840204
-2.1609203866111835
-1.4291796774534922
-1.956168720281
1.0924932217112058
1.1132924944148623
-0.5087725416806743
-0.8201485562186535
-2.504478070356728
1.1358450532295181
-1.8882001334408016
-1.3361544348447232
0.6030932920560305
0.4027589396077
-0.9488318182786398
3.277758082710391
2.2758906968957464
-2.538980706707974
0.4814765927783975
-0.577561826543562
-0.04804225153978953
-1.3376403441369118
-0.5294805867462291
0.506001280830459
-0.7102417844052172
-2.286877071159049
0.6061552144543914
1.0851160702002212
1.3429477975491042
1.9423005136503868
-1.500950770270465
-0.9857628729135082
0.488728441336562
-0.3964076575343733
-2.1793797510789585
-2.05203528733195
-1.6085355860708346
1.4812883850844958
1.5231263767566636
0.4139948555229363
0.9459164408123517
-2.6695230625840627
-0.9356060362369563
2.370802553568932
4.0520193735603875
1.300280803269318
-1.3374696841604545
-0.49510510409496167
-0.7555285573140285
-0.9401562375456867
-0.21056906629087715
-0.920049900645895
-2.4585247940125554
-0.7683156966175659
3.5952491513379625
-0.6362840924184108
-0.7078026295919667
-1.1608876570207602
-1.1111956087882158
-0.860835632102392
-0.08656817377752303
-2.109609470542446
1.2417713970825353
-1.0629009085353944
0.4958454710112277
0.12607999761579958
-2.684645473324809
-0.8374147662800261
2.3264572630043627
1.7672104308705516
0.5003537680953887
-0.15880743800574434
-0.36546777458194823
-1.2051088237241123
-1.8926504742266976
-1.391732598568421
-0.4392170161321276
-0.0689067990416444
-2.624970756835939
-0.9883977047705307
-1.8624704743363567
0.5410605011998708
0.4900677333679273
-0.06809072105298965
1.5056459348197746
-0.679370700952962
-2.2614641716044446
1.1080570747090175
0.6220017509728445
2.3107489999512034
1.8406485272235225
-2.819658088385992
-1.3878786145684003
-1.539327480094477
1.861930332594365
0.6953070174665665
2.5276575990379655
-2.6538281728391184
-0.12890475630715836
-1.014920954512252
-2.358188401021924
-4.268164694058197
1.828150163929125
0.08855610498008533
-0.8758833018481194
0.986307973210418
-1.1838797772808274
-2.3358288226653947
-0.23384194109779124
0.11314440139398607
0.28260638983650027
-1.7689083206598146
0.7714902232539814
-3.350852443519106
-0.06657152436454873
0.29302019043383004
1.9922626787964468
-1.462617518899384
-1.0524495032249161
-0.9659148699703122
0.6395780951187415
-0.9251111408205313
-1.0960255019715597
-1.9634059464499947
1.3671652663054228
-0.7717362463159129
1.6188202533231757
-1.2345076419924907
2.44834634974998
0.6470641878514889
0.74729262790004
-0.8986159302989055
0.17636588881399323
-1.4972728999805236
-0.5271407336930269
-1.3834869932710725
-0.3111919616258926
-0.3081566307782247
-1.6635304459498115
-0.9689339908288808
