-0.5745279504086384
-5.1858020442004245
0.47300472363960433
0.2430021950206437
0.07571101247872117
-3.4597259095398862
0.5653102109616472
2.2728387938763395
-3.952825556293079
-2.916153568488912
-1.5148372522184381
-0.24766678786008184
1.1618525958692794
-2.6255181303126007
-0.5965186778633751
-0.06716855160389694
-0.6678837237577321
0.13916893423728013
1.396914338354227
-0.8927677221466811
-1.9783880822242448
2.668806625017712
0.573549449057752
-2.4062172317188337
-0.5779075995092842
-0.710619304397282
6.256208550382684
0.08509577819726459
-2.0596032634575763
-5.188978430466886
0.9501453854908839
-0.3428208444904112
-0.7533421420803592
2.314582981374458
-0.4452673053207604
-0.15279856873035816
-6.005788021910511
-2.9521121528672203
-2.2546326215292782
-0.8554271457006158
3.67915691737754
-1.4682966232064973
0.24755646529174677
-1.7478235247443454
-2.0679253462144014
1.2128697686988987
-0.335184530077598
-0.560012242441767
-1.0029444483728978
2.989274618033212
-1.0706539834381261
1.9377021890972115
1.578006063661562
-1.3915234550653321
-1.5799531578878785
-0.2068632671674251
1.0639567919318622
1.2894745791642914
-3.5463594505274747
6.254154872067543
-1.5990693687826087
-1.724787861457327
-1.1194548226023695
-1.7892411952744585
-3.064378058498592
-1.6556466273403638
-1.160494688395106
0.7798401155602749
0.06628942937161761
2.629950125380375
2.2526113542774002
-2.843708865876297
1.8840841581836032
4.80770942201579
-0.5883868885280811
-0.3379336680034043
-1.5315955194538629
3.5330184277289463
-2.753016838747891
-2.8915346717683934
-2.56195178041664
-1.3185038156453313
-3.3829513916661336
6.431256652999204
0.00856879560868063
4.0148592152453055
1.4101624998320483
-5.639386654461987
3.137952560716275
0.2022947252922608
3.915010146123325
-5.256345128191146
-0.6992884238497636
0.272684371132554
-2.7710307751734766
2.7882167902366723
-3.8265414903673003
-6.604597302888986
-2.845790900531284
-0.8560843999903887
4.300609326158861
-5.3455715822343395
4.392198200682934
3.707836936052854
4.812470995191161
-1.9645445847050178
1.3567112393618765
-2.1270638475185226
-0.7956082158673624
3.0916029642741165
0.7854799279106276
-4.329873202478934
-4.4152996721042825
0.7899200143321928
-2.732019488899673
-1.0188625137383314
1.4600304733998541
0.1682357542135555
0.35490774835651767
1.2911441169892526
-2.7032443957384626
-0.6859917264391376
-5.554506835456087
3.3843815536640123
-3.7271155069337305
1.0239260021128425
4.028559248494544
2.041918271653455
-0.2938066056378333
1.3426265624186857
-0.9226724920237237
1.2642170436376374
-5.034429020271152
1.3827582420468896
0.6660521523176848
-2.4795030765999453
-5.743568961959962
-1.533460463201225
0.01430110006035994
-0.47983765741753764
-5.421934761080138
-1.6692299493360563
-0.7001257268051937
-2.73142917416469
-3.3166144286757833
3.537502583176944
-3.488672392503567
-1.6824771771220686
-0.5209711937695157
1.347274811465736
0.9175838317679176
5.063826505485643
-0.5511308267459706
0.12955245472460716
-1.3092361772540861
-1.2568291205715008
-1.3580883431570017
0.43578893836550003
5.911399125935591
-3.170702647513107
-0.816178482599245
3.628458887623813
-4.30238890872645
-3.2220215874500897
0.046983379271731
-4.34568423603888
-3.0250278188360293
-0.9979915876184259
-4.8467475634215305
-3.0271364854840614
0.10465767741865216
1.9954344919363618
1.0257974819978353
2.371672516819659
1.1256938499034845
-2.1071811276706405
-3.046046864273186
-2.4151902119313355
6.841067784900599
-2.896098906345713
-5.4603948545087375
-6.874850760819396
-1.5981688374198595
-1.5437037642414497
3.269820232763755
-2.3572227819543325
-5.380703761694611
-1.7810837833704105
1.4219554892832929
4.643511972439287
3.4448107409905466
1.0032293647158312
1.41773539892606
1.725367988261159
-0.8830455771808735
-1.5380957665327095
-4.8832958371841535
4.379377790378219
-3.1277669424209007
1.4638924241463713
4.498602994836452
1.588558602305092
-0.5380175712408634
-2.468155149374258
-2.720172743389219
-3.1201331053148604
0.26907690451216165
-0.8250913089501962
-1.4414847237314619
-2.6029211569632427
4.349714068208952
-3.2073069554117204
-1.978879982195465
1.4686435493640735
-3.3562400227359532
-3.398541263408453
-1.3476983243619458
0.8315035078521416
0.06587876303610989
-4.180768918243043
0.578903287715353
0.24483803010274768
0.1564403127978455
-1.8328573942278348
0.09272292213119317
-0.49045330515802454
2.032141547385176
-1.3053347216092699
-0.5655248633535404
2.888565598758977
0.4380880539346288
-4.520970669346506
-2.7837719952749036
-1.3332203871323214
-0.30118717310454446
5.704681441033927
-1.3249478589256212
-1.850201095939298
0.9587275881574324
-0.8445571748137308
-1.615727718523313
-0.6971593328438422
-1.0545178494751872
-0.3275188375364533
0.16550880642821733
-1.1419808563815
-2.8434195973255774
-0.2620023068466856
-0.43058321160798546
0.3249809345125899
-1.4180061156173471
4.480360624715593
5.960510516765475
2.2750010870454265
-2.686920757803133
4.437886980187287
-1.9173086922306897
3.1349569406397593
2.8674017160301095
-2.410685548075002
0.9739451318027422
-3.480025705178984
-5.726059683435549
-0.9183361517097175
2.2175178950864143
3.349524985987137
0.4656153465442432
-1.0871548308486378
3.7337674220060673
4.448099626781288
0.6423514729870025
-3.5817217468284395
-2.5383960167009123
-0.061434156034575325
-5.582025104502437
-3.843705670383397
-2.1672608087884497
4.421761189674565
-2.171498853166455
4.678277070619255
-1.217716487041796
0.5997438708180528
2.353760204879304
-3.556254443819304
-2.9559924825386847
0.14427008391522944
-2.7154844884566924
-6.392642289429024
-2.4589446781631437
3.4124882001154986
-3.452096804279696
-0.7387126174429027
4.938631115592046
3.0635859435011885
2.201925067637392
3.0528408833128657
-3.2726257206441938
-5.274621241977422
0.6366641527813752
-0.8723843868338013
0.98671513957729
-5.56443580139135
0.392664487934257
-2.3785905904328284
-0.5511037690728705
-0.7536871187754947
-0.1765080654171613
-0.616608208555909
3.8587147199201914
-2.830968392362999
-1.9196648739311517
0.35851585777032435
-1.3893220843086254
2.12083790948989
-3.3922766048954522
-2.3258107658673146
-3.1825442431048034
-0.8324006944255132
-6.300110599818676
-6.025585545498661
-2.7160728549155504
-1.3745215076980943
-3.486762419361723
-3.8016666481835517
-1.5928396699708152
-0.2702741916136821
-4.171320836307379
-1.9151637033853977
-2.4774379465266088
-0.1804076683030152
