-1.1061888649026703
1.846507428179806
-0.11699440349987304
2.4220927354236186
1.9242069342989492
-1.7801396922319446
3.4876797000180884
-2.140859499457868
-1.690380185461243
-1.8848763912257063
-3.45111992708531
2.4494286226465283
-3.5873959125155563
-2.2327259387354985
0.894360267870851
-1.80804620696382
-1.0644654063136507
-3.807420861586964
-0.8801577466530606
-0.0228185050903827
-0.7906609616882779
0.8780362974121833
-1.245500921061384
-2.1164315337618724
-0.1827606964743804
0.8695689971768866
4.0972733130233685
0.6097594302052362
-1.7257198485191467
-2.1915778945945528
-1.1283035391583474
-1.7559006050999795
-2.494324828476761
-4.122949929848663
-0.4480554312011559
2.41960924878245
-0.42033180823317645
-1.8451568556273348
-7.268042061337422
-0.13041918379547066
1.4481579528457607
3.2586590605174126
-2.2357452309787633
1.0158696454799354
1.9643166448557958
2.0981169167084657
-0.3760361619531332
-1.189855474779732
0.2605179136119072
-0.7323759056707537
-0.5894354845987885
-0.14471026883153848
-2.871474751079193
0.9632031554024468
2.398767920882124
-2.028696939841152
2.6322725179627353
-3.231309837461329
-1.3224126609329543
-1.6261235097611444
-0.20523604599623516
4.3242661656286145
-1.5266218727437606
-2.355358600676897
5.770496267756118
-1.7184610115594925
-1.2574356267996445
-3.4735398936026503
0.21847985566518863
0.44334498105524683
0.5449543932674501
4.074894805460378
0.0040126324728036265
-2.769818392140123
-1.8438627780305696
2.1491909552261768
-4.548635856916135
0.9045236808460956
-2.050580879940419
1.5190851400651824
1.7630360364338211
-2.457603392977622
-0.49692337812155196
-1.4202943973865796
-4.936436599753919
-3.8207751699387864
4.08549289630453
-0.730967517837353
-1.491893946081714
-0.9590693354302958
-1.6652827577066338
-0.6099988436302757
-1.7588714057701413
-1.4386949405573886
-1.827735122741151
-1.1167568851712013
-3.389259373038482
-2.0784546901718275
-3.2174682002113957
-4.533283758044137
1.7426149487177356
-0.30692416129539113
3.557144511684445
-4.694407669024614
-0.5782863669766646
-2.8454154631630164
-2.6722440651226105
4.528608881592221
6.159526478346074
-1.9371569511448037
-2.5589335222102862
-0.08253446661115044
-2.690537456553684
1.7949298492087338
1.7277212281600387
-0.8105112421205335
-3.339498731471124
1.6742655158552084
-0.6725955287101265
-0.10021774946663917
-2.3062834464288082
-0.6838041240447367
-3.2293216274804446
-1.8993453383138537
0.20738331186993678
3.8121977719290574
-1.7907227581603806
-0.5571273032425843
-0.8689272161496289
1.1415709368730858
-1.6416163687327703
-1.5800850299179081
0.8117674601319409
4.6215770655817305
2.7898735868792754
0.9135751688232655
-1.6497585381770132
1.6783294318739643
3.829498532979448
-1.132255707750048
1.2884063776717565
5.634212397777591
-1.6740153120436172
-1.6027921166588865
-2.2329851674893644
-0.36072172739155334
-0.2080390567852965
-1.346861134534334
3.739965789255959
-3.074631599718834
0.5645037784353905
1.2956319781010155
-0.9038843357194637
-2.3282902861360624
-1.5290108561634208
-0.7807380288818495
-0.41390416334036284
-2.31783716372323
0.5235538010491926
-0.2503983408001159
-1.4982067061363467
0.7741413417858827
-1.817604249116716
-0.23413576401281191
-1.0545970491453174
-3.238761197914528
2.1947526467569967
0.05603521822782045
-2.3898181649418238
1.7788306923181432
4.258398223508906
-0.11300076211167974
-1.5366879776946938
-0.40924842710867715
7.434280214140614
-2.213036658120825
1.3316920459518835
6.054407041113984
-1.268645434728909
-3.5946094837609057
-4.378091152957877
0.78508427618856
-0.1390433743460212
-1.042853959954179
3.3310091348139768
1.2517342303215475
-0.9266292952172489
-2.343246172062092
4.462047646183257
-2.8362513514654917
1.2318919094424399
-1.780200623795324
-2.8849466879936463
1.3300855990343583
0.3031777055414485
1.3042470402487434
-0.8913769352554365
0.3307889858366419
-0.9618502994465877
3.6912187476192413
0.09666638164260963
1.420978975486021
-2.07593869871328
4.0824779125052295
-2.596138896060619
-2.897194342078207
-1.0090534899902874
-0.6670921456838301
-1.3495884884512404
1.3202240904046343
0.38304396682013536
-1.997073040841755
3.0638117165534977
-0.286584366911135
-7.628533223248503
1.5911674431767315
-0.9601659678092206
-1.8104220062109397
-1.103210182577499
0.3395401682536916
-0.37099012629427786
-1.6996860619318317
-1.216541707886484
-0.04025921692518371
-0.8046508344681177
-0.8688776433215156
-1.6252327875856172
-0.9005698429632717
0.7528045080732596
-1.351369653985029
-0.18688854199829774
1.877734834187935
-1.407086410225799
-1.3678540797873542
0.014407165713251267
-3.0994135574005357
-1.644956972312273
-1.6434481800281828
-1.3404176426956358
0.2709170037579824
-0.5420970538242948
1.0709685435876677
0.5061683249950731
-0.6348263762962792
4.904929658186011
-1.53528010897598
-0.13078837851560704
-4.508227314187543
-0.5451509008989217
-0.5555121724507677
-0.06116239068143887
0.14280573389894777
0.6088373852932493
3.511319204630621
5.169925053538587
1.159802673682764
-3.0554552646661617
0.8228454061454327
-2.3353547887835484
5.189694852380899
1.0593283061102083
-1.1571146158009475
2.196157251588834
1.1489282239712864
-1.0315505492078438
-2.058667382721642
-0.7622116522543292
-5.30484041045556
3.8504934730241
-4.800585147718952
-4.686580253498653
0.31334309495994245
1.633349882651525
-1.1560822498875423
-0.7133133499437909
-1.927360275897361
-3.2293219035335983
0.5373307277634995
2.000434815998338
2.6197708680660807
-1.6704818937664438
-0.6584376296193475
-3.26877307908432
-1.4744390388768784
-1.8104948427085388
-5.286665142798578
-1.4902576594683499
-0.20313723981151555
-1.4109920408960417
0.1839700677950759
1.827653292347253
-0.5695910595799656
0.16866853909640184
-5.490455005030806
-5.098715322221251
-4.783436715768187
0.04191688839021396
-1.5352128718367908
1.1598440179886942
-1.1587318337683499
-5.124841219824912
0.3809832439190694
-2.254933503677709
-2.15377119152535
-1.6594529523890942
2.6826514081209196
2.721403658199749
0.12325813553528202
3.982480428365069
-0.9925520446381003
0.3828527393576882
3.8954350791584575
-1.667408523270312
-1.722979834575495
0.7231262926071599
-0.4331516969972962
0.24727091430041803
-1.820636782187083
-4.7145940793452
-1.1039249094044827
-0.32875845498664674
-1.3755961016817926
0.10921406561908416
0.020386029358839115
-0.730206688055704
-2.3654543414242237
-0.5002401507957138
-1.9292271760646822
-1.677899798796883
0.5197961163404377
