0.8899328516765637
3.148483704858915
-0.0776830154019626
-0.6892163721096617
0.2631689945040746
0.723711957058575
-0.16265736215033283
-0.44767764530689
-1.202696470792623
0.7724308129211768
0.18239343195766108
0.37605385954413184
-0.7481454435303128
-0.0720149783035908
-1.9601915303528188
-2.525186707003615
1.570874499139113
0.9951230023473143
-0.8902958301648679
0.010318683807179353
0.5435293562607888
-1.4419583208320959
-1.0384313433423495
-1.0476607834182499
0.18387435783295367
0.12226464830457791
-0.627370142855153
0.08544608862766254
1.6511030230411718
0.4786445257407617
0.5464713605287141
-1.1299602284072332
-0.9200405481782064
0.42031570858047684
0.015093062422677807
1.0847798426671318
1.3931173850451297
0.0846496576801897
-0.5270457024018596
-0.20698001006293687
-0.28224424736390247
-0.6497408596951952
0.8102087675611634
-2.4171609095707147
0.4509027634149553
0.5442420297049042
1.741164058129383
0.020128259615591743
0.72800579053387
0.9613504490742252
-0.5751070442078668
0.15421785985343156
0.08659262867580463
0.018375979508114374
-0.756746396396727
1.815989260042909
0.3440019937521329
-0.1430215000404212
-1.8199272358334546
2.2968244762671977
-1.2099807225844594
-0.8100491056188075
-1.0780564062180482
1.3263986846499038
-0.5335027131694928
1.5153918234233823
0.06222093136144463
-1.3286709219371982
-0.1808814436208621
-0.5946442565241498
0.5000055586094396
-0.6667266879460371
-0.9581925809765558
-0.8359285997192902
0.18184024372750698
-0.8538454952607126
-0.8693494422482169
-0.04927934522518681
-1.3903766047036894
-0.5788972000461579
-0.9139290859204271
0.29565492864369325
-0.25179687375648624
0.795490621265085
-1.5945553516243534
-0.837870272581418
0.3836811588801538
-0.729792626542663
1.116172684142243
1.1265063076769444
0.8797701927215651
0.7809556919175361
-0.9092841224508109
1.056805591831449
0.9676928834721642
1.3147917637331357
0.683114650877696
0.35954055367125
0.1977829446203156
0.9913308631642141
0.4831320953404926
1.7866585914232698
-0.007224015616628895
-1.3409358677406233
-2.162746360946457
0.19487502405555968
-1.042851429778536
-1.1803982211008228
-1.9476039992154397
0.6455342829675997
-0.5358470380266831
-0.29627813864885866
0.7074864342442134
1.5215596855403077
-1.0371133673492234
-0.5975535349867404
0.4707285273728042
-0.8334396696000193
0.036585081004192645
0.7341544186603124
0.1621985303776449
-2.070050173623487
-0.16891090600259687
1.7016235743804151
0.6242593426948035
-0.5371285460705943
0.45072742136425425
0.18330477354497623
-1.034467018522884
1.7779623474667627
-0.9199770877148866
0.3095813228825975
0.6290510331157309
-1.5092751662303938
-1.518446188741078
0.43719068854274384
-1.2231356785628922
0.5107595775548072
-1.0807561203517086
-0.11717443563521164
-0.3425302224993631
0.13094493733088441
-1.6605545038974299
-2.3261830561717445
-0.8471818648731106
0.8984812184195332
-0.31428174401939146
2.3231432933868112
2.0053904103055107
0.6728151849720555
-0.2966292311306947
0.10268123484125231
0.17729703966825464
1.002249364227662
0.20350255091187017
-2.0844208661845998
-2.395328065306371
-0.7797864808755688
-0.08311088770849442
0.5347029398946286
-0.8122525236760775
1.0940841781993567
0.16940377295523928
0.19872676347045623
0.9094245652332689
-0.30889725718008126
2.3574936784525407
0.48379892865961227
0.6647569061538758
-1.2505672810120707
0.9396485127646226
-0.4012095695159798
-0.14493206476414064
1.2162503157828106
0.335378173824899
0.5417308693977794
-0.9454510333075518
0.2638197082532056
-1.320594905395063
0.17709319967131976
-1.1333165305665143
0.31148111671814627
0.09883602522082399
-1.0431634605110527
-0.5401805427348337
1.2536166820387324
-1.1523891361709615
-0.0861593221657413
0.8399224384035021
-0.4035678222480202
-1.310565547271759
-1.4877219987877608
-0.7888598998486017
-0.04710852653360264
1.132960843007769
-1.505913648521424
-1.3103499084542483
-1.2387066111427831
-0.7824861548692447
0.08541178132928
-0.6992782350421339
1.726133370498148
-0.8490199128276593
0.4444876159045142
-1.1121006245263227
-2.7734305745972447
1.0961204567205094
-0.3224817298938863
-0.6820442578246539
-1.854339405352537
-0.20744183913624073
0.7465585549690352
-0.02602296519712433
-0.6850735317741357
-1.3815412403625855
0.6676135560846639
0.8208758582769471
1.392484894209705
-0.2713233883907955
-0.8165908053046159
-0.17397385596074705
1.59741764602261
0.2657450517179563
-0.31401341152073325
-0.6264065780268472
-1.0235656252111651
-0.5972815875633224
0.4657141267596647
-1.4590680259918207
0.3724423603715612
0.35593687736569946
-0.05532207137531394
1.020073083210279
-1.8548683370070134
-1.7501457586077982
-0.3602356081770611
0.43704965789536465
1.9235817303992009
-1.7965239569783489
0.9959689269221556
-0.8999172583294406
0.5982066052437836
-1.7939861458598565
0.21695207062887573
-1.4690239937581124
-1.019753206491802
-2.4565500814752395
-1.6470641685044998
0.5888185481425863
-0.03410443010620327
0.5075977234715752
1.3631257900960485
2.08714400474963
0.8567762900746669
-0.547005687575126
1.1947129588772518
0.2024480555029942
0.7467207476561938
-1.5718708663326617
0.44146808600433296
-0.8861680622581021
-0.577832401361504
-0.811868838959441
-1.5091351638759447
-1.3333687291843437
-0.6098436701935017
-1.05378297140356
1.1427223244863032
0.6314752329583342
-1.0996515546277956
1.996992329467855
0.8817686472776806
2.3742793869524803
0.15237218760337648
-0.6057427854577031
-1.6272962239292839
0.9081826193195092
-0.03247061055225039
1.9060792746516584
-0.5747830232111888
-1.2284761535219924
-1.7189542164245395
-0.22413566478970018
1.1250279702393415
-1.0460669706161903
-1.2348604588133572
-0.08140289921874934
-1.3173704531641182
0.4401220666319427
0.7361614409126611
-1.9339589962722514
-0.6108061252875907
-1.884745015200954
0.8824449450628113
-0.5177337838671593
1.7562453507373297
2.0925090090080745
-0.4334353840541209
0.056282725138804876
-1.180551104065742
-0.07467504319000176
-0.3835517017113188
-0.07069760364838301
-0.557056223438174
-1.9542054944847636
0.8880078494025063
-1.1009398270923358
0.49712444594725247
0.5855637344067606
0.38325811642743324
-2.4631883295010017
1.4406572287658292
-0.560333040079189
1.1005837638099578
-0.20611275495324122
-2.2034712615640357
-1.2325197176806586
-0.24348662153701478
-1.758071967038126
-0.15646350171569703
-0.17531742639865078
-0.8982956150507413
-1.6441997782914928
-3.035250405712901
-1.0409896535833452
-0.8376787660506956
-0.23295104524162788
-0.3603456059011053
-1.4218759345198417
0.8422171967306542
