-0.661411082696372
-0.24808320406197915
-3.454153378130527
-0.595414375532143
0.9863993355142955
-0.38854827233022204
-0.3787559315473846
-0.22021201616562677
6.324537554595352
-0.9423930057409774
0.48424412485586127
-0.1296225589446197
-1.7474993202121714
-0.726980308777135
0.7562809398676147
-2.85474270746344
-0.8069410966251935
-0.8049314128215911
-1.8322861245662347
0.9632539435779528
-2.226974139566865
-3.157279519626667
-1.4360434478673212
0.24703941917849445
-1.1201319765630515
-2.4537211602194517
0.2451263388453694
1.703512440517169
-3.573468772561581
2.41887306419616
-3.142343837959519
-2.2429766079763493
-0.3037017343778354
1.1202823112734879
-3.5166396681593763
1.4372646055874143
0.7795526705332347
-2.5369837905683106
0.7504055196272406
2.350448241981713
-3.9235870501720997
-1.0152231131722453
0.8360433060779854
0.1198839873927611
0.8866423875891226
-2.2088807992312467
-3.41701780363991
1.3075839011698176
1.3060763250521108
0.5133822791531087
-0.7789277159526447
-1.1913484293287857
-0.7479142523291329
-5.4017822569389295
0.4603714254010581
1.998033351467057
-2.6436773847823254
-0.15882013225202812
-1.9000942570694777
2.8377929580153785
7.881898698724718
3.0581174911929434
-3.172580699479355
-0.7347819952545076
-2.0213519799832436
-0.5287090346185552
-0.6600970742589122
-1.219716147719657
-2.4277091380217724
0.8396683893434709
-0.9460854557138537
-0.8297053221076495
-1.5719233604849923
0.5771442322864878
0.6760696650670018
-0.25449769624184815
0.41232478889359025
-1.0522101320802972
-1.7396288943233034
-1.6317763073477471
-2.322651051613031
0.05808573205690854
-0.8194232403712584
-1.3897098940471475
0.08077769689263632
-3.0687324673384135
-0.9943671339489975
2.2558970852597704
1.7280008267969904
0.545844586170213
-2.844374325537995
-4.591350928798178
-4.324097127818435
1.628128616302573
-3.68153249710867
-1.7618247511053013
-1.1293991629528184
-1.376499046873646
-4.030138620025415
0.613809260681632
-1.043809462820664
0.9410164324539422
0.1745957572788732
-0.22804269272048802
-3.5825007012478487
-0.36578184037107386
1.337568458742921
0.669288583848578
-0.8704829724963152
-0.9002117318233562
-3.654295422680567
-1.3117450493644665
-1.5997773873704586
1.5727378452281537
-0.8861873541899113
-0.4452881039903541
-0.7802481328046509
-4.642282174256551
-0.6490248980083693
1.2985435708496311
-0.9356720383017217
-0.9250352616780483
0.5407072196297392
2.2730513811366007
-4.103273318775299
-4.143424450803732
-2.8732872512093155
0.512867901386563
-0.2795647704929017
-0.831907699727253
3.4005659331426448
0.3138147174287351
-0.9843877920865873
0.8227078585591449
-0.7101884107121037
-0.20018938961760735
-1.3179528330388353
-0.4626166390988497
2.7991482474742386
1.1369900674951838
-1.74355138601021
-2.643558268665903
-4.249024490304407
0.8063074043601859
-0.16235439036394003
0.17470904429881753
-0.7676775598988856
-1.304631162562819
0.25217526017022296
1.0966880523061873
-2.5783046583868963
1.7105623827898668
-2.8420325275522895
2.193380232796964
-1.3043907392900733
1.999519506419703
-4.862745449401775
1.433298048761721
3.730922340678479
-1.517729472779173
-0.20812982012476283
-0.23805946098988698
-2.6051372574305725
-0.8419686652688958
1.3657248712846282
2.2497216164980576
0.6030207724752891
-0.9660194289501287
-5.031335411301988
-1.2627294229128463
-0.3644227017279617
0.2150177093835777
0.7949805564518587
-1.9054456439630136
-3.466778585554077
-1.046646616738143
-0.4943279901610807
0.3594113594071917
-0.3190378773143907
-1.558862499515921
-1.1172475228211158
-3.083507986223605
0.2555032797832934
-3.885685556639988
-1.5349315546014901
-0.07221020236863121
-1.504647994205455
4.408355526533872
-4.388196476229353
1.2308601042841085
-2.2228295053501577
0.10223066051522553
-0.9816536426600256
0.7687033601865505
1.6390335984480573
-0.9082756813890751
-1.1085488415546199
-0.20701864750806362
-1.7378384448652435
-1.1949320490702644
-2.682442674463612
-0.7737508915328764
-2.7702464857485127
-0.643288024561428
-0.6252184145408929
4.135967266796775
-1.099570638683781
-0.9829215474730943
1.3964979232092756
-0.9469190040291137
-0.627319132764435
-1.717342260289412
-1.7995365191020243
-3.4123526926282923
1.1924447956613018
1.4733755797677164
0.746417866675358
-2.32150408380234
3.5939565260033293
1.1360529178400482
-3.6133504820806173
3.1376697448643722
-1.2625873700807608
-1.403248102445858
1.970992077045591
1.0302695889437283
-4.631619709588389
-0.9334718991785218
-0.8697698952132874
-2.499121479406543
-0.3040343918296315
-0.7783608858138166
-2.375282361196337
1.2441182248777816
3.1984974970902496
0.026589269881606925
-1.391675458914104
-0.7771405724675332
4.57516196082632
-0.840347392713737
1.1010540892894
0.5168395194750928
2.4671396414314777
-0.3926534780454374
2.072574689418194
1.680418539994526
-1.9713131507881623
-0.3423471687761944
2.0293124506528417
-0.8876125632372908
2.672761480713816
1.1947748724270817
-5.0559228557781
-0.001756046728289983
0.6752511392398093
1.803307131299125
-1.0564504718532595
-1.3962607333735744
-4.0704328538900105
-1.395518417621466
-1.0124678350843972
1.119859782359027
-1.2360276249567024
-1.1032371677127906
-4.483947361946666
-2.0329784541183717
1.9188289191688321
-0.9930424748739907
-1.0904763916932094
-2.577547888182914
-3.290629191302646
-2.027967029932517
-1.2132854617799302
-0.988680695053927
-1.1838288680396527
-1.3763293852560063
-1.4223613284548862
-5.72240436283046
-1.601142995103693
2.2837971977330476
-2.20500835640203
-0.8961526108036184
-2.1404846679134284
3.202292765683204
-4.786628394632075
3.829643313859973
-3.0692896030666157
-1.3661015761211601
-0.48599352544471364
0.09315067956909692
-1.7875582013615172
1.0128702768556657
-0.5589067411156832
2.9890554163860146
-1.681831160650347
-0.14892334351070238
-1.4436922994313446
-0.1425841434504912
2.2765401010797714
-0.08462324590968003
-1.3581204447957496
0.09299778803245824
-3.9855551458341005
1.4434332378529313
-0.6367956765415947
-0.6384689661088301
-1.0173475485428385
-1.1632744663602763
-0.7545222123159552
3.2897436392458395
-2.4412591193335187
1.442198327453418
-3.5742618177896355
-1.9784670685081296
-2.2811781327973897
0.6316301948574204
-3.6468926510946047
1.1754425849468115
-3.871729054720606
-0.46656315426929396
-7.51319397291542
-8.133072604296254
-3.0024423434112073
-3.7665253572511714
-11.519583047049036
-5.347365551699974
-6.289939252136618
-4.535716318134805
-13.625584855590269
-11.111888865123206
