-1.6075312504495594
-4.162133414341072
-2.4950813455633996
-1.9025028930417822
-2.4173423830118366
1.57748392039476
2.8268906789925374
11.283469339380538
-5.615087575002797
6.874012655388511
0.17021879436646167
-7.029024295875452
-2.7916419655549296
-2.653442892359636
-1.5389759049754437
-3.2849151980244806
0.0573642761659222
-0.9596635902220526
5.287098701655327
3.4374414404412024
0.9990119193227404
-1.8501733448133169
1.4523649461222008
1.4839690206728726
-0.5876112020360782
-0.8058643897826486
0.5158579917241167
1.2605031264799171
-2.264594365377585
-2.5206271949284096
-2.0470863117752125
-4.391725472000152
-0.6661427513639027
-1.9778537238928005
-2.2302757586216697
-2.011051638152281
-2.396748693901469
-5.26881198063899
-0.7549070828466238
-0.8350673011151608
0.6143688641817479
1.1984206597765674
0.14171660733681862
3.512708420714094
-2.6061568550115672
-3.1799321555989932
5.460862150121498
2.8535781758166867
-1.0583079006972256
1.025951360186808
-2.0994638073305327
3.8654641222353097
-0.663618177264414
-7.536986008446099
0.3745974329418237
-5.714490956304396
0.8693270963532242
6.240597355422175
1.6155574663053098
3.772600461505572
-1.632388090786652
-0.3499350350954997
-2.8574084442404946
-2.0820303519893284
-1.3211353187003234
8.381513702035507
0.577654347643818
-4.557813057621987
-3.3421204508152753
-10.125738630685126
-3.515157416504733
-5.1382589351252905
6.777423232048003
6.952979222625039
-2.7894886849118485
2.9873030354749917
-8.042041692479362
-2.860732605640347
-5.1921098227495674
-3.8356428585351012
1.126996010802961
4.01291198960093
7.812039771812511
0.1300009135773615
1.1779908947148843
10.664761976380403
-4.307679504051217
-7.239147799412302
2.4278738557930053
3.0865454605748943
5.4613575233513885
-5.106736562739383
-3.046888010603023
-2.513177722696496
-4.75200087501923
-2.9103435847188694
-8.491273937260797
-8.259944131497983
-1.098344725089375
-0.8050612596912444
-2.514820982992413
-3.1198454987960353
-2.088305326134888
-9.190706740956543
3.1092137197928937
-7.111354564923765
-2.3491940045461774
-3.9989204178518993
-2.5490992432178774
-3.077410820096074
6.880406456356225
5.409216001309137
1.7398670037199822
3.9772609326150836
10.347245946976717
6.476380451227592
0.48394599542514
3.6420776042358036
-7.278068615031902
6.240187756826994
-2.38107103129497
-6.137749520735558
-2.486000381946363
-5.041687608649952
-1.6693367835636108
-5.517860280465586
-1.9689696232075022
-3.3173701215221287
-1.6337967440711016
-4.441209832265051
-3.3638796317738957
-6.983415593785287
0.49588968036239295
10.794119004483624
8.459455676457418
-1.1903912663638623
-0.6030594307545492
-0.7696190630650266
-5.928064181051674
2.2281490470787935
-6.800946524226709
-7.09593551171642
4.085979986768283
-0.8993816262680282
0.4875136284236072
-4.055738674971086
-6.401264346783541
6.259399070925186
-0.7888168426646397
0.03073552147143667
-6.763663233284636
5.858071254342722
11.148718244992404
4.049888409792982
7.405420735484197
-2.350462157788936
-5.34541807591952
-1.743705233701152
-1.7318532766017367
-5.8926058521097655
-7.25381721694657
-0.6864880396346209
-3.8737395377039032
2.8267503708888664
-0.24233730137331755
3.918156413096262
-3.4351343372997585
-12.452106425715645
-1.5860501058662986
8.068161862450903
-2.876636608318196
-6.854868882710961
-5.217504332663974
0.04232927328550051
-6.206327632526054
3.4148263002115518
-0.674018894624422
-3.4680555183793067
-5.6051077437618195
-10.436958149309323
-1.3413675857707366
-2.5144156155058144
10.11423006360004
-1.8006440933352739
-6.06474247381266
-4.311039671800148
1.4089500775051003
-2.2003681384616756
-1.4277987211004515
2.510091934143946
1.0512088737245275
0.7524946933565264
2.1681827352883998
-2.1614918479193825
4.12087500445107
-4.00883926235274
-2.3941047239192885
6.669993451847836
-4.128609716796353
-4.350193657327303
-1.5564747647632546
3.961248330435925
5.161289721511906
2.656939219280976
-2.14617270371918
-3.98432670508536
8.346526220830008
-6.42299716615771
0.17825882755816425
0.7947190526153334
-5.418186726318621
1.4366709640373017
-1.8043133354134837
3.470047887133831
-2.4707631977164386
-8.1270062599832
6.541282667152044
-4.931187249604463
-8.519076597441742
-0.7843344494735867
-2.5524840009828615
-2.4669836529337887
-1.5358300779020093
-1.4527679435571563
-0.5858495378561966
5.397444420007988
-0.6350635272236991
1.991352570417712
1.1266901286178523
-4.785263739895807
0.3126788691685936
2.305697690543581
-3.6238959810824056
-7.674560799600878
2.3162459644359377
-3.676013536182017
11.61757851391059
-2.140472265993773
-2.7193507021203738
-7.720924336659869
0.40895226768112686
-5.746457975203622
2.4611578224393673
-6.302955175001946
-1.2642930957480887
-4.687363211975187
-1.7091808275360612
8.616348679839602
3.2728120868010158
1.4057797105147245
5.766729750886978
4.018013038480569
-1.2821833804366347
-0.10168406778891351
-1.4295728396498149
-2.2488797822444746
4.381510131783011
-6.177975162457539
-3.397548994379445
-2.9330563458142964
-0.4342172297965267
-5.82026857252045
2.7526557524455435
-4.433552255178672
-1.9535171990390916
5.062819363305601
-3.6907559284500295
9.608088265648338
-0.34539757150806366
-2.3303874566474985
-7.009696474677712
-5.182328914897568
0.5433314799840402
-0.6563077880506024
-8.317762548655217
5.1247583148028
0.006443297562564651
-3.0398668371706394
-7.067046097351802
7.160356068945069
-5.87657946171208
-6.956394163327882
-8.29846135102655
-2.33273345198632
-2.870491058477881
-0.25235005988366244
-0.07623095366588185
-2.446903571893249
4.869027599996799
-9.264241764210956
-3.8935760214724224
4.387026451864278
-4.900639732430409
5.091193738104603
-7.555905348595955
-0.11605490849612854
-1.7788415924162198
-5.1284388136878825
4.8495192502234525
3.9738576118395685
-7.1389525199817125
-4.891657465121479
-9.283772273343088
3.907280243447863
0.8848901971452385
0.1451051837892955
-7.710098553219057
5.2800416005815585
0.44643233676596844
1.6373154605132407
-6.986381214387535
3.132555920696684
-14.268904383496542
-9.32306130200939
4.95128868226593
1.4844330597885007
-4.648832757044449
-3.5843844899350064
-2.229265580028065
-2.2068202816008444
-3.5278519223316707
-0.3450659819305691
-2.892290580753738
-1.4850564085375775
-5.967585435800881
0.9438788408690942
-2.181348348145992
-2.188678187469527
-1.363576957890054
-4.568512142456452
