-1.1174089069408624
-2.5102320420250055
-1.715163618546198
-0.7044187968515081
-2.6224360634637023
-1.6886019360413744
1.7296453984278144
-0.330871045412607
-0.6242571191307722
-1.4290373635229938
0.09771314507768383
0.8567054057647108
-1.2700089820991134
0.44393586326803913
1.001041952455785
0.150409215939475
-1.2494649528553092
-3.0946067981336496
1.2270196862121263
-2.978762188521849
-2.4153614434823325
4.4357855996855236
1.1230108094076234
0.019961751316168345
-0.8141171379320874
-0.5360450705402924
-2.2108749693314547
-1.4836576062221238
-1.5902064376499223
-1.5459606365777192
-0.8390955086240632
0.3730127303951143
0.10591262233768443
1.1883577254215427
-0.9391910611130624
-1.7177286686461959
-1.9222111202103151
-1.0037539559801685
-0.9458356526317443
-1.6073331964407858
5.583329402556986
0.9170725387276523
-0.6337155279953798
0.33230823797876674
-0.1791284998689159
-2.9753183279707054
0.5560161633652099
0.23212943795248128
-1.1438691586547383
-0.693383853624577
-2.6864004335322167
1.1587871282105944
1.04988210959623
-1.4443205296420898
-1.6481924458029242
-1.176960922768926
-3.131675072993698
0.4673684816922818
-1.144033519053911
-0.507717067906052
-0.7552268721217937
3.6105846207523866
-0.3702238856667623
1.9173494220201523
-0.280241977052838
1.8810825270803924
1.0644839216638846
1.5498312510745158
-2.341700881422661
-1.460077551803128
1.9294047069589058
-1.014518592600109
-1.9889036129300126
-1.1350269962696145
-1.2484794797767718
-0.2107308725874791
-1.6820797279663378
0.8942059958548996
-1.6178675282807997
-1.2538290047209326
-0.5948919740692992
0.5979368179827628
-0.3125915504979104
1.60417135245157
0.047985400444995864
-1.5741712530687506
-1.149865167579584
-3.476818801807841
-3.4645015045452627
-1.7092615921430494
1.129497526447012
0.9710498667729769
-1.0688513200386789
-1.4507729163798215
-0.7858642553708607
-1.370094647346602
0.6287280721980719
-2.331106633423556
0.44658709376072103
1.261018312703387
-1.007898719666449
-0.7915217486735651
-2.531802686689719
1.4216632965374247
-0.3047819360802148
-1.52266779279513
-0.7664201556837805
1.3525272122811287
1.4459055603699538
-0.43465638373655924
-1.8043356759813298
-0.4556220912990947
-0.3196262709153843
-1.1220999332970165
0.6152658564437617
-4.39184716039801
-0.8094097420318436
-1.3138274283688336
-1.5654414734016282
-2.5567784764241703
-0.9198141583841528
-0.7923997689738502
-0.19279599806016376
-1.8220060598542882
-1.2817163896381703
-0.5989954429701688
0.24536589092625363
-1.7537273093382189
-0.4909445160559878
1.0297779714302258
-2.7996983429440947
-1.8033647413842167
3.534487430830088
-1.7328351084999694
-0.22740645953467314
-0.38462321552495093
-2.840470712678333
-1.1281660823784387
0.8741363789018837
0.5964617958222833
-0.3085591805115082
-2.7627035547308147
-1.1275510909084527
-0.13671299384354554
0.16354535724034305
-1.400697215651569
-2.3366707744917545
1.8690559622408092
0.2066655369387093
1.6450855050516437
-2.0815389670443363
-0.16534995238706915
1.0538452308460795
-0.9185314915608125
0.9063693755604516
-0.07010096610021008
1.0280005431229844
-1.4134004416569266
1.4491996180050257
-1.017995291899208
-0.13713474832765613
-2.3459020104432344
-2.0208525868098364
-0.745147431837082
-2.463694921911536
2.323708040867048
-1.1515134442412456
0.6779848074394836
-2.413054525228096
-0.004871867860549874
1.2168242308234578
1.5146406549093558
-0.8988197983549592
-1.6657152100524424
0.33027980636285065
2.321352778499506
1.346373744170729
-1.4029761837704253
-0.16318037651058484
-2.1477977808626485
-0.7734704352520522
0.08801995224180122
-0.7800161295488376
1.3539832838423875
-1.1114690286093676
-0.4928563136008734
-1.46292669934554
-0.9646470858205181
1.0465536675681222
-1.825832038645669
-0.9919477462068518
1.1496136220474658
-1.0219484067850406
0.10529288024987822
-0.589073699604376
-4.412705736826996
0.29361922318889894
-1.8169608046326302
-0.8964762584229885
-1.3957833858998887
-2.1991247434200973
-1.5731267200196373
-1.030242716888854
0.6900596503767086
-1.4385618715155666
3.6702870065761863
-0.42750569362209795
0.4807530374789783
-0.4839613226497478
-0.09885635636718818
-1.582853798214099
1.0285990535096106
-1.1291540036315881
-1.4376242030026198
-0.1426724289122856
2.0657640870441423
-3.1521825384585207
1.0085701442432775
-1.0475992722154095
-0.9891166814368687
-0.3487583965464122
-1.20481068672574
0.816897642730101
-1.097816319816495
1.6763279342433843
-4.349852149716726
1.3560448358767352
0.626185379489012
-1.4293456112232996
0.5608152369076645
-1.5965937350376433
-0.32008167051165265
-0.19228084867225417
0.8438132076571907
-1.117281080707654
-6.0790984049313
-2.250042320803204
-2.749700003075627
-0.016395042341798543
-1.466221948901302
0.8594181629869235
0.301627360015581
-0.7790437539858532
1.0390090684580398
-0.5059991703534326
-0.1621792242714267
0.8539369832194077
2.254328658321161
1.0690024634320885
1.3331852256724817
-0.6944588578635391
2.651354793009418
-1.510722090756153
0.4722198286605247
0.7678772041337274
-1.283731048474596
-1.4498033692861676
-0.5628423137023965
-2.0966626749445734
1.0298462227428198
-2.0480901141038195
1.1848460632965165
-0.9672585636160718
-1.019549353171673
-1.7324363619281355
-0.46495216666983535
-2.3107306309386058
1.9380419717674555
-1.333976961737081
-2.296558738688318
-0.9639314527333115
-1.1159979116506462
-1.0389632008329595
-0.9976911352201087
-1.2640196097168088
0.6823758704590429
0.281821811123068
-1.353902231523249
-1.386650964915814
1.6332951285074806
-1.6261418410647115
-0.6600797078922268
-1.8010770824261573
-0.9161991695325186
-1.3207400909829923
-1.4049516144738743
-0.7279014396931526
-0.6168323097023671
-0.6502554904256568
-2.5994817830197965
0.6243764552107329
0.17586011719509045
0.9167891046817718
-2.9893594900378027
-1.7804278810644465
-0.9757047248156012
-2.2991328351147597
-0.6984056081698375
-0.8332645371078344
1.6647420455127488
-0.23215151169645187
-2.6372385813861716
-0.8910663615082426
-0.5656470079421351
-0.14487829913149863
1.1100979420398722
-0.7417533228313448
1.7497812191386015
-2.253893460505176
-0.18639060164663224
-0.7883640606571178
0.6967247910946408
0.06420764033163431
-2.3429608441386485
-2.4057493405303454
-1.3690984847013825
-0.9834244224021564
-0.9949630914944824
-1.4355256502016063
-0.45863514447401454
-5.049280642738285
-0.7919073096982643
-2.5695315861082295
-0.7470111984699469
-2.899097409925808
-3.0568097136812566
-2.26228007596615
0.21037281576627587
-6.803153165136102
-5.282536540724705
