-3.6481838298553675
4.144992455751789
0.09090194790024803
-1.0893831044757833
0.4511649887089178
-8.624608823693713
-1.3251465589310238
0.8407452662363298
0.377796558168648
7.208467353158501
-4.675477741214654
-0.7018217370372564
-1.5200968716213785
4.584503137718401
2.55803161350015
-3.0383341904053265
0.7682098888361427
1.6690229761814912
0.49650133366430144
2.933523207860474
-1.3407548018175697
-1.3580463460902705
1.0064898835066975
-0.21254092915184394
8.06664674013495
0.337394625540637
-5.472958465622273
-0.7504053700015486
-5.413967076940332
1.0006957115165596
3.913617997364684
-6.995383573583015
1.103954374562178
-1.8481892555259007
-1.3881019316921785
1.1957307777197603
-0.6670398188204316
1.2076028155428369
1.9941594017556874
2.5879573388011776
2.1730194788574333
0.5980986422080492
-1.3046977727472293
0.20541892585043164
-6.079516163992441
-2.690724203123347
-8.311025935095751
-0.16175345696513954
2.330487069503519
1.0979446295932151
-7.528336024673574
1.0905463494046161
-1.0965471129312656
-4.3213907735789165
-0.4202300840958862
-0.28387325390527374
0.7249879841093311
-1.196879800984939
1.6078327025121246
-1.1194886965258266
-4.250347607904063
4.0553993103046135
-3.0117680636612496
2.18526094821838
-3.197581731670881
-2.714519933355138
0.32870082570235926
-0.28738537571117656
-1.441201211204717
-0.8570657104449417
0.017136355597003116
-4.076344365654084
-1.723990351168109
0.4078090971699564
-1.9992611851184117
1.366452845210005
-0.1346572755169237
1.6759303359855857
0.7967535374163924
2.1231006074997842
-1.7448854574624746
-2.459302267429583
-2.6373561968805155
-1.7990148678130824
1.8586984760135872
-1.9016119260652018
1.8594424746186418
1.1195519194137635
0.5036419119351668
-0.06621854483474324
2.8379051239619297
0.44878917155046594
-2.637015780157621
0.3452813624311313
3.218689134140688
2.1346145675497614
-4.191760238186179
1.3860424873706934
1.0671426691182069
-0.10625959739242782
2.191294019380888
3.5756053538283483
0.41744530046841505
3.8382812971632934
1.3309068844915242
0.5084274655389908
-0.16659420023880442
-0.9113277368156422
1.061761346031988
1.2335558406503169
-3.3541087626499606
0.8432562883509755
-2.0423979417187956
0.6760405883684711
1.4946502954344083
-3.093885639171169
-0.04863900255118636
-2.2052032071264933
1.663647083432108
1.0930144863833133
-0.39697350365423695
-0.9771041105144025
0.2092216238786673
-1.343975915701745
-3.7399519387542357
-0.43637631817164124
2.460181397252051
-1.5711067745529381
0.2114236637101096
1.0817570986086449
0.1709027944688781
0.37972629778225164
1.6147943145769978
1.299546455271688
0.9499440603288859
2.166275346935335
-3.566495607338805
-0.1444038036298097
1.3300860816715132
0.3506335170743205
-2.8998531085194106
-1.9020423079997473
0.5446952634093292
-2.0941580591059163
-3.15293239512254
-2.65953820223396
4.50188271440298
-1.2973622676883825
-0.1992946101441402
3.6514392159997744
0.24835460811616297
0.3494887547662875
2.137415480970284
-0.4395601926384694
2.886369932207086
0.6990873463570384
-1.418086905143281
1.2115345937840825
-2.75237903353775
-3.202222475715588
4.503884063889592
-0.4529402166940561
1.2064888599515975
1.1382504768269948
-0.16060998530885479
0.22833506860175715
-0.203706145103685
-1.6283488836392233
1.7238425771303558
-0.9081185501725804
1.2333982499755627
1.3884702934893662
1.5432012829240742
-0.8003499050212869
1.7169344757152678
-1.0688196177364495
0.40033375899864176
1.64007962841715
-0.5939767632092877
-0.3138998579355662
-0.3956564885558364
0.22630766673838484
0.14305592326219713
2.136839153671648
-1.028491173825721
1.5241475855421174
-1.1910159969120642
1.723876148134973
-0.8704848760229595
-1.7890997431877875
-1.079695660338951
-3.7129185605074904
-4.868153898704071
-0.9163760837668494
-1.4312213107909006
0.6589284480023877
-6.746222706649673
1.0559063717654178
-0.3751658567916258
3.526436148028789
-2.1445808813141514
2.62410882801318
-7.988606782903796
1.306982863509146
-8.01477443462438
1.6853281943995784
-1.0060160176915325
0.6693486273569578
-8.643472978650305
0.10243085687120007
-5.028693935966731
0.10479132847519751
-0.3141746836829361
4.419933715741104
-1.3720239766735265
-0.2449790755469182
4.9421071603376845
0.6399104072421632
-2.2375550736265986
-1.4016991724241545
-0.17674471093430705
0.6491291603616396
-4.92940920979434
-1.0875269743653224
-4.618849492906222
-0.7393530042308276
-1.0348444804514143
-0.1415591502961178
-1.7823106745354202
-1.697196326686587
-0.2684597962845037
0.5107387319047195
-3.622212628492035
0.6105556616945114
-3.3962030756167354
-1.1053151639526613
1.3069077922220804
0.6631577540679859
-2.340524129062427
-0.524545418223723
4.901950378400502
-0.6867520836898414
2.824679657434064
0.6648416237045622
0.8930433255145815
2.2086978033582247
0.22597913914341344
0.20754595761840627
-3.7278256864959993
1.2789377973134834
0.008044640617235671
-1.1128149851322406
-3.25174557631998
0.7550507657431587
2.9134063520914335
-2.851401383697014
-2.9364858034035706
3.151628350114812
-0.21395779689888184
0.07373473224555166
-2.709047624235026
-1.8452115649001388
1.420912849747958
3.891536619842719
-1.0913131560406175
-3.1392750148653934
-6.602619680942454
1.1977020792659046
-3.233530644748271
-0.591436414456569
-1.5514157529225292
-0.7034190451188642
-3.4310152551213267
-6.311660476106039
-1.2054586081431902
-3.6325282917155444
1.460670951781984
-3.014818942907273
0.7926243262411835
0.13703431465161198
-0.5588581561042614
0.1399714787685407
-3.5821273116813708
1.0303049219438642
1.0582726626711676
-1.6317404949254637
-0.30916405890102494
1.2763958232540773
-2.9738423664873115
-1.612010589591588
0.4409215007652925
0.5396841620130884
0.5091302941957311
-1.0311681075318049
2.3686661406409466
-2.72537828844771
-1.553551341864189
-0.24877001861408593
1.5176305141543485
0.14732879820475156
-3.9785547122145637
0.5086936149831336
-1.899126549596087
1.7136833375967915
-1.8161258092352246
-3.6466780732198263
5.138815373541883
2.7943825671352474
-0.26044045674333116
-2.045390304082712
-0.8323958463754717
1.214375748282411
0.11832559780088926
-0.07419202946611554
-2.9701085023530407
-1.9365976882768257
0.023563332092799812
-0.2609666228296271
-3.4515180746253464
1.7294941136206206
-17.220180338900576
-6.2858643907009
0.43091934703634704
-5.9242474293664875
-6.535911313444652
3.8406116170982756
-12.06886123304068
-2.3890786926769723
-3.2564422284656587
-5.640534310483778
