-0.5420956275603156
-1.84697055928056
-0.6193307671786887
1.150886674458224
-0.39617576430238394
-0.5696088017605156
-0.5892072439805736
-1.3473288915226203
0.927728416046464
-0.40954205992587217
0.9994067461717036
-0.6898972199244093
0.592907176951675
2.5410258893513995
0.4370749783974994
-1.5113704209136054
-1.887625240694587
-1.05118472810621
0.24105047368201984
-1.4105339121561742
-0.5722198860626501
1.133701391681527
0.14423871345985073
-0.9921469948621008
-1.502582595743375
-0.13445268502906121
1.5847173449944914
-0.38625938495087125
0.8856281588528476
-0.16542404130068178
-2.194489232839534
-0.4652320931838181
-1.3664643209710845
1.952019570188162
-0.6633293027019829
-0.5951862866754191
1.0442042142134316
-0.709357428959883
-0.8574961462646875
1.4652322885663975
-2.271422833029076
-1.9166370362032805
-1.1137274018674521
-2.8894757405559477
1.4530816175643728
-0.5695201272357784
2.399491740428449
0.004372544886799984
-0.7886154886856462
0.6028751848806424
0.5591679912322602
-0.3738587089561653
-0.18339692436595795
-0.6525358000991144
-0.8611261015503017
1.5709234036864501
0.23376607196333546
-0.5475617977367025
-0.2753128328464911
1.244598459537934
1.18148171758293
-1.5507741557731396
-2.5021306196021222
-0.4405532724523523
-0.4563514495617396
0.08443104687419467
-0.9863196926011195
1.5046277125273768
-0.5844555855801701
0.1119819804396334
-2.3666252306362914
-0.3596682684884164
0.23336654155901823
1.8023572396900707
-0.08641737163363736
-0.9350162632839832
2.637480917857162
-0.9794244737866666
-0.1730649199153003
-0.46814665454308646
0.6220780351959799
0.44770260931163497
1.3090988386689129
-0.33277369748622004
0.30440983945871514
-1.7422766572603379
-0.9157021335534296
1.487919986569798
-3.098484159645951
3.1141998519091842
-0.2895571024687868
-2.6021927707650487
-0.24226680270205958
0.4965523298883985
-1.5076392008452313
-0.4894699119400803
-0.11807032986958912
-0.9372237631903747
3.859664389378593
3.318672158510567
1.0080758637179235
-0.9594389697709181
0.6585421708636785
-2.0879689455052755
-0.2003205425217946
-1.3426708589466478
-3.019376432031633
-0.8416831337367313
0.9337327997442527
-1.487755966933007
-1.62410462964102
1.9340478418847233
0.18685552999639815
0.2932791961767067
-0.15454344075591542
-0.16524279247042986
0.5842474981215212
2.5810820560126904
-0.8406956290394206
0.7399049966911571
1.0668280255071052
-0.07770765347802003
-1.0675188230345733
-0.7646893115096752
-2.5008941758088605
0.6043134773472163
0.17115614435579304
0.9141225407767836
0.1099578937042802
-1.4894276262317654
-0.47783052122274416
-0.8116083232834068
-1.5675135353837988
1.1296135961027953
1.5803871013958766
-1.193386433476408
-1.3608514939745744
-1.469974023313758
0.3908331801542243
-1.265847646972406
-0.37262473759237663
1.9114946626007814
0.6338284117946734
1.101912861152462
-0.3905644504385818
0.43629439654484997
3.692203661656714
-0.06984986360133592
0.05156138639516845
-0.11636928072912713
0.1896539115324184
-1.858141477658
-0.8388955636395832
0.5849808077910107
-0.44280844714163475
-0.42859977736055244
0.3024780568834361
0.34717896791896796
-1.0982348975906644
0.2761442699463334
-1.3763820871982264
1.2465300090083955
1.1503962726992287
0.8717349993854547
-1.5096243158634821
-0.0030688631455303866
-0.31184541329004173
1.7599032777310242
-0.9397570284570496
-0.09887276123698728
-0.05601473465527502
-0.415772899769178
0.31112997848947344
0.2271214447534256
-0.7342045744204801
-3.597082004629846
-0.6652762736955998
-1.3940284595906351
0.17381116095830532
0.13880865598550157
1.045569671892565
0.5210149416044086
2.2288075012448885
-2.0360121191627085
-0.4583157211630727
-2.3907907399337587
0.13972762425450505
-0.7962453207842541
0.990099704823731
2.3736399574858393
1.60272354889789
1.6546304258040736
0.36692076800466694
0.4543571096966149
-0.09146234205933847
-2.4263749677968125
-1.823039439397184
0.1507494517367132
-1.4104037618202074
-0.6220119310679152
0.056765856520109376
1.9446921141167413
-0.4914499271543484
0.18750307100861935
-1.796521280346824
1.27571853210645
-0.6072583688816641
-0.8514024093433081
1.0122923148346505
-1.1294076545599534
-0.8682339018237468
-0.5663916830514921
0.42033090594739475
-0.47589552543906133
0.3515141759322155
-0.8150820197071155
0.05376566604530596
-0.3024164333411095
-1.3686380420286972
1.9401236251985623
-0.2013378276966496
-1.1502003883085257
-0.547485638467121
0.16609832690011742
1.6975679752902038
-1.4802965217108628
-0.3773390480821008
-0.11726850348895622
1.9744264417760957
-0.8022615554528854
-0.7825394476375073
-1.127561346540722
0.500776926533278
-1.296358951850829
-1.4295145975050096
1.9302393887129268
-0.31266347079629275
1.189543819353406
0.1914672888421956
-1.126191995548455
-0.2603362644723036
0.655865843821
0.24255582188138225
0.36423143162881566
-1.5486823876074554
-1.0060481619838222
-1.1301269246539474
-1.658278144599862
-0.8093888313551995
-1.7579826733989632
-0.8162715974933602
-2.2834975286304
0.7809968945853211
-0.48822662623748
-0.5724485927369586
-0.8591806594478664
-0.9148206221876887
-1.4816044424801438
-1.8505922063303162
1.243849669913309
0.1545166940746699
1.8441223433540848
0.2679556214487835
-2.392680227784253
-0.7521334939905515
0.9771147547321276
-1.4487462110301628
-0.5100094070795539
0.8417408548840594
-0.1793807307596627
-0.7748447723594567
0.3038533505522772
-0.750170774741665
1.2736706790322823
2.408855652261961
-0.9188286738545928
-0.6785363497383134
-0.8770607954981927
-1.552033967413092
-1.978092558780342
-1.8602831471421502
-2.733210545653747
-1.3145393394061746
-1.1623251346051542
-0.5346930702006597
-0.45435440444630604
1.213234823575166
0.2722548011305939
-1.9223642877953857
0.16704289329698466
1.1691626371755592
-0.10865043994426846
-0.5125409442619016
1.079406808468633
-1.2340231624076752
1.1500729239833547
-0.5055735881832109
1.7208751068385544
0.1445992489195869
2.956788964286326
-0.37998596940555107
-0.48714261909085504
-1.38727673220423
1.2037912697624789
-1.7787292341501564
-3.0266098752016135
-0.4472965045935496
-0.7344246827780199
-1.1495552740030466
-1.617730212818144
0.12280330080493583
0.6066470695253846
1.6264711530754794
-0.17610480300492742
1.6952348143455762
2.3081765492842066
0.6155858297024922
-1.5326310979212014
-1.6126548005692085
-0.4344490567655864
-1.0379123965372166
-0.6990448131764982
-0.44973342943910954
-0.8778940098010851
-1.229976476155157
-0.4543181957837662
0.030674298697386013
0.3928207904052424
0.15838207638222176
-1.5246972900699787
