-2.4477264283233557
-1.3214354570467113
-3.0848802892975624
-0.43217679678018334
0.4498366576880776
0.7864867324558303
0.9288200060384204
0.18964502687290757
0.9181591329874992
1.9091852010159052
-0.13291786787425106
2.2252733792064423
0.6427834827464648
-0.0923474535356519
-2.144634497266895
1.1091046367947834
0.22951731725298025
0.559309932302695
-2.3143391322208076
3.659081543129954
-2.0832206800333846
-0.6756378835396964
-2.5260694997507938
-1.085772549227042
-0.14983497677893662
-0.38662907405269503
-2.8298587567155002
-1.1697431490940198
1.2077090234390813
-0.6273438332786101
3.1452621719620617
-1.3547814992424785
1.5599177398739625
-0.4394274658008796
1.2294557874535539
-1.2606293061541014
0.5963397628429014
-0.5398380515085613
0.7002192205872035
2.2103772605235736
0.08795980263261761
-0.9379089893835767
0.6715557825048201
-0.9077372068104593
2.6394226745641207
-1.4599010401551102
0.711019631029983
1.5529655181772277
-1.5556594692277756
-0.2998002777393676
-2.8984288916228538
1.9136043862030894
0.943566416290109
-1.0757265856576943
-3.0256271083300037
-1.577961454777798
0.18308800252326304
1.4189438662843394
3.6009016557893725
-2.191455019355343
-1.468934498166134
2.4162381799507755
-1.9558882066895174
-0.8972389504668624
-3.4175623752090423
2.715039200623865
0.8955770604010999
-1.064997831590291
-0.7149895153073482
0.08392306092572775
-1.0784553849471505
-2.1668912507688805
-1.209132340085584
-2.505115917404153
1.8506609388376374
-1.1126894092506094
-2.101426929786877
0.2699685564287998
-2.44133403403525
2.4573640227496845
-3.752609877893797
3.7141233289021374
2.094129294802543
-0.9770098191238777
0.09225894592915342
-1.2083797361544633
1.6104420105377921
-2.8936949423723126
-0.6842275782115412
-0.2755231551748896
0.7279478564133107
0.22128453940932807
-0.8863612453708375
3.0285060140261137
-0.5033724697441252
-1.9166261856510918
-1.6965361569200774
0.23013782534429666
3.1967483938351093
-1.8469583188852374
0.19302450184180858
1.2744697313114128
-1.9886938923918027
-1.1327890132703367
-0.7356163777967093
2.163697435346409
-5.772586987029279
1.1889331184334153
1.0256968651664533
-3.378157217028858
2.69841877302245
1.2342192512533983
-1.0113292330972776
-1.6626567611464784
0.7831222092182681
-2.2993820591651772
0.8019306835610821
0.8345486830598186
0.8073021748488881
1.1054389855013804
-0.561581284347795
-0.8757486933533262
-2.4935969852265565
-2.322156946456313
-1.8403534152731686
-1.4967005277537064
1.6183240417466478
0.23188947255734363
3.252217162691638
-0.2065715041660994
-4.219627606632421
-1.3581925308301268
0.8335003006009751
-0.5432150813455282
-0.6668466881093178
-0.142229790941814
-3.4309944804875867
-0.03746021646632285
-1.5947979503275729
-3.3853058866693844
-1.2488636013922048
-0.42806613883803835
-2.7195099601576476
0.5516570116911456
0.9825434259149384
-2.830356479578283
-0.7066082095898077
-0.7144126936715162
-4.279399929363199
-2.8329435640372167
1.3976861311374185
2.2947416539202736
0.510899787842799
0.7324951996514998
1.2195836187109694
2.095445652385906
-2.7427020344101583
-2.5150035836995714
-2.9508067216816545
1.3664435342034678
-3.3479918466700265
1.2499370861304366
1.7137282739552715
-1.0658399649940844
0.08592484926687798
-0.730560859547122
-0.18728086669492694
1.2437924083362322
0.13973867047523694
1.7805064992789226
1.711135832562466
-3.7260705500743874
-0.1748210617763544
0.7797868143960933
1.258488657781569
-1.8203927366182298
-1.1183809607281863
-1.979500738833719
0.05825936366329148
-1.5943129408922299
-3.2169092337558736
2.707931193506442
-3.9707800975289844
-1.5401784545499697
0.16777572024536466
-0.67265261117612
-1.6760304800613672
0.0046052265692824645
-0.6637303661830626
1.2440407024868785
-1.7686908356215454
1.1025334623715952
2.1672691312916825
-4.634721382806964
2.1885383197434964
-1.3397274101796248
0.390509519084199
0.8110383494984263
-2.1019441987159304
-1.6427741665144513
1.1720483700681348
1.2477777857710317
2.8591803148727672
-0.8665390894106644
0.5553498785591067
-1.652751019758957
-3.4150223490400498
-0.35722672764315677
-0.2424875055423846
0.48083595373854826
1.6301452107059213
-2.4163308559778662
2.844485098151561
-0.18588193769092332
0.4151070862894113
0.6207531022671056
3.393215219367367
0.5600943606231886
-2.208852388461272
-2.566648519606292
-0.3784834756671451
-3.3650585241898794
-1.460748854214031
-1.2613259147972213
0.2158666995095891
-0.20225471481831522
0.9791288327537383
-0.9872432911782237
-1.0655757912759747
-0.8107446577706466
0.8339072564079967
2.778639050298362
0.9008434884562067
-2.3097673808101677
-5.1260471189979215
0.5848569651209617
-1.0713021716123454
-0.2318338890666643
-0.7677262067995732
-2.761994495284397
-2.483775797399712
-0.3258807727517188
-0.5672642799175003
0.029597776162935775
1.2601284184255777
2.2999612275906856
1.7576530434864917
1.0594032148249541
-0.4033120789876709
1.100632166375882
1.541040655368275
-0.727772432661166
5.613422432957354
-1.2471661496270166
0.8158848822749882
-1.8490491867036611
1.044081816269507
0.9917349143227395
-2.006723820036215
-0.06534937683219454
1.3558575172911653
0.7259838089128768
1.1344714893601828
-0.287043136967326
-0.9073810427051138
-3.954437235944767
1.1266130961013832
3.0672023867975233
-2.7115104840265336
-3.5961948975271985
2.83095975842804
2.1891425331604086
-0.7039572507580156
-1.3801387205162325
0.9911555149815086
-2.2185635145779914
-0.08870705145426366
-2.5292479848648033
-2.713352367791181
0.5072295980517197
1.230933149989751
0.8096024786198968
-4.080752947495712
1.171630274728415
0.6957394415473116
0.7754810397353575
-1.3586524722513322
-0.9343426546801296
0.9302470354080695
1.5746144434263725
-2.805239569615421
-2.237232996192601
0.04072239591960323
0.9922262307365184
-0.1177844352218786
-2.858632100515296
-0.6365754597822906
1.8097265395583602
1.433379472468879
-1.4825739705398993
-1.0698299539077685
-2.6183116738639374
3.187089895686248
-4.162858631538478
-0.22894505145968982
-2.48114796330987
0.7889498789346407
-1.6077163518748359
1.9847575445724897
-0.954894653859253
0.7349739007236893
-3.65924027882009
0.0984256836241392
1.6069257133241965
2.3397818238163297
-1.1455375128976113
-2.368429445835501
1.6600590923133403
2.4432519904165315
-1.5063211055693373
-0.0525592363002786
-1.8013861174443278
-1.3354045187780061
-1.535510482369939
0.06633693385251126
0.4762398367935672
-0.7997615939659651
0.5287573635255401
-0.7951322169958793
-1.0460398198460816
