-2.206860528839406
4.498598766049199
-3.4843731520170063
2.93567034547378
-1.3398110972199797
2.917350715801323
-0.09846222050171778
4.405415358514835
-5.028999479759367
-7.571868832442823
1.9326437161107752
-8.142945359588781
-1.3221504246983011
2.1470824628371927
0.11981901995015559
-0.7818563137457917
1.433332558878789
1.8836389195395753
-3.8064789466713913
0.2896021956859303
-0.46859864280672775
-0.18217067188571173
1.0330748934498746
2.8110302634143562
-2.7000537531676985
-2.570545520520099
0.075372052364943
-1.855749430386428
1.458652556182149
-0.4907618255633173
0.06030432391634531
-0.7116303061676598
2.088817831299589
-4.5704988085180585
2.760489377127746
-0.04566807711126769
1.7689604682888649
0.023939202503617463
-0.18698978660986126
-2.6956430459992404
-1.446606419355985
3.618623503666979
1.634359124746006
0.3894958887519039
-2.6241721432835057
-0.25594823049899595
0.1417501019379326
0.2446304957830974
-0.32826958202237544
-0.6370398880356368
0.15232160942416803
0.011748716969925676
0.6199212533954659
0.04327803646824919
-2.2383333075376277
-0.9885044437371602
-1.3750134453422589
1.0561008418194586
2.0518153634509426
2.165083379653293
1.8596576397529243
0.7909519874910158
-0.09567887942906073
2.17043541136257
-0.6546886156485323
4.014681591712611
0.41239745480633233
0.5990761864435555
-1.1830005031015955
0.43482661466086553
0.24848213223024976
-3.55091531443862
-1.2774706639599407
0.8368110953377221
-1.6907235127172104
1.1142625312858745
-0.797064307054885
-2.4529500925017307
0.3124009837007642
1.4672544019436298
0.2929647475377512
1.2505925124966597
-0.81103071633527
-0.2803705997362464
0.4596283610855494
0.2535232363683323
2.4790070410945786
-1.9474263692916538
2.9657291584483163
-0.8531234527461007
-1.7307182433300115
1.6679324215038058
2.7451046061270845
1.6310686101496943
0.17342038322285344
1.1126593405715823
1.2538863277585437
-0.9932919229515151
1.5332665819412774
0.911144621807906
1.2143924150335448
-0.3575873193433069
-0.23942886531353172
2.8766578882564935
1.059726819100078
-1.5838022410376171
-0.17286326338075544
0.45101202975701904
1.9276522633768354
1.0794416362798982
0.055907248280927316
-3.732290559879751
1.4252945098771657
0.5832567005053251
1.1693811652862278
0.18574542460802948
-2.1970601466361224
0.33506146112377944
1.1204570652908004
-0.353268385350581
2.68392795732112
0.3601281092017332
-0.7048195201647841
2.34403648700292
0.6267968689205792
0.16116876320440296
-0.3085836451598191
1.2767479574070555
-2.516708862774344
0.45450016782451647
-0.35144710720226546
0.062116709479378744
2.313242704869118
-0.11572325482774097
-0.16938152438236526
-0.9578088366146121
1.5724038169409027
-0.024862212235795773
-0.34125398405041196
-2.109033227369305
1.3318609071436012
-1.0503354999955805
0.02019785284382021
2.0762999426737982
-4.229059370749139
-2.2620428566803
-0.7451034544101991
0.22460723781487762
-2.0655155174727104
0.32150561968257096
1.9191020493486253
-1.77742466484807
-1.8835499242480207
0.9420218819934943
-2.370290834383916
-0.5060931019368141
-1.704526906920037
-2.3263758745818532
0.09037379745371224
-2.4557660821383456
-0.9276046517716862
-1.0559431025926855
-0.33117214538105577
-0.9730580508434524
-1.6089440130484443
-0.34607022054438463
0.32897613005423954
-0.6380792945135852
-0.6664671205834172
-2.0607499552241735
1.591571048762347
0.6667233353917036
1.1867114035932584
0.058831074182607745
-0.001873465169082609
1.6965215375793976
2.507862176490478
-0.3757013652972524
-0.4276656076228472
0.33514964005480785
1.007464562940078
0.27191684998808197
-2.4222165817199977
-0.4850830213845785
-0.8352293568790071
-0.9994017799487226
1.1810255608223104
1.1473153799213829
-1.3625069395152436
-2.7402997217283267
0.25151033552480234
-1.9480917009933159
2.95094021177219
0.7724205009275212
0.6927182454449767
-0.48695761853790626
-0.30943902239651644
-4.0863164675728205
0.14365024324012746
-0.9941591366894452
-2.774726448155228
1.40921340973871
-1.4042957665253537
-3.37659618930629
-4.72971204822903
-1.0509055232008773
0.22903281365026595
-4.191023588057892
-0.34097630320762934
4.410432452514148
-6.783122005210571
0.33293664749714724
-0.5279073022812742
0.2652955215210144
2.479994190268457
2.284130210366533
-2.0763654048333415
-1.819316270538286
-0.6129537421015092
-0.17206687123403905
-2.8303667570944078
0.8945096244289448
0.2699449984201368
-3.2423794329344386
1.6464634437442394
2.1796837800108384
-2.0367674659749575
0.6061705801840487
-1.2599149911235927
2.4217122848700336
0.26246518127759794
2.4755579338864706
-0.18630671854843375
-0.5231963640578361
-2.4515615757822844
-0.8342470081392948
-3.446638939019121
-1.0222411776575087
-0.08575179221220383
-1.6620349509541812
-6.029707058765377
-1.0734197406222459
0.8834636128903574
-0.4622061929418907
0.06503256880641987
0.2867885450129641
-2.1761559253885228
2.059399410723683
2.0382319928405304
2.2172001442807368
-1.5910377939059297
-0.3649504590652661
0.2880627235244845
0.23428242596593163
0.18137892184724103
0.3708007771509311
-1.2076865963400092
-2.362011009341324
-0.8216719936714361
-1.6743909780641602
-1.103542750410986
-0.22650028909787165
-0.19121490966946533
-0.06886991240818949
-1.2924420127495682
-2.16968527585539
0.5618581057973278
-2.0572753376814297
-0.7700061926737337
3.894838462546601
-0.4582077618521687
-1.7452690697029627
-0.871130905278786
1.782135795691613
0.04651566802196053
0.2114321289851034
-1.3638715573593903
-0.005429238232143391
1.6931104988986956
-2.440572506312278
0.6350740709154227
-0.5518617394031683
0.26842887286839173
-1.2775580208975674
0.48502674272452795
2.74208475311237
0.2603870806541339
-0.262676649510619
0.021572819112838097
-1.096212802219095
-3.7594461351761916
-0.991878552076614
0.3106761864669568
-1.7268795921926003
-0.09830834772138596
3.1133992454652524
0.831283662607067
0.08002329677691716
1.782583541480562
-1.7402656680657114
0.8168161728638539
-1.7276239960621251
0.2845647135677134
-2.1520788596811284
-0.7207757008984901
-1.0109434272220652
0.5821310762368005
0.270679807947717
-1.5987478225642813
-0.18990346568121924
-0.29842995074759643
0.1543338572272844
-1.4991149521266145
-1.6569008883253287
-1.0386068648031401
-0.8327574762829547
-2.619431091012932
2.850511638784623
0.07351865408360804
3.1508649147463346
-15.02878619153089
-9.169974104496305
-11.230580643480353
-14.630475370004145
-0.04614122755143857
1.313738870274676
-10.653162110655256
-8.378633897023626
-6.342089430922765
-5.751306578629144
