1.8234905417093126
-0.7414633277132285
1.5122573543957507
2.3213010658558852
1.0246712679157437
-0.39434619238919366
-0.4505593863344213
0.5269021645250874
-1.3689614896395856
-0.419002977632117
-1.4690957981563912
0.9959573464746618
-0.3936964934733478
0.2697844719632302
-1.4751988995890977
-0.8677567495912726
2.7869948991568863
-0.3403049535439252
-0.8911853409922362
-0.9833191807251883
0.313419012019587
0.2774743179483283
-0.7406803421954445
-0.4036235377158923
-0.3644837957181204
0.935641661006534
-0.860281774917097
-1.010599971094487
-1.4604855368578649
-0.2659906613820715
-0.33788488685940976
0.4409413934824731
0.5660774202670136
0.6513944750370965
1.041266356363141
-0.40716414384619715
-1.038978745167605
1.1518867976983975
0.43507137278126107
-1.499224491773479
0.5388321995565944
0.2352734230520673
-1.1524051311372103
0.5115518641470469
0.7019138725411039
0.23433745279897011
-0.20378258491690954
1.9872076121210684
-1.4478531401582546
-0.47668269876976854
0.42610664512049984
-0.6429103251823105
0.22660030325088415
1.1170931404806077
-1.7225649950370308
-1.1122511007002567
-1.5758321253056975
-0.8279737247687022
0.44396469019116036
-0.6651803651490112
1.2572827571354062
0.8706709472351941
-0.06016418369866539
-0.8036814915149216
0.5336731195792065
-0.7041638221091309
1.316364280403226
2.3764556043947573
0.6742899386409847
0.667083176470257
1.3710243633807115
-0.2600801912509389
0.42758826980379744
-0.0028088365506447814
0.8600256174039516
-1.1289046434289849
-0.21011848997067756
0.8495926575351199
1.6211394189328407
-0.1776712785551852
0.3528633105277352
-1.4073764852887574
0.13264297643872108
0.500039988484541
0.21993536041764744
1.3680047451991282
1.2093956535429906
-1.0842847093924406
0.7000536141825388
1.0405304489154825
0.5138839731777621
-0.037621826131822265
-0.8682397970077346
-0.6676523250196195
-0.8973033145727393
0.5168696423647885
-0.35786152816494987
-1.0497686133580637
-2.5366958496071295
-1.0747987448871392
0.7052665607951739
0.8125149847512164
0.4231423417869676
-0.9545540168385647
-2.4298382255754967
-0.030567114264576537
-0.8144872724359996
-0.7665585395521376
0.6136608446308409
0.9388088306159851
-1.025384853760406
0.4065047448920607
-0.3853226864191141
0.0960872160237681
1.6644250928253357
-0.4417131418486533
-1.6595177652838131
-0.20484473343221318
2.3498815911153677
-0.8534238628232605
-0.5532331937779761
0.5872669415856933
1.6056773300343532
-0.08819285499880662
1.1251148470929915
-0.13283274748100055
-0.7405405766368476
0.2936553832030845
-2.415528289747403
-0.4316270253146867
0.3750210759500354
0.6158391035955859
0.3218065810355622
0.7509283351693921
-0.6026684033910057
-0.9878715451772405
0.014806925471119158
0.38289756411896914
1.0225369805186764
-0.6303827033964854
1.0057359149189031
-1.4319848099462793
-0.8924063268859733
-0.60726540548437
0.3626947272792167
-1.03714456312597
-1.833885860701712
1.8366976588134132
1.565768296215841
0.008462950448020775
0.9729228333729933
-0.46920599640439575
1.1586194869132984
1.0044595549228166
-0.4685464126962361
-0.30414135511497664
0.4037708239113769
1.5714239315497527
0.5103111341448449
0.9263521422039585
-0.8309471395052691
-0.21693386113109117
0.6107191279188202
0.05506614540329129
0.6633126293784652
-2.2077612868537955
-1.1330736676514053
-0.12390655767353673
-1.067899513688895
1.7054632608307816
-0.20657152362525466
-1.4646531164646994
0.8252655895807198
0.3336343301192892
-1.7883698776566153
-0.5925808219010227
-0.9989430339515427
-0.5115093139461837
-0.24574214931330823
0.599324999734201
1.2243371936478895
-0.3532746657983922
0.04352576644274333
1.71994664716049
0.042342824797930535
-1.2589902350459208
-0.040265462927332844
-1.215205745612483
0.5701915966247054
0.6157913222128656
0.19233117372640862
-1.4680599289858132
-0.055240951968207795
0.7925718221659077
-0.8154900354147143
0.25022836333495174
-1.3871498855777327
-1.1785120167450251
-1.0092807039045797
-0.8717108161486038
-0.15072362082221716
0.7953575360888419
-1.1868538231008428
-1.9089475766343613
1.3360773510428101
-0.8353882250418859
1.700712572495629
-0.4670914822988
-0.6356149579310862
0.313880978275167
-0.04429659862012901
0.012273572664337725
0.7157644916867915
0.06582189362606478
-1.5131921140884694
1.9097284398874017
1.5067100233657407
-0.8676810410747939
0.4728394309563934
-1.6754628089263164
0.7415200476977043
-0.3805311123784445
0.030054801359964273
0.42385240476238384
0.5729624044290179
-1.0986507001274204
1.318319803542773
-0.6124526652306452
-0.7341026869111026
1.5642426698951777
0.033301144279503044
1.3855099849397094
-1.1860391789511808
1.1227994141594024
1.5239240200334772
-0.5204508349157567
-1.7380889772136037
-0.5789112157672479
-1.8085335399535605
-0.45050881300873963
0.7358130149642239
0.030294936395577694
-0.9496462976836078
0.5301151239359668
1.885463717518705
0.026675665485511514
0.5407812795197423
-0.7441630053798238
1.6429586463900085
-0.1594128543163075
0.1593318864585679
0.7644792487151253
0.08471585036011733
0.5408016231936974
0.9634480227778232
-0.23474032837477554
0.7997559932127071
-1.161568348301061
-0.294223391902197
1.752043149036561
0.8682002882304012
0.4965197073224103
-1.7301293414091146
-0.5277519292264544
-0.3990570434909042
1.7391218312622931
0.6834136865292476
-0.6335780942364941
-0.4122671215286978
0.059111659642301334
0.7032986198382074
0.02238515459885391
-0.4920268013904036
-1.6955483644882048
2.154111918700955
0.9053681816075408
0.12658897649033396
0.4142918242057196
-0.6527438205498889
-0.0067631802231186075
0.2153790133081357
0.44461132029467476
-2.4023649240270717
0.6060052939068299
0.7755837486509589
0.47690581602510823
-0.8567531788810225
-0.6432238223564762
-0.7693499012731456
1.1942280369546396
-0.05242042498399317
1.0568390988642826
-0.12161847700992684
0.16173387629028055
-0.4314742724942419
-0.42051427491060345
0.4004717691893539
1.260208079218229
2.0660370288076626
-1.2424656339872902
-0.7991570317013638
0.3513830381992466
-1.7468342272522683
-1.0214566481710954
0.21229230239649943
-1.3658771748908334
-0.18439910643768445
-0.6689533368960912
-0.6754736106047177
0.4447337761914262
-0.33927760948358665
1.5717841375142254
0.882052866605959
1.4097883767604096
1.922358907699988
0.6394926214234529
-0.3627807010857212
0.20940229046122005
-0.20580116110001476
0.8524994051803041
-0.828064329857085
-0.21669764568354924
0.5372155958136751
0.7908265472520428
-0.7561212144033626
0.03783547590453112
0.516836179925689
0.315785575723716
0.26420854028499163
-1.5574692588277508
1.3075174675591799
-0.48513259416188326
0.41354517168939053
1.8041145396189233
0.01612568854408655
-0.5726482367283244
-0.29503561899049496
1.1801826063877836
2.5655381212242983
-1.1379571506712318
-0.9094715474328285
-0.4763165353052975
-2.0241461222773145
-0.8660446968739376
0.7566636940517985
-0.8194551103895306
-0.46282542745061805
2.361864171053448
0.2506412724702468
-0.3024245880966167
-0.41354539000046797
0.051349452138063634
-0.5665720903896786
0.34237736501029753
0.1628319296020706
1.0217880191316648
-0.3967379413729283
-1.3664799939856995
0.679302558093617
0.6373871929718883
0.1868076385790436
-0.4321196315461498
1.0992961754915513
-0.8576934819592411
1.0581779934268922
-1.4299964589915621
0.08987533537264834
1.3366322635324257
0.7431280346729202
-0.24257945888396545
0.5676446679822745
0.5613108843182555
-0.5322850229466867
0.27904865226528053
-1.0470688658561547
-0.45952791037465945
-0.7633111305164948
-1.1545195557187353
1.149159705388198
0.3357004144450374
0.5703436848144631
-0.27292694144567164
-0.6100737892584573
0.8284846390692665
0.12080994010425393
0.4750857757821902
1.8882416408559457
0.6009394347496306
-0.582502516577751
0.27512385300864745
-1.0401093410604114
-0.10386942857855933
-1.3363554020117128
1.5491602142956846
0.4708003615591603
0.09893455013116201
-2.468986665440892
-1.327058425058954
0.8873861192410515
0.675043122208215
0.019949362569977765
-0.4104219987023149
0.44990485440837447
-1.8058646102075848
0.8739054012537392
0.5809221968246309
-1.1050048027145192
-0.007848103098208969
-0.4520546358492027
-0.25668815452893556
-0.3808276486578671
0.2110682058028925
-0.09679717297263404
0.5963689323583926
-0.20842233609713753
0.2771087634573307
1.1674628142296168
-0.16229740260500158
-0.6781480914957663
-0.6365094298174605
0.747226588848267
0.051738555200917184
-0.5883290316812656
0.12132874518755302
0.25522326959869646
-0.24087748054532493
-0.05145250583794156
0.09794589044724929
0.43636583559296477
0.45492284216928625
-0.3719264297738356
0.22979848328827399
0.5220388192037904
0.500374099409806
-0.06023128019023912
0.3899089681795689
-0.7295963392277289
-0.1446664729921976
0.6940326369557065
0.46159149009180966
-0.23859123341817506
-0.29426167447097656
-1.3826779068902393
0.30043283409748994
1.0755471742099914
0.8160180021754299
-0.7234963080799456
-1.1008998238232535
0.24961618344569175
1.3848464094242248
1.2839603840404112
-0.43210133682843044
0.011483717605594941
-1.4636391682582015
-0.9102788900545407
-1.3067521041662318
2.2105952169107135
-0.8792228610956203
0.7182457633991314
1.1294095238156787
-1.2112928294247596
-1.8508754598195318
0.18106611547243728
-0.8203244906515231
-0.32604591426284196
-0.08318283173275624
-0.3622721758223625
0.8717256409917622
0.3659776184507656
-0.3548037584425401
0.459476530805751
-0.22475445956752016
1.6493544809238927
-0.30750215285973515
0.6785881013104311
-0.4059891799222248
1.295066899252027
-0.21631791972693332
0.36489776016903513
0.2094764163067568
1.2208797769893696
-0.1928274738285432
-0.4243149963453485
3.114505281937505
0.43843392583650836
0.5714183445493629
-0.013672402761112475
1.242315133618771
-0.903992484248414
-0.7552142590865768
-1.3791981693357227
-0.6826918858624439
-1.2959474517202512
-1.4103976652121497
0.2301120522371591
1.240370983710492
-0.4505232593719056
-0.9226833015788523
-0.28103797031637745
1.2028569938827542
0.7574180366066857
0.4623749112072554
-0.32727378336610036
-0.043000948420947496
0.05580662994472686
0.35246883454364997
-0.21139405468718953
0.24984114810744784
-1.1057679023784697
-0.3651002506154429
-1.6197033472222573
-0.842394293822597
1.0151075917283603
-0.1776703839304561
2.0014072820506272
0.5699362183789733
0.17428643314664274
1.4998987489518576
0.18526617158785144
-1.758795998735075
-0.6733603191008551
-1.4891602484444852
2.2923005594825723
0.45662440078571653
0.8797595940554142
-0.1016995260205067
-0.9118544192940077
0.2820106635588284
-1.9474709989702548
-0.39323014676522483
0.36512829386185874
-2.4597557214763652
-0.6903042664454526
-2.1254079082191546
-0.12618349943533438
-0.1473047383616605
-1.3109993035126932
-1.578520015821959
0.06339246887940164
2.162651818461332
-1.5905984793052876
-0.8546499902561687
-3.1826154150828336
0.5959806282899375
-0.42901503238714533
-0.34409588816821235
0.26346120447492666
0.1968562156969616
-1.2121455597156268
-1.7939658453722052
0.16781906220928658
-0.2652264392086551
-0.8430890698641879
0.27348081618267095
0.634114433293071
-1.8367059744669405
-1.7067067589918323
-0.026269893137387743
-1.4744942668807959
0.4392427211140548
0.006969526243904063
0.3395880979751739
-2.5595069025219708
1.3248394196260693
-0.6012267195525709
0.6254921727236156
-0.4308314823900809
-0.37760222991632303
-0.5219624483150831
-0.9208034420141131
0.14338418944607126
0.25684880062257864
1.9934558010910919
-0.7725048691385032
0.49929897180399185
0.7123340924232449
-0.9967804459061129
-0.7440919053078499
-0.5304118690949626
0.2013105034229781
0.7960817022420993
2.675284105411422
1.0645374049683138
-1.0387956196965502
-0.18287858080881883
-0.8755855742264111
0.662115703560201
-2.62229276555815
1.5345793754219035
-0.20187463818383675
1.4348550079595843
-0.2781348445396038
0.6125776462203825
1.3618939106045322
-0.14357484547365085
1.9611942055393699
0.5529516943330135
0.16807797280496198
-0.43494327147051326
0.990848196204298
-1.2678868647499664
-0.8105162277757232
-0.44194220542772894
0.010005866100437187
0.10792915296045659
0.3436722591443276
0.8903864094416809
-1.9947071506596723
1.0762309149302673
-0.7985789283508492
-0.9976564366102157
0.36939122527125545
2.964439805553935
-0.1651516504073064
-1.8707336796266298
-0.5194713003655965
0.1970719156381753
-0.9312846807615947
0.07951659544951999
-0.21074408945252757
-0.8802500474822981
-1.935048746909993
-0.6220695900212821
-0.6936779369045256
0.2590154799411555
1.5181979434064414
0.2691887205108042
-1.5507238505111127
-0.4791079725838183
0.25954883094668707
1.4143672984497115
-0.1865003844733303
-1.0436619983193633
-1.031019811656362
0.6635017161284837
-1.2017427066867616
-1.6700945632274187
0.14505676827673186
-1.4429555418383875
0.6285152405577803
0.08681518115702701
0.1581139498781348
0.4483899555109998
0.08629615284833539
-0.5803436763320056
0.17531799207492593
-1.121299010570197
-0.30471863723559994
-2.2749164019612316
0.025366340626887453
0.6528254082816838
-1.1692007044605317
-0.6585301625465287
-2.017240647951141
-0.587240122384389
0.7811188507182929
1.0564772088729386
1.5765702109905027
-1.731179032430746
0.39559634006674116
-2.12381718036218
0.1541495933525915
0.09456560331038187
0.42750964992501417
-1.7991150117178785
-0.811867969758225
0.21227646539512543
0.6845020219821779
0.09148614431643778
0.606738162934921
-0.408412059671939
2.269401811527664
-0.1672519542607877
-0.051450255310300376
-0.5903401201966555
-0.05139583143655808
-0.7426384842768226
-0.3231945492160174
-0.7551994514596898
0.02653215698675543
0.6641162244537077
0.9988962755305424
-0.2870773430383661
-1.1105625585714411
0.44232714717196303
0.6133478371557963
0.5065335242882718
-0.39078582971560305
0.9761125097253384
-0.41599829409427236
-0.21442940409176248
1.6441000546761366
-1.368507085198279
1.2171328820022485
1.6035233927600905
-0.37582075711017854
-0.2712340737672684
1.648256836107544
-0.874086290784318
0.24323333454510365
1.499534650166151
0.11364359695084442
0.8511133402458345
1.4993384801653034
1.6878023511880427
-0.5285364948444198
0.7233367826529435
-1.5015443203714793
-0.5246700100901935
-1.4752865984547194
0.29778530765395966
0.33458840536560697
0.7180858962346965
-0.8132087290051788
-0.5441027787998413
0.34534387693488355
-1.1473358936248688
0.171653591524794
-1.7920598432150914
0.8559190967227412
0.48338246740313084
-0.5286500294955683
1.954422884793296
-0.9564372849839375
0.31868640398263853
-0.5331695931880973
-2.178159519850128
1.6676940984198134
0.2670426395514921
1.6566151362645138
-0.07419472490264158
-1.4001464248093929
1.1922901108784871
1.2962855753817397
0.07657540761532053
1.907166985790878
1.25342785342481
-1.0476849084149682
-2.1244679437547385
-1.4362605391618242
-1.4714044081917697
0.8727170257732211
-0.36936077928808536
-0.5186456617645674
0.9610465439941082
0.7669528055509136
-1.1711935061799077
1.6816702855454195
0.4103313446560677
-2.2498164931711724
-0.2686174134969731
0.28811428081398444
-1.012020051423486
-1.2267286378730726
0.21099909254362184
0.3888250515347891
-1.4926831480481524
1.8809806677464467
1.5168264306918549
1.7516998006349687
1.0392536056137238
-0.9152291629141808
0.272311407484096
-0.5523682082719202
0.1508413807194174
-0.7548128977185145
0.2472476821656105
-0.3374493948466579
-0.9554869586774946
-0.47477622579996404
0.7321794496790432
-1.3845190371632712
-0.5603107759706981
0.4429930372241468
-1.4341612197709508
-0.4899802143028486
0.013290737542474727
-1.6299859077328096
0.11133240965187917
0.04923928807550045
0.36591595261950344
-1.2368363115573395
-1.3659653209930294
-0.8255957266071767
0.16952451699863275
2.1418973779322634
0.44507422021427706
-1.857974759691788
-0.4239867741905367
-1.9227766585089763
0.7233439509744803
0.2966931140634809
0.12774920731309397
0.13773595624045618
0.6624971715412441
1.025853788282402
-2.57272620948512
-0.19658875402720027
0.12560810119761964
-0.6534149456988062
-0.9744666640700277
0.21448409230124763
1.9380368854021948
-2.3016893623814574
-1.2352750863757487
0.7778426427882822
2.222289924211579
-0.4872064078182561
-0.5075035902272169
-1.694431341531957
-0.6999220047320631
0.602555277342328
2.166580823104855
1.0580977529031235
0.31196363527594356
1.0147894372328585
-0.21196543357025777
-0.30576305248455077
-0.11616151113915617
1.0844306169056
0.26900702826722056
0.2558192836942437
0.3583937928977813
-1.6644261867133692
-1.7379877525734224
-0.2368929927015687
-0.08912660058043878
0.09196741508639071
-1.7930962920504268
0.4864023102271378
1.4510402623118221
0.04963935668924561
-0.49759158710997164
1.1521263162019824
0.0528895168974693
-1.0585309007093586
0.7548859713186473
0.12497414681195602
-0.691484390811921
-1.7314559242470735
0.7018854958196012
-0.2380206874565175
-2.026142316046161
1.3594585044293348
-0.2630958770077941
0.39119250449727905
0.8157552187040422
0.08402321930718105
-0.3884488849294258
0.30335256849876824
0.3028685587714592
-1.454271148994373
0.08566781749759401
-0.49497836679664214
0.13232397049364622
-1.8582081741580452
-0.7767329305861187
-0.44091758052865204
-0.14885104049041492
-2.1364617258386187
-0.9002114355735706
-0.6373039502485489
-1.7210411047480951
1.6425501254500796
-1.4837821511111293
-1.0997603769161324
-0.8200358382538121
1.0946291890883066
-0.35343630011963734
-0.5971902638222407
0.1048958408220998
-0.5989475918789602
-1.343127788616427
0.2832707001006035
-0.6745357436986729
-0.25445165621122406
-1.5444086016392211
0.14114208057973193
1.2818323212116751
0.13412153081528463
-1.749893483393284
-1.2092662018429479
0.39979456604892977
0.10000451406522545
-0.15544044497210543
-0.4392279820862389
-0.7870842659785021
0.5668686749007509
-1.6788733050735105
-0.9148523464041586
-0.16345722086951017
-0.23562370051415774
-0.402018694675314
1.4639726544489189
-1.190364162506389
0.21993007728332126
0.14380250872257969
0.968979655084008
1.5146424775644878
-0.7940136064949215
-0.10719178275884142
-0.6505415857228738
-0.11409110098463847
-0.6530568404558496
0.39488996019557215
0.19710190033513578
-0.7840209899034459
-1.2684151562911057
-0.3432912820859271
-0.0598289231851657
-1.0979128769097197
-0.11045544548282957
-1.1722180970436633
-0.3179816746999443
-0.7171867293056753
0.8915166520109786
-0.6493582768455693
0.2135585915841727
0.8723371744788156
-0.8910145081005534
0.9596384827992926
-0.33683956968114287
-0.06383702775404058
-0.16834394671827946
-1.433293065777845
-2.3572434141345444
-0.4045081713502247
-0.8568138360747762
0.10870365037402895
-1.3178273554159403
-0.018241778482596078
-0.607608223187981
-0.5806468576479614
-1.4143919981850235
-2.046515606114059
1.9721289816929617
0.9638933891148894
-1.9207325680695138
0.8574952771178053
0.3627594722474962
-2.42922165687241
-0.2771770628648915
0.036049684445225785
0.5598385791575541
-0.3988737662340816
0.1199867627198543
0.44027735236626825
1.175201589383674
0.4885562825643573
-0.6170166834909492
-0.0883288517056755
-1.1934547912073925
-0.2896381888357335
-1.2432545648971212
-0.5488626487365541
-0.6940451176100063
-0.6318007719809283
-0.3463211547125403
-0.5341800297121491
0.7697326977022746
-1.4702746292483393
-0.9581419420519615
-0.30263456643849024
0.09728474109728567
-0.5293817297350907
1.6625362817296128
-0.43364695739004067
-1.3314201502364431
0.5644907076367847
-0.9381948603321484
0.4186648846557386
1.0866337939380686
0.08815083633255164
0.4918927116098774
1.0475440990067737
2.5538302677379834
0.40656828467220724
1.8911751170868156
1.374871393561968
-0.9733811763061119
-0.9413304020448106
-1.7142708051589124
0.44895843801849483
1.2590544145088942
-0.5039620921816358
0.6005776092039254
-0.37924621787353013
1.2111288820861748
0.9413311990737672
0.31931954320895445
-0.11338301363814873
0.3324929941397709
0.24150419805064016
1.2479185373034416
-0.20651722987327154
0.016610902177884166
-1.2720401934339365
-0.2641952185200284
-2.0542964078510346
-0.11584847561162628
-1.373522050614482
1.761736206119179
-0.5436443606498012
2.1660146291313604
0.539486502411915
0.4908015960823177
-0.5368959894874659
-0.5735291942895502
-1.0622421352776534
0.44940821665921254
0.9051528858205984
-0.2978379858906129
0.12424898741561567
-1.030210869817755
1.171872108883613
-0.9532872142193736
1.3214561281257096
0.11976450065947646
1.209715793374941
-0.08794742709518777
0.9625693709067427
1.7092014520183465
1.8112305942967368
-0.6249840332641063
1.28284685145992
-1.1857441856048183
-0.05579732705294647
-0.546361203108728
-1.0837026005355421
-0.005773178948207817
-0.6916283227561821
0.48165610595106023
-1.1507660274377725
-0.36918570163850184
0.48225701539387306
1.5963077331581867
0.32449544406455305
-0.7855957681637173
0.49535284768254656
1.0981979109739335
0.2582956126754516
-0.6682849822659955
-0.11801387539704512
-1.0249523635001276
-0.657680077798318
-2.45127264205607
-1.5333708470165148
0.09453287328851946
1.3295487246168176
-0.29228389979827935
-0.8379646698774146
0.720101591282022
1.8433810405236244
1.102565805989491
-0.39716790523170414
0.4126961745435383
0.23909881830738489
0.22597916571125992
-0.39675239021231873
0.32351017034431717
1.0987578600460908
1.9589569892504908
0.5106420361414884
-0.2057335005655459
1.846756024064945
0.6082310280940302
0.2468274317704923
-0.049398207134328284
0.7551297183997405
1.0997232255495941
-0.7237874196762768
-0.9398360582317624
-1.210855682552344
0.6997364628323152
0.03172849328001118
-0.8587021502507204
-1.4891473555197021
-0.29170901424165513
0.11507514160661302
-0.09588174048968445
0.6331093107298852
0.2641965746472837
0.6667002799333082
-1.6842009815452932
-0.5639428363762449
-1.0760294184552377
0.9769166986575033
-0.3662795895956949
1.3398575224517153
1.5620302409589342
-1.4654433702331675
-1.3935445840040552
0.14791271549972673
0.1588909164792653
1.083669376830913
-0.7146457910543428
-1.1843470637861517
-1.6048214203646438
0.1850004599186984
-0.6225913412658453
1.3577376595582429
-0.31158051497687095
1.5938369896789983
1.4099393562258349
-0.9510684539790882
1.6867206390308298
-0.6455365121203699
0.4929365035467109
-0.38821436311242663
-0.43774742613105305
-1.4720705983294862
-0.7102945642761915
-0.7500014651872122
-0.9281945872595014
0.8905802624591184
1.0424643758088679
-0.3144713596046504
2.0765340964947216
0.9609240622884895
-0.6073248438737271
-0.18925339712355393
1.811140301122337
-2.5353898333987233
0.7955008062499346
-0.1515129743391782
-1.1466302574324703
0.7097057383315077
-0.3587196006406699
0.11876041058393065
-1.1151770871306708
-0.464583166940635
-0.8951701966973917
-1.490626347304345
0.051276224269863384
-0.7592531543347887
0.884275818196127
-0.3720469172985419
0.5573351071926926
-2.0409960055943865
0.4495563594896302
0.4431919147688475
-1.6049966037016663
-0.9976031946465124
0.4384158862112261
-0.041271258221035355
-1.1684062426602613
3.5251431681095853
-0.8503957988022555
0.9401124522743112
-0.6847184007917071
0.2062306700371424
0.5428603594260757
-0.5719665446829251
0.3025314874102644
0.8081404156041301
-0.23991055631592317
0.5941128037476526
0.3191251504411731
-0.6246881601344478
-0.8570797553740417
0.0878921714735441
-1.9860860687118556
0.20100216219885036
1.1378307170786566
-0.15309971420636764
1.083654862681243
-0.6499325692705695
0.800471498457481
1.7029302804854534
0.9644510198187312
-0.4579567008253776
0.6698200717988498
-0.907868114483215
2.385259585519131
0.3297456559989132
-0.9238550201564628
-0.020397515920594616
-0.10985154664988987
-0.09036497624065702
0.17132284277653634
0.7773896997596977
-2.8131412412851935
0.49100828416480613
2.1591230374796604
-0.22852109213516528
0.7142268611510082
-1.5813435850655115
-1.1248484401075358
0.2568932209751948
-3.165940163531052
-1.73230285795943
1.3873676650560094
0.3877395766952738
0.5255972679296343
-1.389400410694293
0.6323280988075219
-0.5662144674224147
-0.21174323852692378
-2.5118069272894403
-0.04552520391711013
2.0017836818904478
1.5166604340054357
0.5073561919776314
-0.7345287000455863
-1.0579437756506673
-1.1106891814597055
0.7931957099560839
0.9851959872824131
-0.34038521901182534
-0.7021903280952488
0.7331376631815301
0.04560531837479619
-0.49712570524690836
1.2965160335182975
-1.4438888825483216
-0.5036968537001321
-0.1879777535285429
1.1054656294554046
-0.4198458520639396
0.5869331305420381
-0.06577481745406498
-1.4007011656301804
0.7408289491053368
1.3411776356096936
-0.6965849025044661
0.4081940659303676
1.4862943733159282
-0.4447421632787582
-2.1451448032271645
0.8307409506142539
0.09228470924279639
-1.1482735335002103
-0.6297744715772525
1.8688204505017278
-1.3013347608021484
-0.7062225001193667
0.07582581279695112
-0.13704802618937093
0.41957848333413483
-0.4090853907960278
-1.4951297169875197
1.546356904276902
0.7740290866502403
-0.9828455619045907
0.18187610869016022
-0.15158042113217726
-0.8326049277908658
2.191601971411652
0.05813508050221496
0.2892461042343635
0.06105377102198719
-0.7968370064833401
0.9120820578629607
0.25253429633946933
-0.0029146127248335226
1.2258786027953987
0.8106248729165555
1.0283264832446666
-0.4181267843433109
0.35705110089594455
0.04208047943975407
-0.05322167995017769
0.2924102355855283
-1.9312671729019957
0.021736836866679026
-1.3091835936468434
-0.7316031477795053
0.4464541710814492
1.7575457183276397
-0.25479983857049343
-0.3882802523220096
0.8430296715968704
0.14611729014797656
2.0771675329036343
0.12170297931707941
0.04729344386398503
0.672272144034012
-0.6084534872016266
-0.3526128386159479
1.1940052344200702
0.5604715790381193
0.3949554236505976
-0.010848657590718992
0.3923897271804352
-0.523385009814856
-0.8890848478272486
-1.4758830154397609
-0.147250360686995
-1.176477615250793
-0.9703907926716039
0.19197269780108675
-0.5304338222989385
0.5099178798113113
0.15067503946928504
0.07319926126987163
0.9714228463836846
0.3604471738657923
0.5258797428073472
1.4314942066202854
0.3829399130435857
-1.2949896158976852
-1.6160532000035341
-0.6258575303117798
-0.43837248894402214
-0.3769998839215335
-1.2111563663053844
0.5384413064064054
1.6047599586806234
-0.45975975981643885
0.02078059917365316
-0.589049455379247
-0.29450799211104745
-1.8897022768351073
0.31142583856165224
-0.8438681782397027
-1.1624192408397043
-0.7687440669153273
0.008786509616387621
-0.7565833781900474
-0.8747504327628215
-0.7399431554232669
0.4720384176897683
0.46887426705397406
0.9817322615617563
-0.8283508742429991
-0.0390187584819657
2.122581189218348
1.1979443282717788
-0.39861972987021144
-0.4106825167110062
1.0343327676274257
-1.1512524314334902
-0.08903841430394613
-1.8616142880222613
0.41146785511821704
-1.2437749423117437
-1.2943000364361577
1.304864290578902
-2.049160756159141
0.3201706810825776
1.3422204239126259
-1.1041095528321285
-2.5790957026894135
1.7303866677395245
-1.8166712426754261
0.1657570320199807
-0.27243653897911674
-0.3006971541795689
0.7085757090267621
0.9155806101799548
1.0274942825570983
0.15229417671554427
-0.4766233165041494
-0.6585687684164181
1.9070564114401947
0.81255938566309
0.4794962262352256
-0.7100528581029357
-0.9201616537145788
-0.7404612805308605
0.24882696586810296
0.7891879994481154
0.05586342822091112
0.10030586299368031
-1.035890479287339
-0.08698707050209804
-0.23360485696060948
0.06339210619134751
-0.660680443939937
-0.7362014152513022
1.083371749477944
0.636399638842867
1.3043106113290663
-1.0039704531689417
-0.4467425261713786
-1.3595299616029843
0.4131098387477769
1.1947687712381985
-1.2784124110745938
0.2306219274878861
-1.7808362692955861
-1.640615632533913
2.0234355524454277
0.4913731018484866
-1.842366608229503
-1.221217968760901
0.2773809717730063
-0.37245344014939136
1.5673573027091006
1.0841596763696724
0.4694256839782818
0.30865943228845344
1.185472653028255
0.41810744723662674
0.33853700292880057
-1.4176795014074455
0.0022112943324168037
0.4229405326848747
-0.07231674248044871
0.10965732492649329
1.0070201649955188
1.844678690333152
-0.6098607171105186
0.23879327656491642
-1.1741488645923621
0.35251043983070157
0.36306247474354847
0.4254714428582908
-0.8562642564677081
0.7359585876510898
0.31745287391369326
0.7208238324316205
-1.8681247932913854
1.7381159353337965
-0.06000980476324406
1.5202078813919713
-0.7666597594057419
2.1624212370271088
-0.16569993573094569
0.4987864644329261
-0.4037676668275926
-3.204507947780679
0.5394570751312576
-1.2181180283171409
0.8924754546800598
-0.6839626863898153
-1.8875139456002894
-0.21005633678244903
-0.5217052009175114
-1.2086020596976808
-0.7870319354279603
-0.7317725038375867
0.568201272049447
0.17586156833610192
-0.7394830429322089
-1.0602122976958461
0.5501146534172174
-2.171052176057593
1.0640684939007847
-0.995655919841244
-2.027523847173275
-0.08962429568747504
-0.4265330337550751
-0.23545103306322665
-2.4821486038327287
-0.875847649431167
-0.90709442013205
0.7732429994007145
0.09697903039542942
0.39685255720280327
0.9612351891053809
-1.731058546963163
0.2230389664515913
-1.044480984938165
-0.21825313180202766
-0.5549285936514261
-0.7992000831338927
-1.1509973845411445
0.011891481332478974
0.6725002625908661
-0.49521735318437315
-2.0546859726643616
-0.9044944230865525
-0.4343284139585893
-0.5128547024882425
0.7312804084147276
-0.1486310010828264
0.111927748397177
1.257695461820748
0.5120169108872998
0.6594328804721921
1.0691727524025705
0.23779602887549728
0.5223462315190457
1.280421711571726
0.851888793031509
0.05361328877655805
-0.25458380755500853
1.9007251265929328
-1.0640189053777047
-1.2689316611382728
0.04850551504617709
-0.03852477854044465
1.3082760848690878
0.8417754291725309
-0.5642332744317206
0.2884239060882064
0.88581368367523
0.6396707125042771
0.7864309912320221
0.5534177143495406
1.0236652345023565
0.5246376766201206
-1.0245915810240245
-0.46061825743307055
-0.918021136475621
0.07846866737892305
-0.9837679190588107
-0.06281814164779587
2.87348043591148
1.4715069428410736
0.08101015943531396
-0.33792501544269565
0.33911093379895385
2.0451737281437787
0.6458561129172867
0.05772191769526337
-0.37125291270039457
0.3694539287880521
-2.3257743856956696
0.5295500462715536
0.3495540720010298
0.7693821614765207
0.5187767916867954
-0.24290641362007911
-0.42691251486073
0.6466076451602406
0.24391301470824397
-0.7418105140386526
0.9785408059938325
1.0687352660715912
-0.0798294159693805
0.9727118069042457
-0.2748868942226382
-0.941510976781756
1.7256625909451895
0.4056031044678318
0.7071634117300767
-2.024015962785173
-0.5383345213769586
0.2968922331439118
-0.6265633777838969
-0.6083527082045976
-0.6536252814060487
1.1166164955389606
0.8890208456717456
-0.3229552967004416
-0.4852180827879135
-0.09451057667431036
-1.8557954110864727
-0.8998080891203275
0.2430338534444048
-0.3398397117933596
0.06090294636245315
0.8975689320007637
0.6904612443752085
-0.33365247764234496
0.46165597598936303
1.8533851815745772
-1.7414234370635508
1.338907228691479
-2.206799479780518
-0.04383642610049456
1.223820844809697
1.7907797523947664
-0.5995800964339472
0.40142855627333823
-0.33188893955707194
1.44675856537273
-1.013956478288723
0.04112164947380622
-0.07480102799366282
-1.3339511185581934
0.39601425345129154
0.987632125283594
1.6080957995548157
-0.17954256044452085
-0.2099335664561305
0.8704521890625911
0.28610325737262976
-0.47294844195138463
0.48079710049175306
-0.18849070995437145
0.41964100630249895
-0.4193236878902721
-1.6836284937291999
-0.7768816658969153
1.3059119371675545
1.2681567653655246
-0.46198938359410013
-0.2548702045947242
1.0553110873775977
-0.7536177742685203
-0.8188861791147429
1.1585921237131405
0.19242627926979677
-0.8804584388202921
0.28844120335426054
-0.9381910380577297
-0.6275940442541197
-0.7847969071555835
0.3905610662236048
-0.8023605690890222
-1.9517334328885838
-1.3677257324723173
1.4848975364162702
0.6001267961162062
1.732587609035891
0.17483584663345747
-0.4501362188173828
0.9814781054774917
0.9876622527019991
1.1221449322655368
1.8295426990083035
-1.091097535556208
0.22866716032720957
-1.6106801975168372
-0.7691716395707027
0.9739846099972176
-0.6093473733885512
-0.4122192480126845
0.4154062743799389
1.120606578104185
-0.8537453476214343
2.334919862322065
0.4450830597007844
-0.6984879295788669
0.3358042953152258
-0.4620844218547916
1.2566698382882016
0.45174694979119234
-0.844867459868015
0.6616266632628601
1.2047134123216086
-0.5708916921099456
0.4495017450916627
1.9579320050583036
-0.3653085437651394
0.18248179614833443
1.5297954323812533
1.3374847871103333
0.37784736915046685
0.4212159204566584
0.05853791193899997
-1.6749228898116941
-1.4545666410719702
-0.8974564988447178
-1.5729036816214779
-1.0644568034279343
-1.5160983047178007
5.37265361198497E-4
-0.17070185090475998
0.6053810690927797
-0.5997530620984975
1.1181613778207216
-0.25627820087106995
1.2552935714344065
1.207057240290366
0.27704962024461494
0.3801903706532951
0.7285520924050802
-0.8817645755935919
0.20143155165959728
-0.0897124201108877
-0.9303407499712266
-1.3582667434434479
-0.7287694978642537
1.3151515125000843
0.4137740682540467
1.740489192183761
-1.6166842520203117
0.2633916327492216
1.0101721908551529
-1.101760535624531
-1.6686640562460202
-0.5935509200782938
-0.15666843758069524
-0.6602248782018862
-1.13153604910745
-2.091661463691127
-1.7537620147946773
0.7273655332624314
1.1326530757406161
0.7479377815421634
0.134308700244124
1.2685858651856066
0.6919876679143905
-1.3795989865504876
1.7431001824427008
-1.7234593025450424
-0.7682127445433851
0.08732089604325559
0.3126369274959724
1.5031844746657619
0.17835288745346278
0.4495336337540413
-0.15579282983365733
1.806112934306552
1.5153601853886207
-0.07562325756919183
-0.7264536831296422
-1.871292080766067
0.6226363379225934
1.728157912242822
2.420682361111771
-0.701326436299709
-0.05725778878862508
2.466400336327008
-0.7456337161689683
0.034660342998529076
-1.1526036974029865
0.9661930352258006
0.6740930949003722
-0.683643025680654
-1.9902806812596694
0.3124146698487524
-0.8533455612986282
-1.5854193499102862
-0.6277081577011571
-0.2149914442439553
0.967447052770285
0.16394442689239536
-0.9318447651816888
-0.49845574638553086
1.274754076790737
-0.9854759255376447
-2.896690638110522
-0.08999825816089332
-0.819986868015743
-1.1246517408747996
-1.167014175848341
1.1110843766178917
2.1079778356444523
-1.249874200037583
-0.2614298666660492
0.43336885622233096
0.13925691982829178
1.3181605838579595
-1.4966900320764354
0.011143540900903099
-0.49966041938998085
1.5398744704172473
-0.19656522469676146
-0.08345862730159295
-0.017098584452972992
0.008774707754262137
0.569740784333409
-1.1556392775508912
-0.4190009398899114
-0.4969624849568452
0.20300671139936535
-1.347104010005387
2.0506734685692978
0.01030848759266871
-0.4651110418230486
-2.191093990065663
0.5754022784109544
0.5107386130130016
0.582110644259593
0.7273397836557688
-0.8448408009491077
-0.2840336916951822
0.1696049540925222
1.4110199582672192
0.3290772509605772
-2.119602984840252
0.39652515169567076
0.21279583785439748
0.9871055188625631
-0.21528445024642962
-0.1332689317008739
-0.47730160588136483
-2.1659663156999804
0.4482584269010703
0.7118259568457462
-0.6971727744332868
0.7550862106606714
0.6446651317112442
0.07414743672199144
1.40687830777449
0.2270735194059373
0.7426613390253186
1.9155135677585724
-0.8773157935179638
2.0278546121740852
0.27451018497193663
0.8356553677275118
1.1898963409321346
-0.9354723677864605
0.3444198483256393
-2.3334128919287163
-0.2602820034460457
-2.0574405532925892
0.7023631906553137
-0.31795135872082525
1.1164155790384769
-0.05133665963581795
0.4301002682331733
-0.01416293771545999
-0.3810259359449974
-0.20178110120542012
0.046467792227277316
-1.2486202452800363
-1.841214162079923
-0.32586218454141463
1.3402654740028028
1.5899930068402626
0.8410205260328204
1.7260432943963324
-0.39122658849802877
-1.5495388400560641
1.2926262964664645
-2.112074373611037
-1.0101950017182473
-0.20122504420607698
0.8488095176841393
-0.10790786099411279
-0.2115436521311674
0.5389916051630815
0.6233080602132107
0.8099880795432659
-0.19487931031204037
1.0637184669349666
0.1282819483813469
-0.4007990655960482
-0.07717794047727826
1.5094847547994978
-0.8007955572058296
-0.4055588002568108
-0.48284862526644434
0.8082418331261078
1.8293907578267394
-0.7751001128689106
-1.8962332141814917
0.46785006064776335
-0.1463866356320153
-1.031589095226326
1.1055394305888122
-0.03195351120802544
-0.5143522298229976
0.16188687423286668
1.3607103520235235
0.86154063736394
1.2131254874124913
0.3285858001215762
-1.7105570049165832
-0.9940373191667133
0.8454622692931987
0.6262061335917314
-1.1688479677245085
0.45089242800519497
-0.9533062139549041
2.0800199410842652
-0.4712239180356149
-0.6051629739205928
0.22899057714759904
-0.8399820895497763
-1.681382397132399
-0.4835230820350467
-0.21099548520793626
-0.5702484177357499
1.100578796956719
-0.1295644234643901
0.4775114395868161
-0.2970610379048927
1.7282929225289063
-1.186547732143023
-0.18392569397680247
-0.4683861648826219
0.6207750441442941
-0.9478016190628246
0.32212546875968223
-0.06567307980985206
0.8675005412416553
0.6991279956348334
-0.5277478395545802
0.49376052081928434
-0.6888743057214473
-0.305813197049891
1.3372306256202504
-1.0838212482204315
0.019703694371026512
-1.4092537816085786
-0.028221534403347136
-1.2244127208649829
0.32581870834850746
-0.3995360159051391
2.1402172392931167
-0.8155924330240659
0.285926117054791
-0.6808860782326985
1.6092200632100142
-1.1146160818295792
0.7500504333900752
-0.38270080952369673
1.242379587435316
0.6122727911012016
0.15136771623061782
-0.9707807786141041
-1.4729210163654856
0.5389009234852751
-0.4276098637415252
-0.49423571666082194
-0.5289609676722964
-0.05636427452710742
-0.13192132507562615
0.06940746831004391
-0.13590392807386956
-0.6091920942125779
-1.3255615439408983
0.5711178138520323
1.491518208808412
0.7468834601290687
-2.24955637349771
0.0554435621707213
-0.6687292460182614
-0.1025837295865743
0.19395088453622988
-0.029600658864840933
-2.0165414473974113
0.3487496341261427
-0.8505477155540498
0.5733958092228995
1.7411087234803073
0.7754025882040155
0.9041595317746945
-1.4047151703636316
-1.2869905098158927
-0.1020663533403072
1.4366465898567193
-1.9020905176159892
-1.6290019053716889
1.843195316060482
-0.4933775001621165
-0.4294461506363447
0.3504054167610525
0.255311328323529
-0.576572416708256
0.5620344799686557
-0.5646168308688876
-1.25532531957123
-0.20250966085026165
1.419411226022813
0.7627123451076475
1.431161293890469
0.4668550106463977
-0.1609020297220608
-1.156876981996377
1.1536863485397078
0.8240171707869363
-0.5884832850129144
-0.6277638559208987
-1.119321495779083
1.27399685582492
-0.23477801368142012
0.09230240814866779
-0.257879796209256
0.1882227374539923
-0.4400657076560554
0.8740084475790371
3.05081580387406
1.297526846125399
0.29976700571079157
-1.6093742318613358
-0.667417460012351
0.3512187324573876
0.4623314131945185
0.7271314814517686
-1.850957920754999
-0.10998922318031608
-1.0994557530596756
-0.11588692629153566
-1.0654264652247372
0.3507869807798896
0.31435600401279734
0.5207083163311427
-1.560311607146892
-0.2112762611389087
0.3859822483099909
0.1858429835346043
1.4385714659474917
-0.691932157268318
-0.5712487854391087
0.20891619063892933
0.8836328107326558
1.4588750083473963
-0.7228584650856965
1.9707231137537649
-1.057407720496985
-1.2473225889384822
-2.1509540996223265E-4
2.5871054651582748
0.44289384759911316
0.3888382925837741
-1.0505471747227912
-1.4895760637756204
1.2962685573908477
-0.5034285833746858
0.44222559943241296
0.03079787563330005
1.1101543063176802
-0.36668538902080366
1.377244125356242
0.34596019556532215
-0.35238474615881377
-1.147909160310649
0.32430904791723253
0.8867499500017277
-1.1402336837069489
-1.4931890745662777
0.39546690936483986
-1.820429550300334
-2.2600152749874836
0.6053772367160967
0.6133463012258981
0.6617529339452878
-1.5311323655652447
0.8725456201499768
1.0452523445593211
0.6678380061416382
0.43579159775261395
1.0694187671073316
-1.7128470754315586
1.2142451926359796
-2.0842227124132937
2.484795408205162
1.7794029195124716
0.7910442205988283
-0.23515413255979073
0.7656951705533882
0.3123536559330678
-0.3312744867492075
0.5510273429140018
-0.583692871504748
2.111518780448236
-0.08058170820419043
-0.6168024365317598
-1.0077048077656114
-0.2276048028048736
-0.8551713298319922
-0.6292249236264894
-0.4168882351257315
-0.1262447460186295
-0.21629173519149764
-1.3635038915285274
0.797901020043066
-0.17377843204352209
1.2878056491667955
-2.2807945584107796
1.1422668924655819
-0.2704808069576467
-0.8683195580343289
1.8564448613866964
0.6690554196138797
-0.13004427778322158
-0.46058421803574584
-0.5235988869978384
-0.7411802227922761
-0.8558295298940163
0.10743177346005683
-0.46820107704442787
-1.2997306139641565
0.8926817673297028
0.998331102839887
0.8856842467010625
0.35250410111464414
-0.17328449459990006
0.12591761389993592
1.9614902632190987
1.4990596802807954
0.7211053788857874
-0.27974290473299757
-1.364649690278228
-1.708966028141891
-0.04625256753691035
0.3047661829720693
-0.4961587052001805
-1.0898539026818155
-1.7265220649174808
0.8220590458772588
1.0153067146573582
0.9215512645608055
0.7421176168941419
-0.7309979669898747
0.49445557008582897
-0.734896122186076
0.13103314362603632
-0.2778292671482381
-0.8259045655435696
0.18556459464857242
-1.7117496568708932
0.35938305884059224
0.34889109876406116
-1.4824029936668044
-1.6461199660984687
0.36857357123278794
-0.677467885491862
-0.8164514592585103
-0.8088424519785331
-0.991233069223876
0.25601582641218146
0.12368534438837933
0.049000470808224
-1.433055312878033
0.41585206114725887
-0.7076473056763698
0.0695728364435404
0.2581198151472736
0.14474179289098807
-1.3095312556954302
-1.1071928934816628
-0.026977484652607592
-1.9484953174115112
-0.6919606185590355
-0.611102611837811
-0.9107637688920404
1.0786341082122615
0.29145495098731494
-1.5942058586172279
0.43151216472856696
1.6572613512890613
0.010720583089091448
-0.3093485226154841
0.5127310445527936
-0.9171076899629078
-0.6956436528337373
2.0758293430560553
-0.844132248335326
-0.454452830976747
0.7591326976320729
1.081849859780902
-1.571159296023709
0.7734856427520732
-2.1485691316380477
-0.0766055360237117
-0.3036475784836547
-0.06934876575301599
2.0479046312908866
-0.26470924356931064
1.2731791121794604
-0.7591083699979567
0.7085685006135208
-0.048461716988365156
0.3017428734998948
-1.5639655870109288
0.7476032958951118
-0.19979033736492172
-1.322663803183852
0.9952695577029151
-1.1253544351879667
-1.1707373749372998
-0.08836326385645232
1.0816526535378155
0.5108127331867943
1.023441119470515
-1.7357969528655854
0.1570823083309278
0.821617017658186
0.05688004729860968
-1.62089107642751
0.872461628874282
1.6301165480078197
0.7736115162393776
0.7812643165800691
-0.38831776322580064
-0.05935816995773282
0.8651123575025015
0.927905659149323
1.0039984069663905
0.8998624241776947
0.022523270967753067
-1.2611257603600081
0.6677117558179716
-0.1486267069440931
0.1464021184642579
0.46524034588886437
0.13766296718478868
2.4023054970052753
-0.48498707790786294
0.052868873972088774
0.9340277687828987
1.3364790847529848
-0.46198484826625036
0.27893259614363813
-2.967711838378893
-1.1310258598361385
0.2645211140989055
0.7464927861440724
-0.4838713236088708
0.3915027733385346
-0.20876631076451613
-0.19330208543675345
0.21467260723303958
-0.5292137376721188
0.6057806800062838
0.592936250111209
-1.2076944688319566
-0.2281695962723184
-1.295508668277262
1.1654242822851069
1.207144198738827
-0.4047861120671701
-2.516631733445919
-0.27124557606867333
0.3225932595556856
-0.7726669887663218
0.5822333574242399
0.7250926342158611
-1.7781566966315006
1.6646640284180894
0.058145083871749555
0.6042549198274695
-1.3364032024828512
0.8421579916035449
-0.9757710695036905
-0.6366159370886282
-0.13096651073155136
1.4360490647605901
0.12140904511945032
0.06968865969227254
0.7405399128821405
0.48063123074055353
-0.02022062050983702
-0.45510684084762437
0.6664760574339167
-1.0005144922514322
-0.33342794997518505
-0.563944832834477
0.014227606194711303
0.17007980129616582
-0.3355925576511051
-0.04802823259433918
-1.1476657651389137
0.20672255452492747
1.498638593528007
1.5673969860071881
0.12997113674985095
-0.9385153949184296
0.502252881475804
-0.7165553181925901
0.1849476033750916
-0.6227528748493709
2.0144753479318385
-2.4268916146239965
0.20466536067220992
-0.4957560780701971
-0.5330226025405981
-0.7617585833645133
-0.6253474880730749
0.43372172044261764
0.28296009531988336
-0.10210199418101577
-0.8938850729462449
-0.6843768434923996
2.10376994016173
-0.5094708855572094
-1.6041310266536253
-0.3283250952386216
-0.09525404194336355
1.3492053738251997
-1.0599793333282101
0.6612878901141891
-0.017400716501488694
1.3300534925836764
0.19925863574849767
-0.8259782744050775
0.3426163745860486
0.757461590363389
-0.750214435401884
-0.18964408591851958
-0.24608814751222105
-0.3412891765047508
0.5376103627300991
1.238732352983548
0.5622612666134951
-0.6804956888165468
-1.337803020865021
-0.4071266954783635
-0.10871066698157104
0.7087139563165414
-1.2196325326669462
-0.09909393717094987
1.10064697122895
-0.3037910852427158
0.11894078416121819
-0.9784325393268488
1.5781839853781305
-0.6470274543428379
0.3768874156982766
0.6844049886908912
-1.7864949109434591
-2.4157603147386086
0.3855491162848506
0.7245449734046373
-2.873555524678432
1.0948184689688722
0.3548872109349976
-2.1983925578664616
-0.22622136532424336
0.27325282200256534
0.41664870860611775
1.5787720047470688
-1.4259665281586853
2.3549490298658093
-1.2179177320888341
-1.4379828037732127
1.0078657291981752
-1.5012171816419462
0.021242988940550406
1.370914521912334
-0.1729894342532263
1.7128186204785631
-0.023243345214469368
1.0299955182445455
0.3230056474372058
-2.0321873837880426
2.0028090624088892
0.7584028334663419
-1.4705040310555555
1.7931482001052657
-1.5000365826493458
0.05451813563446647
-0.625772126519123
-1.6789529832501817
0.5390639077474745
-0.9477675999454874
-0.7644183321430525
-0.7468213945720823
-0.10846031238640734
0.5271070001520664
-0.7217817766941059
-0.17142959687613044
0.549906585385779
0.044019272845521464
-1.096355426481488
0.36445476578036
0.1764387630226134
-0.9590416214295236
1.6529292025036277
0.6246301525542417
0.9571078152676863
1.5115961346702953
1.3250305516023357
-0.5280513698529106
2.068816712548161
-0.8977361239978217
-1.0139693207100027
-0.26599438891214006
-0.7805608804772167
0.021434928194457036
-0.9161363913316639
1.0397445721073963
-0.3475182006744831
-0.1005975201956034
1.6209514773050504
0.41338655748038244
0.7527327233381734
1.5011733367265117
1.3716764510349713
-0.5526150172505108
0.11957267859690641
1.2557215650972533
-0.2690300951947258
0.8333053444236426
0.41515573486737056
1.4845778740792666
0.20563071395126495
0.04818815283284623
0.191095625038342
0.06367634490349487
-0.7965723702621863
0.07403017464231589
0.1741356262533269
0.09892763236898387
-0.16472101105017822
-0.5888542610213857
-0.060427698357713694
-0.6150522221417806
2.185471291263091
-1.0289169757003023
-1.7547391083681882
0.40842069495785094
0.4559251926512321
0.41174245919089014
-0.1377449815538431
-1.0198351683497289
0.07667563205962187
0.23837515959476302
-0.2909029445472048
1.5557040429192925
0.49499927293483925
-0.009548499462143768
-0.22990231801510388
-0.18278510201398968
0.6475537129378067
-1.3053982285455241
-0.04105974500635832
1.911929885408924
1.3562132453535474
-0.8718247154087044
-1.1326877190287532
-1.2247331234105945
0.2094167562332165
0.03459004305044915
0.04263041021353097
-0.6594149881348987
0.3499811297017556
0.18564774880397744
-0.9992771652816398
1.4687435771154203
-0.2828121410563261
-0.2612045308673122
1.1862649757081158
1.3669792654625714
0.24132330834798793
1.2654914826533057
-0.17917964239832387
-0.9895163977081892
0.1130838330059889
-0.4707279200792382
0.7903440516142369
-0.13588679858491962
0.24390246154532055
0.01489610653052695
0.5178498911715544
0.7614061027473892
-1.0947718464176783
-1.076679167490861
0.030126389763052396
0.2257498189244184
1.9228171316014864
0.41789671963891895
1.4443806489991358
0.44300094544189783
-1.487900901134738
0.8583618781711426
-0.44721468294615513
0.22527969421565044
2.069266853407153
-2.1787767615768154
2.0353925906574357
0.7151442485885088
-1.4235939883498816
0.505312091535743
1.7051657577119443
1.1698183080327507
0.7581242621611486
1.3033317926870835
0.47732300714759107
-0.021788270765369305
-1.2323382969971364
-0.30309812933164515
-1.0875650543505713
-0.14687581958091553
-0.6712495833063987
-0.7445001337640329
-1.3226656127717205
0.5302988386209997
-0.7233664584516133
1.8574604406885578
0.49225573970478764
0.9362733332506245
-1.6322828643713212
-1.1872429144203178
-0.5968169761596698
-2.916209231543923E-4
1.0452098600037099
1.4052614125273517
0.7107989704074648
-0.6740582702454838
-0.5280344012526519
0.18611726564415412
0.9971909905007783
2.1969754694800048
-0.30043563442969057
-1.0307904895512492
-1.0624207513805608
0.9031086520464556
0.1516024669062039
-0.7579078159821419
-0.19239041409542873
-0.11998103027782782
0.042380416798315126
0.6991136025488464
1.7066768088949675
-0.5273634576537037
-0.8573396607790372
-1.0940895954133338
0.22055807197240565
-0.010830533840161038
0.5405157901899386
-0.2826219753626509
-0.07334784825224405
-0.8390877023964127
0.8618071715605747
1.863722277954964
-0.4232213831113981
0.7174275413914393
2.238222128021035
-0.8214985796189067
1.103329965975586
1.1293577705942366
-0.8522473576401687
2.8160566641071023
0.8165167578372465
-1.5870096300118768
1.8959373185427164
2.0704516372938446
0.4459190963093284
1.4917820236326336
0.28168821843502695
1.3021288021216046
0.9896081600342649
-0.17280091142737994
0.08726222504021235
-0.10425634088380663
0.07689731456744754
0.792238760982476
-0.4784573594663369
-1.9196174199602931
1.236980415428851
-1.448007562845174
0.018441263777221367
2.0109289841134577
1.1062661323716272
1.1526713552823062
-1.9806631154726895
-1.0486521947172764
-0.48602577278860404
0.1756148377268769
0.5841480074842964
-0.644995032553834
-0.1938841269820782
-1.245439321535256
-0.41432071892600153
-1.2482850078436318
-0.9699291997094235
-0.802041292284615
-0.37403461741392097
0.5624634828115019
-1.5949081008502564
-0.27989100276283263
-0.5114836955810613
-0.7499619177307693
-1.7924025902765872
-0.6800741868329842
0.651754660464491
-0.7386545567889874
0.9366773317688648
-0.31574359675839436
-0.38915466751729905
1.2017821046399866
0.5782486770195783
1.8303401033844702
0.8148846184909654
0.39480620811755907
0.23744253029216475
-0.7611071842755845
0.3673055721557915
-1.0375737056781607
1.0627208677777906
-1.1262462664022324
-0.6739761624380334
-2.1140995317302416
-0.11567498820687536
1.076203681404689
-1.407624417176086
-1.2763638066181293
0.5661020041464165
-0.2627042886601119
-0.5608574941569116
-0.4703260402038629
0.08763693837012854
-1.900369729607662
0.4473352567935087
0.5080744547129579
-0.43411542832334393
-0.22024405754329965
2.416539269950799
-0.11531045420697357
0.3181815712708746
-0.25216877120987663
0.2147667782806471
0.7635729536660638
0.9928740350940383
-1.8665658671100227
-0.25575251382009623
0.6633383694046976
-0.013054945794646871
0.6317980351186069
-0.8446609810615916
1.5104729947471203
-0.13020448848406083
0.18596671219275498
-1.1801206004769134
-2.5231029804828613
-0.44177919968740204
0.3086012782598295
0.05229725974911823
-0.04000871788287874
0.0068770380035325564
2.146270630444
-1.0441925629304871
1.54092698226804
-0.14849253249989466
-0.02229364567942053
0.5314121959176213
-5.653648238536213E-4
-1.0553769315366055
-0.0592434640897852
-1.2153590427973644
1.2242360714730482
-0.35374914406350977
0.1980365775361398
0.25497344005561967
1.7943814713766686
-0.2640398227377858
-0.8557155754139809
1.0947949441088511
-1.4326606105283681
1.6478323144973863
0.6981756125280951
-0.858135559976654
1.1443511658286467
0.20296055718746706
-0.1049547611246436
0.09520757483178961
0.9090453293157307
1.6119170370038434
0.6256354204016652
0.20427093104545885
1.99861597910207
1.1559457640479542
0.2750248742894026
0.6747701388724386
0.430582778967583
1.230160794195653
0.0691948332052243
0.027345983339208277
0.5026350158392741
0.6691293340506157
-0.3905188420355468
-1.265165580371507
0.017033061001663994
1.703281221407473
0.8599356672841121
0.6970887414270757
0.07317611257892517
-0.8103212656651687
-1.2806449276510947
-0.2687679761734125
-1.8891198159360203
-0.7428823766137361
-2.269177508808302
-1.1054698858712464
0.18603938410631626
-0.5008219542576221
1.4734117138880853
1.2997711152985922
-0.4107068562321368
0.0038615987825864726
-0.11762934373353123
-0.34801692560122044
-0.07203669700856133
0.22779874954360788
0.5325362248868043
-0.6267488824879374
-1.2287846937686449
-0.4592337518865688
-0.4916389466299775
-1.1184077997229405
-0.7149192394360351
1.2609957677072492
0.8717674301554447
-0.11269001804421935
0.15686874930656833
2.1371006250048645
1.3322347205695193
0.28752103223507663
-0.34262288887433034
0.045916441761677806
0.535800525401917
0.7161326384459304
-0.7439132185487017
-1.4067051538867144
1.8450535934025096
1.3289152706056828
1.0637291544903278
-1.342722638212249
0.07177216679290677
-1.6106074468129152
-0.022554375432383422
-1.2117868757603396
-1.0960437601318662
-0.1970290469805365
1.183012965047944
-0.10034013669509445
1.091580532947111
-0.6984169221528863
0.6761758416401263
-0.6093309940495353
-1.8006231256091298
-0.5709090830263207
-0.18621049778255974
0.770034944804421
-0.4924675290654447
0.7809937668029007
1.32425999002674
-0.940264225903343
0.9096577221118598
1.2257853769913722
0.9169901608144075
0.7869626982643911
0.5428474386436513
-0.6197650630354473
0.5700614954442005
1.6129871419049644
0.997161317260352
1.5122018292309007
-0.5122189718196352
0.3064826147144508
-1.3659805004097392
-1.9098614955002151
-1.955459233423653
-0.9551928688480693
-0.06401170690379371
1.057640007332866
-1.1811325401838053
-0.928303259138537
0.10458354422532384
0.6902747819830202
-0.1440539575824505
-0.12617236610984786
0.5158636093769476
2.7766908737784113
-0.856970582021146
-0.34242285969984754
0.5549646546017731
0.3037700550544742
0.06860189126324637
-0.512696237868757
1.1062178517303514
-0.4180461143112465
1.3455427894534713
0.13960511433828018
-0.046798293594432265
-0.5683757107258633
1.9653218413353606
1.1121180494288294
-0.6098519622618002
-0.5044427609454141
1.1695830095550035
0.884718613736561
-0.4006940144109389
0.9737723549113578
-0.9844902391289575
-1.6348836830036604
0.21276027985318277
1.025580645972029
1.2337352116748836
-1.259116381675199
-1.266248131419777
0.7269351379485735
3.3053499793992116
0.46977797411390676
0.9044123932219891
-0.549090624425051
3.1517881866768964
-0.4560451492556735
0.5269240122772599
0.5380411704868787
0.11085074407686261
0.9956049907777437
-2.1307872589452685
0.28248323297593514
-0.7051682837865649
0.5613539872907775
-0.7131050210369154
-0.5246670743973275
-0.5243821053634635
0.08884210140734748
1.3240993501089093
-0.6987701017893023
1.3905010019484152
0.17040331415434082
-0.41247216560421307
0.28235225064113534
0.00761433296457922
1.5615411188729431
0.33068629722310694
-1.329416208863737
0.37013507039743676
-0.8269148782145143
-0.5450049683879066
0.7754432662212629
2.109191282783754
-0.8573696616058168
0.29386880626234835
-1.8261878476593891
-0.2975200769537061
0.326837038234737
1.3778038610437051
0.5457790577502546
1.7773533389220342
0.5245425010694933
0.16799065892527806
1.007897340327231
0.05009168224488
-0.41486899110451825
2.064800871580328
0.5920394665418393
-0.18160285665206508
1.1996932601617063
0.1078273111894457
-2.2344375866941606
1.5407176159940261
0.7890198934563141
1.2456073356182824
1.7666026215287582
1.6509222851516212
-0.9549643446265824
0.12128294848938115
0.8918222129639435
-0.449248073224907
-1.159338443040789
0.8039621083740748
-0.6921348037861981
1.1749107900328672
1.726089103634019
0.846875689649543
0.8269806074943443
-1.6761376294108954
-0.2816168367727504
1.083155885579356
-0.24082714858957247
0.5143886757055658
0.1004630528253586
0.38635827628519126
-2.384369142228399
0.3582747621362791
2.0667987048699596
1.3264308408993435
-0.8685488566968568
2.1531909005829997
0.9323273437587375
-0.4215333693974428
-0.17242497594271392
-0.7015321795447255
0.1452657927145325
-0.2689086295522753
0.13788500660268657
0.994531203100411
-1.7234187905575846
0.5208727037423583
0.8650068587540515
-0.4218320094853306
-0.4009159941825558
1.9289327575437656
0.5165120234186423
0.4614352628875884
-0.6108937581680717
-1.3047435527106204
0.7998206671472299
-0.014979801322925809
-0.018837548152059975
1.7924305743874382
0.659709217894646
0.967460193144104
0.4251574027160223
-0.7321103694035908
1.2814162415713353
0.10257312679625476
0.8327523715930149
0.6002883711808292
0.26354107547127215
-0.2655825566362209
-0.7532599819657385
1.0184302224860429
0.05896886963000597
-0.6339024665497499
0.11946472090062969
-1.36806565032375
0.3255355388350453
-0.30395318976099933
-0.26479933700804786
-0.23055538068731346
-0.6719921565507045
0.31397255744963803
0.03461152967208917
1.1775911430339812
0.9034169183692281
0.05653155411942442
-1.219227302247774
-1.751343206187876
0.3184720217124371
-0.5038528706995427
0.8135320905588039
-1.0012326492341321
0.5896698341953082
2.1320243165894746
1.0069097500078432
1.6955669147596173
0.23527288677463173
-0.057096313302952874
-0.43460676930118436
0.23550942690637974
1.3720168041416538
0.6094975512198836
-0.19154587834060044
-0.5448608204646178
-1.105265571381883
-0.1779397036911809
0.6966088195122869
-0.8892014201390446
1.4525299583496059
-0.2797425042036875
0.6066677414528062
-0.5735169559081433
-0.8107729650354508
0.3657698597093929
0.7904752087649932
-0.7904550291935232
-0.9555917355579878
-0.9457947069409629
0.5440239004745098
0.5659446260416078
-0.14577709609701917
0.4104969747438356
-0.009855025971124028
0.5395706578088358
0.14560925413856515
-0.803575138501626
0.9020420103202643
1.0614037455292666
0.6742642885868476
0.01634821419698392
0.1018657008546333
0.7415072477492771
-1.2293487100984184
0.49880092143857313
-1.084985675774661
0.023476005075330247
-0.6537749759818172
1.382115490554336
0.3576964016571864
-0.033963894832008
-0.10325734546637409
-1.0029175587222199
-1.5552045631301705
-0.9958297023446719
1.6259143875238684
0.8382850067789424
-1.1292949475676066
-1.212523419422598
-0.9961565535831797
0.53306059123343
-0.20336697633776157
1.3684747783621016
0.7877468476668245
0.4850013931017432
-0.8848816958099716
-0.10912379555378204
0.5162072194408215
0.3297282183461069
-0.3244901597255978
-1.6490430675157572
-0.36811947883414786
-0.29923451028996007
-1.751524268417845
1.9810268898601193
0.7382704362861926
-1.3492730823678531
0.40465324195341623
-0.27532124579596173
0.14381513993014677
0.33518295343826987
-0.22912757062096678
0.32998972662012394
-0.780379504279395
-0.888055468919359
0.7058894820668699
1.1640666752398037
-0.19708575101192644
0.27621246802631527
-0.6225207883812189
0.7437237981180644
0.33245759790185414
-0.4005264468245914
-0.9553310211340218
-1.2864924307017669
-1.505846354416695
-0.07475335542235804
-0.8553803230937875
1.9994626033754075
-0.550572135642949
0.5076287341638274
-0.48164697715835125
0.42063519285432854
-0.10813268663461287
-0.29171228013950357
0.4661951423373269
-0.0028033422243677626
0.7429253256691496
-1.3916513889580455
-0.5394884421641517
-1.129145145500005
-0.41812553824123766
1.4286388204249725
0.30621136956353057
-0.5070773633045521
-1.118603430363146
1.6400317551172447
0.05070142606845941
0.11440775455210228
0.4416691717179555
1.1793556831779903
1.7098653640011434
1.0535115408877398
-0.40638932544019085
-2.3310651291141338
0.738696490265588
-0.24103629604278187
1.2342601674171665
-0.02713860401488125
0.05197625181445441
0.5134702368935365
-1.4409294954578822
-0.665101476451064
0.19872423755134447
-0.17894144656646577
0.650608672366288
0.6839356308704728
-0.4108264601860818
-0.4626200759551542
-0.290332842412158
0.052984141863268365
0.5183358499518711
0.9246406778972042
-1.4835946489393588
-0.10870169960773216
-0.13822119715821135
-0.12671429135372217
-1.2714310856615452
1.6954864697781526
-1.251361849824123
-0.6138457789575716
0.6010587065786841
0.448462149807581
0.735443341782375
1.149911767139572
-0.27818168694376383
-1.1864834903028623
0.575788870290075
-1.040090905628187
1.0836381854769042
-0.8437912545861966
-0.8541227315266332
0.9087024250919099
-2.331632181256447
-0.5356839109553075
-0.232082064018398
-0.04901611925304492
0.21112868737939214
0.272282806380794
0.013422025177470988
0.3674572180691763
-1.277777384408072
1.6628158334672836
0.6683248233049471
1.3178168387547153
-1.062108734830719
-0.8111563106890457
0.6834749261416747
0.5814227884966223
-1.446715650928728
-0.9813196656596314
-1.1623956134201792
-1.1978168211864308
1.756943576349596
-0.26028207067750136
-0.32673798239399676
0.6241462125023808
0.24118424876112157
1.1581908322229721
-0.7460124541798782
0.5384572268551543
0.2613273850229719
-0.10838268169592699
-0.4139438640605573
0.39979642896335527
1.3802957173487904
1.4784075545561728
0.3302431195043089
0.14533006507693086
-0.4249600458880535
-0.6233194918511494
0.6882852602799596
-0.680641217092667
-0.34100642181322505
0.9106264331046402
1.1880357836546587
-0.6586806832734956
-0.4824725267631703
-0.07970947521388264
1.0112675886582343
-0.6042632861364956
-1.220317340170477
0.637703942294005
0.49530306720930173
-0.3968665958173633
1.9621304441777474
-0.7477109938468773
-1.7878671957769707
-0.7138980972802716
-0.7273169896299324
-0.3604053922039998
-0.9653486787672146
-0.350764331607857
-1.0906482972759886
-0.7350140703234532
0.14092302606232485
0.979246302045545
1.2825702628761178
1.0830675688772393
0.4344677204287962
-1.4267596202278112
1.0220471088759693
-0.847655136022155
0.354729527962233
1.0386051605029394
0.6791401464055103
-1.6763003360921989
0.737760668781588
1.0978566834260495
1.133258785298032
-0.7994945256683158
-0.16914315184704404
0.5485633360233705
-0.6681492843724857
0.19983004291677314
-0.10651983687241068
-0.5913016431422423
-0.6245412879839384
0.23792693939589338
-0.4021796989975307
1.493599894403751
-0.6056497384730776
1.5976986542051117
-0.2610921341392749
-0.6301409783955828
-2.9067391333236716
-0.4271953277294808
-1.4658200348789883
-2.0615810097407095
0.08424155300696308
2.970870722544818
-0.9039756086963184
0.6823095162033301
-1.124604824431262
0.4061236467808387
-0.16720301440552784
-0.5987660722535143
