-0.38614353737531193
-1.2102972120797453
0.625383233892984
0.8405605788978773
-0.9321826564745068
-2.032035183674951
0.016166256210091292
-1.1547320411979571
-0.6366321164265781
-0.6567336185795899
1.577181886196426
0.27625210512687604
-0.6384297868994541
-0.7251274714645582
1.0696561527368844
1.5927869020296204
-1.316465028416996
-1.8481029408736933
-2.1051610063584394
0.6199279636387192
1.039510907792643
1.5712569542757269
0.9401254874633328
-0.6409801422866814
-2.132587728636812
-2.460921529447149
-0.5207317399881493
-1.6427721514103781
0.46887381663187705
-0.4639543677792973
-0.5830696970489292
-0.9884341356009493
-1.4351932110561076
0.18954568010577325
1.5863866584446658
0.3087540378150849
-0.25370125569146684
4.336146879533904
0.6293471392607521
-3.0753698188858296
0.414644673451945
0.4478263720413167
-0.5875258990712118
1.138720527427893
-1.1267565975476719
-1.1004447346239228
-0.41726313545380456
0.11574825619129596
-0.1148283494605647
-1.177229158147364
-1.4979677225213808
0.1620205401367625
2.164283940735325
1.9309922316128802
1.7124812593587864
0.37967445283931767
2.8522509921948407
-0.4233061397148638
-0.5665257672694358
-0.025893020421277325
-0.9866450776874539
0.06846485226975206
0.8367725496786236
1.9785756018537504
-0.3945036194149117
-0.49330364599420723
-2.53287235378229
0.9545400584929008
2.961230082124776
3.7683766698924654
1.8360676874360307
2.2101166837693684
1.1895075309656165
-0.781356777475482
-0.30819762723016064
-0.37761923532377784
-1.0659885058251135
2.491327387661869
1.4410167413834039
-2.0969003923420213
-3.4441787683353753
-1.995146196828129
3.04284637775962
3.505406900914192
1.4151762803572683
2.182943225013158
-0.4874388806728364
-1.1651954740120471
-0.28731381787361143
0.5894633957254446
1.2641766971941235
-0.8672104934136585
0.8672511347970464
-1.8438688043758449
-2.4721260642648724
-0.5551604197314279
-6.724997198685873
0.1338806594015734
-1.921566937320466
-0.7451001402724677
-0.5286611830809557
-1.2819832769706747
-0.8755267371631127
-1.499169050779463
0.34040445115883633
-0.08524951854614614
-0.8252360831695896
1.663791912578653
-1.7258199131893757
-1.3850916417619035
-0.42470579678355613
-1.4886201661463854
0.10569638430805676
-1.656368753298916
-1.1187144708672982
0.6737480659653703
-0.8802081660117256
-1.8143144137481522
-1.5002156071360828
-1.411732904078202
1.368504210228758
-2.195709855262844
-0.6241240140176975
3.1819112457170884
1.5053263056935375
-1.2485882724447
-1.9030996814956345
-0.3174643634566683
2.4975411029232104
0.011255807003468933
1.8271732638660558
0.5016399143469743
1.724832482735712
-0.15150981311827594
-0.7003091410668606
-0.4571271229863658
-1.8442261641938351
0.6775719314265024
2.975302709446615
0.9952948545476046
1.9226576153806643
-2.025611549958264
0.3691038168670899
2.1362123806461724
-1.9469506075093839
-0.4139973866365666
2.061123236377541
-0.5840496767023888
-0.8856663919400837
0.2927869275886832
-0.3289591389570773
-0.019161803185587085
0.6903856964009629
1.3895735987149804
0.9689014998908981
1.8129603041007774
-1.6922372063353865
-1.3141523876344974
-1.103000597744298
1.765277444949058
-1.3321694228340528
1.2649901154211465
0.19652679308278037
0.8592963944542784
0.3223108142265906
0.2253618937131233
-1.297766364905817
0.17504206369657438
-0.49910521963018456
0.9853958562716412
0.11028543461026895
1.0040274921886472
-0.08851631495965319
-1.238858858070558
0.5357220781976217
1.90757391925315
-0.29043228554101136
-1.4585368725559573
0.10038913761106659
1.0948615864266873
-1.145096091570543
1.4217865671477334
0.08243983217948454
-0.7892953914697134
-0.04720831040059859
-0.6991792907208259
0.2554889679067899
0.8794312456810677
-1.684986057643173
-0.1324695756202401
-0.8370746186634448
1.2859762032887094
-0.05982454838837232
1.5061806507314286
-0.17108713793727
0.9783637169478799
0.1985871775599193
-0.18185260830952324
-1.2738577539314035
0.3906143384381277
0.9735047807077686
0.700037739835804
-0.528304504296532
0.5429217239136905
-0.04806085614836183
-0.08625107166902742
-0.3851497986070457
-0.2658258581868686
-0.8148493247602702
0.4140790971875932
-1.2815762692008525
-1.5847227634738568
0.9025246700607559
0.12628046481686306
1.7086657239463037
0.0802100058834501
0.06867146917131708
-3.132122436718158
0.20162379795591331
2.137165380169057
2.1164050551268603
0.9424636165777333
-0.8707456552018669
1.2362914686060198
1.0850512727235258
0.2436735778236127
0.8532894239991045
-1.2735759631943182
-1.8695009669384677
0.567071822262742
1.761013662066224
1.3479456113283472
1.2453680012313812
0.7837923850720251
0.6803409159072221
-0.42816562570002514
-0.8420519871780316
1.7653064323711674
0.8416470666802723
0.8133721698112031
-0.1330083217131857
0.0720620955681321
1.2535893432223846
2.2589387796882554
0.2753320136170068
-0.49819981341781505
-0.45976236379047025
1.9586398146741475
2.7713521855670367
-2.2328866984533233
0.6323172887975622
-0.5243680122135341
-1.4679050175495783
2.230534931682383
0.6762895378411684
0.6260652917559817
-0.9462861748650717
-0.1837624956144052
-0.4940165038083459
-1.9586888437716408
0.8860638864209741
-2.770120287513652
-1.3637312836022861
2.3497738763126366
-1.5315781342417876
-1.4837993620524945
-1.2762889411925717
0.7527973054288465
-0.10225932272432253
0.0328823675930956
0.04916410062057698
-0.5707926107755099
-0.065158620155301
-1.7914283210628021
1.6547243847955682
1.5568245848354663
-0.6794838566293518
1.3939377978463532
3.142150627027417
0.9096240274311985
0.4591166694860103
-0.2111317212546706
-0.41935761591963167
2.244457817480179
2.385799498946369
0.44196866991496697
-0.06268377072362243
0.13530975992496444
0.4410833565795426
0.41801763208126297
1.0156274956618654
0.730801172061885
3.082712800597999
5.0880546765038615
2.440046589464499
2.4472977258058615
1.431939299075488
1.2218881887363013
-1.8885131146643062
0.12177284937982102
-0.08034722686294583
0.06704001893977755
-0.8049177454487175
0.15526850147130525
-2.732567846759125
-2.1590849349919328
2.7986963299372487
0.11525178149073356
1.6670514968634385
-0.4452191301833707
-1.9846378357053456
-1.9612793643920023
0.2780818936831244
-0.22946622704794134
-0.3460427012185481
0.565537162846943
-0.6263391355290686
-0.8896323485814481
-0.44336417198207995
0.40355603323381567
-1.9559665117200502
-2.1986269083823307
-1.8678642927036484
0.06238663743486109
-1.025787939209641
-0.2534948556286373
0.03533278587800593
-1.4336172141165076
-2.9702231820658636
-0.8264158254787901
0.8248729865303777
-0.6218691410959953
1.8206774872511695
0.7939492305800395
-0.7979333657511496
-1.078587821277233
0.8061569288273935
-2.2012859090480363
-1.8785284474448962
0.354515369278398
-0.3532474923246214
-0.35261878801393937
-4.808739587207503
-2.7386076812862106
0.44343666818909505
0.8825100588252093
-0.6252537875218167
-0.6666215467040834
0.34973352888153264
-0.1619855098469851
-0.33754208173171113
1.1528270873315378
-0.29193596844308806
-2.443558899458546
-0.34540759004739086
0.538370887868894
-1.927059473251739
-3.191147075964543
0.6575462137571844
-0.4083707756994134
-0.21005132872921725
-1.2849245129286246
-0.15255656098131745
-1.0989469956739273
-2.4347350961392773
-0.6407992544963924
0.42553027180216996
0.42264932761741214
1.5006046964195612
1.308081714140481
-0.017941982187993
-2.3944700237922514
-0.4402582726378652
0.2371174933970915
-2.2327516250568284
-0.19288295591231228
-0.5121902709993977
0.022746713311489777
-0.45327860688937643
0.9592178467688687
0.8803230493099542
-0.040312073026819384
0.2651032098672765
-1.9809220160567662
0.4974778684977839
-1.103174352245572
-0.7723523473363004
0.7589980953746607
-1.4903200176893532
0.8026166765650526
2.0497434383253457
0.9788617091801364
0.6234650943073576
0.9783718372601089
1.2100127767381839
-0.7224737939973682
0.2958109658459161
0.44802341297958587
1.9222426197959641
1.0069878934503556
-1.6185358524956792
0.12129322210838132
0.5265081905762851
-0.3348316274160328
0.8144655999198194
-1.1436188467513495
-2.4219646960487435
1.8683907497528698
0.7963686645794268
0.11462558836322743
0.5571399957697247
0.7161486226880701
0.22254176996940142
1.5054676501676025
0.7452799461058743
-0.43479079237257645
1.4246884299279736
-0.05354184815082294
-0.8524090196465012
-0.644592419346
-1.7935174759550812
2.315432819929519
0.8088804422544291
0.04639225505253537
-1.3075004691957501
1.4213367504535823
3.9485059266156277
2.4023668233568443
1.9575811184356045
-2.87226744953151
-2.2385496180940727
-1.377073767026787
-0.4025762965482243
-1.0663078172582279
0.16503827861186512
0.593866964709284
0.33405538594977147
-0.7658221738203108
-1.8022917866140746
0.5970626568359882
2.7131297019315075
2.358829468896219
-1.5735089532798439
-1.4495510677794547
-1.6393016272776901
-1.7120244774184838
-0.4831331537446639
-1.4787118285895282
0.985093125707823
-2.645356092052333
-2.5758885240951983
0.7464681556374617
-0.9041549855547737
0.6824149164982665
0.008113938550205577
2.4568642775504865
0.021368124999603978
1.2323513132712154
-0.49812928858523575
0.40579711693439624
0.7819608275777599
2.391845784664203
2.16943171913865
1.24323836932428
-1.4955856869997886
0.10998184022219816
-0.42305895750436995
0.07166060089508332
1.9548056842437345
0.5695968178709123
0.16807331979847742
0.6118082179246122
-1.9016739068897406
-1.0570699655774234
-2.616334602624987
2.3713651581962347
3.692338942237364
0.8686671592100133
-0.5217673349018448
-0.647746354982408
0.8016225832015499
-0.19131747177637845
0.22316466590166983
-0.37297345003812
1.7277063672983093
-0.46453157024929453
-3.207849192728385
-2.0110137727963378
-2.3953750584403966
-0.0023731237949878247
-0.9457412279500284
0.2509402918690666
2.3718791153447425
0.9599214015911358
-0.8385866924279965
0.7129723806319654
0.17101399943222184
-0.4478363550698541
0.696899001599288
0.640291786581787
-0.013407041613389615
-2.7714910139700715
-2.3324656019986407
-0.6090472745731181
-2.345758365188875
0.41881417621808953
3.1560835462398567
2.3948343750516656
0.81187200910524
-0.3020581486275639
-0.19674436632948955
0.6692715901193085
-0.15524019790034055
1.1243691675751828
0.6496736146994233
-0.9812081720358296
-1.7155295493042406
-3.959552471407501
-0.6880245486273919
-0.5717780168079254
-0.2508829416303049
-0.6235572462854427
-0.8668281338339162
-0.6045621601083393
-0.25254886419366335
0.07543998222337717
1.5160050115728807
1.1535701015057755
-1.3424372172198737
0.44627040800939394
0.21985991365825275
-3.0452084212158828
-1.0154103490363717
-0.35930335554477455
-0.21860380099218918
-0.36901143471940995
0.8669740458402426
1.2643919944398045
0.17849935404710346
0.035319093303697154
1.4495575719728664
-0.0653809655288664
1.191195667947246
-1.5780572452053787
0.3602950609113519
1.382199479188994
-1.2143888104618703
1.1587703665256484
1.376304296100772
-0.826288593668812
0.3622120230772513
0.4951906170477454
-0.718043656924634
-0.13759257465633062
-0.14612183276645252
-0.9776021059185342
-1.2056499998903667
-0.4675701324360546
-0.9503803753108866
1.499954499852661
1.3731728296861119
-1.026303942306511
1.3436913697299129
0.43292845364150195
-0.612374562146874
0.30320302096030294
-1.2474388601261432
-3.4488414801664873
-0.3951901758229437
-0.10195999493035689
-0.35342387017569155
0.7590360872686994
-1.4432038113260757
0.8054020323041244
0.5999587620720577
0.8531195678184741
2.549678279686234
-0.21933207716310563
0.2600705288249959
0.9031604052015625
1.4622732504237315
-0.6758572650792487
-0.8295389751557922
0.9025473189289233
-0.27320131831032163
1.1904282755618074
-1.1055220339469094
-0.8758281428981542
0.40743945595488434
0.9539483464677837
0.9102679945602431
0.43493885055396614
-0.5747279927069219
0.17827349015777552
1.943985825737529
1.2790518991512343
1.7121205854059425
0.7165520978652061
0.0488924078858268
-0.4815118555314675
-0.35586172117248877
-0.8513978375331844
-1.6149092412030885
0.47069507505718117
-0.9223562140007245
-0.06278077035495223
0.713292394518609
-1.910455834940408
-1.1025001823110299
0.9359833667983828
2.0277021388138268
-0.05388801605203842
-0.9148616164465323
0.7878250538187307
0.32303228229785286
-0.24571781072984958
0.8544569155448187
-0.3868500104202171
0.12383133697837743
0.08929266324270689
-0.10847917471527548
1.148219496170347
-0.32852037058698175
-1.7971589429091377
-1.6062700581519267
-0.5699112934531563
-0.4079245164601951
0.6658459152687783
1.5250198523475302
-0.3976080646985687
-0.27467568317268415
-0.567380634687884
-1.115381675337817
-3.319716306318577
-1.074351058289856
0.4302568949734676
-0.5496807457775772
-0.6413745055411562
0.7741568330853306
1.8754402100404017
0.22260591386010073
2.1252564871403186
1.5141251213524847
-0.5005255282369927
0.5929370679914758
-0.6261840667033634
-1.3052243951048768
0.38468802730677304
-1.2331956498444399
0.6468157847603472
1.2068365951250246
-2.490645212923281
1.688702807256874
0.592310866259761
1.3124759563395727
-1.422973957675901
-2.2919271712023264
-1.1896264857154508
-0.9731728362699733
-0.6548160240255466
0.18379273599176996
-1.0949615941577107
-0.16244029103562835
-1.1257357455506702
0.4462224637117667
-0.40248061595839996
-0.6734577586013429
0.7371339467673409
0.8408202126515253
-0.259582065274883
-0.3904540772610865
-1.866512563764284
1.8108359461590224
-1.1084245377282043
0.24162906146582072
-1.4036479745996682
-1.2259378855976735
-1.0222650966347149
-1.10661160342646
-2.099338559809924
1.4653294651551572
0.06217282143012914
-0.1608269234339635
1.279062776867958
-0.29096768851866134
1.2031987733070266
-2.0790945684838826
-0.14110969450331903
0.7893877267898958
-0.7013384471363449
-0.9350472555927256
0.016243135635853823
-0.2400310813151361
-1.426216664983817
-0.5627738246503501
0.1865724481038875
-1.5024938148151135
0.6132934023859045
-1.197382858189491
-1.0239504855355763
-1.5813860611745036
-3.095419592034536
-2.6336770273069714
-2.4596616519989216
-0.35346955224176574
-2.3046969995846016
0.9663598974607069
-0.3977417581814872
0.975182921852814
-0.22110208536337778
-0.420072904756095
-0.8258127652794199
-0.6882843541987673
-0.49539877486968903
1.3041775294172218
-1.106255551157998
-1.0371991974590191
-0.7154077500447472
1.8724295928365953
0.2377617733519652
0.31685367102892825
-1.2046480217271056
-2.2949745936510735
-0.3266801610360291
-0.5303693467102599
0.06657676282112204
0.5421671713414309
-0.8448610429973206
-1.6515788845112334
-0.4678065234670879
-0.14521945004503084
-0.2358323332367598
-1.729957431202669
0.2342917443530396
0.15369595139594888
-2.291585162960681
-0.09166632028924403
0.27810169092997034
0.16366374577027354
0.8933456455940078
-0.22922935038840728
-0.7499937261447837
-1.1094281353162212
0.7915505105262429
-0.05344806984175602
0.4299136797814204
-0.3183832329776665
1.1229878917439065
0.19164454027539532
1.6554694124344773
-1.9232417349860873
-2.287133220177682
1.8452753055916982
-0.7580320587254618
0.9061189842444396
-0.32311435431781765
-1.2413270175429139
0.998549230536852
1.5908820913833257
0.01117769809939382
1.079775897523978
2.470277655424044
0.9366356438781577
-0.3028311311722962
-0.8031385139153068
0.39703970980790404
0.7595220157897259
0.40918674564737906
0.03832168342230679
0.14468526830309536
-0.15583509907207077
0.39575664001642363
0.8429907320964366
-9.417002699460192E-4
0.944268880420376
-0.35531763893103196
0.5516233295863201
0.8043158841281609
0.6162235848317995
-0.5463706475913478
0.957754298578969
1.6822901563612271
-0.31880122548341755
-0.951765271724906
1.0751423521895322
-0.30025527437241967
0.464719653155195
-0.24871695444338685
-0.5602850725224343
0.05792596709637633
-2.0941557990275648
-0.6213727458397776
-0.1965369109588534
-1.2298676423397783
-0.9861306161207971
-0.09133825566381874
-0.09747885156893642
1.2424933492744468
-1.274649354628897
-0.4876036983238014
-1.1350957441372604
-1.398669781479514
0.4395625422563319
-0.5425465327733279
-1.224379094948703
-1.133536753467398
1.3720246853453173
-0.5097382766509821
1.4905589953684923
2.350489460568014
-0.514351314679261
1.3206482054535642
-0.2203394347133213
0.7884680864174792
-0.9625936366754341
-0.7225589327073735
0.9898155946965739
1.4222764945620192
1.0163764673465758
-0.6249272035525504
-1.7799378720663959
-2.615123261441643
0.2569416369837922
-0.9838779946078728
-0.037929469968962175
0.2683191735651348
3.0198189142890532
-0.12378043676369521
-0.33369585017140097
-0.22105285548695155
1.7880264072497796
-2.2632656809799694
0.931092166075467
0.3814674797571347
-0.6693227108389275
-3.5239371114191758
-4.757290822695762
-4.389894540133112
-3.304556788514261
-1.0711224042834617
2.8969876145161013
-1.1159467764739732
-0.33640082336052113
0.6564379635130949
-0.3096221922795613
0.8716816133336279
1.3043477045427898
0.26674302483067236
1.7526634640890435
-0.8404929280534277
-1.6385452237894256
-3.5884605091747726
-2.2257178963570747
-1.509916726061431
0.006721049969517236
0.9170384482973278
-0.7695204986800488
-1.6792558499501464
-0.9410743258698261
-1.3585589486971599
-0.681864873723186
1.2639812522272387
0.663896155817746
-0.5953057491428951
1.3268753419161374
2.443530858119125
2.49323008895867
1.023991344760435
0.8139917877849745
-2.1062344858165103
-3.1092829713849137
-1.4905000244146867
0.8600682235093176
0.11071427589317055
0.31842356639139385
-0.027668948844464032
-0.3191945988187287
-2.416544950189527
-1.0051821973765747
-0.6482819718353272
3.1853453949489348
-2.1316245687628674
1.7199033343074854
4.1645581107418685
1.8667650889505303
-0.44384216144210986
-0.6439146409631401
-1.699528505263096
-1.2331751121551981
0.04038575467640922
0.7895756428245283
0.008275050101046991
-0.08259124469141928
2.186122056897348
0.33612204702862564
2.3077276817623744
0.1551636245234589
0.344486103540619
2.9387561409598897
2.4702837966205147
-0.12434937525809195
-0.2146686337216331
0.07468742700455828
-2.5602165454691646
0.18491202817285138
0.07408944899097215
0.09101999455680632
-0.6326317646865474
1.497254449130613
2.694976378133652
-0.6863044348081929
1.2001738631479983
0.05089469308744165
-1.4442759910801808
0.9677334549708051
1.1868690898126708
0.5977807568100154
0.8737314413534548
0.44800591832714104
0.09073878365914316
-0.8276940310443635
-1.071346112228359
-1.4488009556620969
-0.2312375969579098
0.5278191632882365
1.195822774213639
1.8055317845886143
2.2856260776742072
1.6782399972286057
2.4235283957006812
-0.16467535432249203
-1.6135972915521042
-0.4893732238782182
-1.14127325344139
2.0442824695613266
1.1467603491083966
0.8752910721504159
-0.6461408650852174
-1.9585543545364306
-4.0693349695583825
0.7829557296766271
-2.125204378407025
-1.209725808612818
0.09724265651522473
-1.4926605600526879
-1.2133362359776148
-0.3820457148377602
-1.4019034577626721
-1.5616242821150288
0.01552437293466692
-0.5113709308911306
0.3511245684764423
0.24997707672241137
-1.7319781323362222
0.27181196038947636
-2.4102046593270536
0.2398781238010377
1.7723748128781454
-2.30903091153201
-2.5449944848361787
-1.4038104468098767
1.243887123662177
-0.22622028686999227
1.2742963443879232
-1.4471706869357894
-1.1467947623284989
0.1527656194486184
-0.7628082103321578
-1.4201226564271008
-0.9441241851347933
-1.5218381884454137
0.7728364230831318
-0.3652129065356123
-2.6101611278598225
-0.2515940810533036
2.099770569742666
1.0469308754799513
-0.13153869101707202
-0.6371182628528248
0.05386735730470193
1.2311773268716475
0.4284494791443994
0.5439818761251833
-1.1965937308204084
-1.8500691719488274
-1.2476085122450675
-0.3328089678433383
-0.5354650137232493
-1.373122274868793
0.07846809968616486
1.074202620532188
-0.47457081020586583
0.16648427933075435
-0.0035132285578177457
-1.3519037783348609
0.18638783630339403
0.04769660539024711
-0.5230148565375612
0.695296057002214
-0.4572531752520205
1.9455395119854233
-0.87249362062311
-1.3333567642223927
0.36589455161855816
-0.8115678177079579
0.9902270599908395
-0.9369815534991295
0.6271481621587409
-0.1813085792294999
-1.4698623432515998
-0.04552659060865991
0.09749088311788753
-0.5711804668180795
2.2375170684800763
-1.478839688908313
-0.3760173292933774
-0.07666906213666295
-0.9570412588307651
0.4088510351857237
2.4846733442975024
-0.5294237628897126
-1.4460142690642812
-1.0397094952700803
-0.5741838487438888
-0.015927400592859638
0.6263167736968589
0.4394275500997746
-1.0945877247704094
-0.7567616081550382
0.6288056277426264
-0.9029183191348277
0.2687159295581426
-1.3441085557025052
1.948213439517909
0.17526500999078282
-0.9445827419958527
2.07268102991475
-0.1491145523975409
-0.9145035858618217
-1.1955971288921547
0.6646920531287726
0.252762888431033
2.1989104888917392
-0.6056017999142763
-1.1886036578564048
1.348374907542151
1.6871081779112649
0.9591145130322833
0.7293875381374908
-1.1983097363535782
-0.5417200399120734
-0.016249332003355505
0.8411121836658687
-0.42270305080718784
-0.66266037439548
0.46936266567721024
1.6882870068565872
-1.2225136130060767
-0.6540564425031805
0.05749590487926849
-2.1103404343711825
-0.6203261659841472
-0.01749829876280065
-2.885214906327322
-0.05074316006465411
1.0307043457497034
0.12118391667362127
-0.21225185727880366
-0.7659680866381346
-0.5339612841889877
0.9004762380423013
-0.6068389178596869
0.2577697615228142
0.789368362430376
0.650372899383256
-1.3721962742012874
1.8350870471288714
1.0745324850991962
-0.28482718828384873
0.17184569824773618
-1.6234870341433822
2.032794278822996
0.38559730670451164
1.9871676151212716
-1.5342838723580845
-2.0153340991783195
0.33789510559155994
-0.5182823649756155
1.183459131858144
-0.8903620285741756
0.21126954634024828
-0.105778988003203
-1.6803430102714778
0.8985533986834856
-0.4128007317413745
-0.9986001763415211
-0.2815878442254288
0.5884193232556516
-0.2722107475727168
-0.20101636362416817
-0.10597155045314952
1.0720753196320099
1.0309912303228612
-0.39824764089306125
-0.3047950237747377
2.3217109216011487
3.25379297179529
0.9037549349679083
-1.167954155586861
-1.5532985969819293
0.9946853944432599
-1.2315567079403258
-2.3178527727981666
0.9150638319544424
-1.1648635166937573
0.48347748661393913
-0.6537691550939907
-1.301873216168594
0.2744100361513245
-0.7577879230725001
-0.4848577186642725
-0.13767502463364725
0.17487017654771914
2.411194477219964
0.1683971722102523
-3.2716201097097146
0.5982097194115142
1.60660261763326
-0.3824680114459073
-0.14678855795136928
-0.9630574081930909
0.3539790626126068
-1.6543841336478071
0.8189036606583193
-0.23353645283741845
0.8482214278306897
-1.346047554144333
-0.9977114897656143
-2.9215510023712343
-0.13915327274424288
2.8356560980202854
-0.13527147387742391
-0.83827862752002
-1.8439305653537512
-1.7376590811990142
-0.01320083583057516
-0.5182152927805821
0.12215454579180114
-0.7912745538021025
2.1802046660478145
0.4595462516672377
-0.7206225507763779
2.0265626651606157
-2.3575246862836665
1.2795427683486125
2.3309649632875433
0.009879817021604329
-1.336984733386131
0.6949783779111582
-1.5218566658010755
1.584430051306067
-0.12882322129365334
-0.6448037056553615
0.8150315920126909
0.852069008953525
-0.4806909566970774
-0.27451886509788354
0.11124944001794171
0.3039626324474874
0.33398942472549403
0.5174326164109421
-0.20332445315536343
1.9801853693592442
-0.2863878799065604
-0.46465715097304766
-0.07871532805905995
-0.036332341623314834
0.3394493502852655
0.24511739690555034
1.242368343919796
-0.6871113562992931
0.04655518521759462
-1.09907645406171
-1.0706971190569419
0.05141978149194378
0.2506382248237959
-0.9098009821995472
-0.6114080856493381
0.26659143603313956
1.8477380309917784
0.01401261803481971
-0.12738686899705892
0.30092657600309486
-0.9663605405507072
-0.46252625229806205
0.04461795107064146
-0.4008161802807194
-0.14019480706458334
0.3684678139244313
0.20830268196311316
-1.1034705978715775
0.19106237883517385
-0.9453435314085461
-0.22781052204422386
-0.45573798228905943
-0.3722792598097499
0.7799619747219392
2.3009489693880885
-0.5940768826784945
-0.7604135654330018
0.5239706328342093
-1.675568803927789
-2.001428528859269
-1.895975580667978
0.39648381064202115
1.8495685420456391
3.4365472113113738
3.6852331658109176
2.271615639704896
-1.0086174215736075
-0.48128544444541027
-0.6836949671802034
0.5357604508903919
0.41697597024474303
0.6295494127775281
-0.9581911868253501
-0.8906690819304743
0.9896413263316406
-0.3195308739098883
2.416091087175002
-1.5422007303103138
1.2402736213496368
1.7380210048012492
3.2537268320924997
1.7452374330837368
0.08853166831270956
1.327907420307113
-0.013220855281185755
1.2289519741202313
0.03422953619577117
1.8759289355074926
1.108176648253336
1.8999808691326512
-0.9317121235691942
-2.1818781905694755
-0.2193163898166185
-0.7749373671660719
1.364688315673215
2.161048918701309
1.2258709713258202
0.06251659194738789
1.9869668108261116
-0.2703554812841769
1.6146958765039683
1.0618553259907613
4.95971336757672
1.4536674622831993
4.196933251840572
-4.9100872721264235
-2.8577438775884536
-0.534426669357607
-1.5653395041930664
2.518019002470164
0.04889611559783703
0.288018339215467
0.010178243345869887
1.028581937994111
0.4991593001312586
1.3399170937862563
-0.08604481406523827
2.0966445671414364
0.6318245957743359
1.2319725505485712
-5.51265374022659
-1.847321268422709
-1.5190354708229485
0.05393895667762264
-0.06186617030676122
1.3786041424438387
0.21151829791387497
-0.6739495285944427
0.4392351414605609
-0.6304351306011661
2.4479626565931687
1.1842621190301978
0.3477027383419925
1.0029140574720738
0.954423982552258
0.9274985129307916
1.574522890782327
1.196322524936216
0.6138760453360829
1.38932134838231
0.8161884873127434
0.04107436750344112
1.0559407846254627
0.46691036676273473
-0.1390905830181287
-1.8432809997010264
-1.1085803140721657
-0.9515487394542627
2.1133740311003866
4.2364255024153845
-2.3831384988494513
2.2173688941830427
-1.4343555883726196
-1.1300931929906028
-0.1477456909923806
2.161548156192149
-0.6335198561695833
-1.4230009203203349
-0.1615394512789481
1.1952020102331138
-0.9077244401900214
-0.8502146111169222
3.13489750873897
0.8943630240637056
0.2756128798262301
-0.4089499645361362
-1.0582137057266192
0.3630140208449255
0.9767879758821447
2.8165251631213675
1.925601034937788
0.438351648475569
-0.8813927508099407
-0.8001315863057993
0.09811307696713759
-2.4288656629864844
-0.8943477680157755
-0.029463661415124878
-0.6956825789809157
1.511464234378566
0.4421495519262326
-2.9599900340913003
-0.8408173768135715
2.616429206380427
0.6981360355640349
-0.2958843997978696
-0.19992132828437498
0.07176221577519462
-0.6702477033342195
-1.379177190184597
2.374425325272933
1.2816664353984648
-1.5432693057865374
-1.9025605074956846
-1.3100717570778488
1.0514843202052737
0.39098244479308747
-0.10785956915235105
1.2125063699900798
-0.11929437016891553
0.27783596477157396
-0.9292653796752636
0.5445985787536392
0.4682891158416325
0.14159624417558364
1.6978046344569078
0.2483095835446041
-0.25082549476358523
0.43654717341975474
1.5260397948335431
0.4639777292006199
0.18599286112993638
-0.47554945949720373
1.6478223886455217
-0.026293708206310683
0.8969224738524023
-0.44385749920515233
0.7412386003392958
0.07388363395447503
-1.3838979378879526
1.6491589419000598
0.38863578211454475
2.139644397978306
-0.4916027599840184
1.215331750661045
1.0273409101715247
0.9862500976134959
1.131702518949121
-8.249203846188743E-4
1.219751498104116
-0.09204138727296064
-1.4289611976635894
-0.055336847116134236
1.4682953521050444
-0.23442011499167997
-0.6769197679763106
0.04781865230099522
0.6264896154058761
0.26000438662471054
0.5597427746408433
-2.0349724510133984
1.3614306389861806
1.5337943149702578
1.8717959304389995
3.009247781012578
0.24840198310244466
0.5761826568370467
1.0244913283496282
-0.3396324400718206
-0.4550860519047628
-2.1710559388865374
-1.0352909078160124
-1.1163882596682626
3.0188463050055514
-0.5665877280118913
2.9497948121017803
-0.14282035944943258
1.6187902440931705
1.6573346949877081
0.6673854105200836
-0.855031375303871
0.6388728906977393
0.7449722462695398
0.780704576860666
0.3654256338240889
-0.4109632192374494
-2.9704720607876176
-0.12054298868177162
-1.66723820238874
-1.2093512847692363
1.2457455608536068
1.3138659826855803
0.11107955319798772
-2.831401927934393
-2.955617474221304
-1.7134171694273919
-3.4456505062688416
-0.2085369322663963
-0.5151671634526995
0.8156373889165736
0.3570207046976206
0.9551966302359515
-2.7092162580734636
-1.4949530216183773
-2.239309468873832
-2.724896930082682
2.1426808655691194
-2.468518804175664
-2.570127150442861
-1.2033289548403256
-1.8344208844281074
-3.0106365210344483
-0.6640474147317741
1.118160711088896
1.4322924192667574
1.1918057831450197
0.389004168032791
-1.3796953799519796
-2.480277824468122
-0.827767466983356
-1.3760514805470956
-2.303600948463924
0.7446117145250098
-2.569595189317057
-2.159879949810018
0.08070905142903984
1.0631500954445896
-1.0995525259096905
-0.1183335976434443
-1.0081737846920074
-1.2035887562671401
-1.9375755613778962
0.23792237505357045
-0.7504608152985435
-3.3302098436851644
-3.204926751337467
1.925520502704083
1.1289414829944886
-2.8380029573079653
1.7431807636087844
0.5391959502117055
1.712370795024427
0.9371919386575944
1.1873037531822759
-0.19831541896626798
-0.8060634672572482
-1.1627221551749523
-2.1751538861047153
-3.05551058557902
0.1496797564210251
0.8748199172269114
2.920939812651437
-0.5047445541001563
-0.9456603284467574
0.5872688448330712
0.9862590784994657
-2.8256048496834363
-0.3665065313977514
-1.1490217381842667
0.5892294840968169
1.880900123206165
-0.575709502570304
1.1374004599633767
0.8534204639876577
2.758532253578891
2.1262049453627108
3.919429806403737
1.3328360420385168
0.47130128829575085
0.26357543687827384
0.11990507091011042
0.03971725370748308
0.4981941710149887
0.1921495191424079
0.8459760426287439
2.393484054647338
-0.2953384578708645
-0.5506200894039344
0.15693590849879743
1.5282004556783473
4.723228236525626
2.4620453824633626
2.4329672619265006
-1.4282596388972633
2.905966175090216
-0.6389820214755959
2.450093871048827
0.7491202946300124
0.6223564707556004
-0.16452304149552188
-0.363357602337222
1.1255653427087648
0.46243363156194695
0.9920902744218328
-2.906209404533476
-1.1861380135636297
-3.0917852774932744
-2.7120159633987977
1.6313061354888705
-2.0980277560449547
-1.1966299276458014
-0.03931144198548585
-1.244793452545072
-2.6544625168083815
1.0654430335893326
0.2411183226827755
0.7952732287135623
0.5710370058805431
-1.0488671663986318
-0.33628779220984867
-0.924073326804883
-1.4474061399868048
0.29380076403603095
1.3464168089933377
0.7299368559428798
-0.19266744460197116
0.47350538538313003
0.3070593393020783
0.30739992747941336
0.978296859548943
1.736982685914218
0.3542092464100587
0.47005294188918917
-0.6148536267871598
-0.5433007325612746
0.06485492259911838
0.20240480755745022
-0.9814482746407269
0.5320760591955233
-1.0029278421215033
-0.6237709447030344
0.056576839187915784
0.21463896531596433
-0.2857828255510173
-0.07431465862539603
0.17346711567035283
1.7239698626893791
-0.12120904627840574
0.947606920377735
1.3549554526026135
-0.44032057191630963
0.8957374399837613
-1.4081826525561483
-0.14555627991866632
-0.7058335665557626
0.46347269016052267
0.47760863292214795
0.8056449523932384
-1.8465073555552085
0.9384710877601427
-1.3163497727023958
0.3977538823094938
0.23308274120428862
-0.10577852020901633
0.11974722004413228
-1.62033534746659
1.3621490111536747
-1.3997367239754268
-0.8864013648840227
1.5019383991303148
-2.120514701579956
1.3331711056848705
-2.1628684072327102
0.807977193993108
0.20689835553283153
-2.051594625908792
1.0303392115918129
0.9514002690449295
-0.556672755400932
0.48557077945286303
-0.7285472874808848
-0.7656269227615782
-1.2686139758112533
-1.2233649192036176
0.25858026043953064
1.0023629101957463
3.217792331947678
-0.308837319056706
0.5566576033461095
1.4429795785696873
0.667641597809619
1.69181446032738
0.8498570654003457
-0.0014554292705023385
-0.4763697557494868
-0.22274081244819374
-1.7859723155348315
-2.228109203492893
-2.6801217232224457
-0.4187614944898633
-0.18809573268222846
1.6640546060955472
1.0859386354454676
-0.6191013926814791
0.6678723605822982
-0.07859415583564579
-0.0038794612350548253
-0.7741182569673638
0.9101596132786283
0.3452162656500841
-1.9906179372103594
-0.4226053226312755
-0.49010256505639976
1.6109598741316398
1.294009361855668
-1.228005199118861
-1.052088336590817
0.48066978907081714
1.3657403841349727
-1.06927319053451
1.021947200386373
0.5312121525317961
0.36718468626703393
1.216459125900657
-0.19353481064164013
-0.9340008449280972
-0.5063375227567253
0.5907448018221884
-0.34788872383720126
-2.8475658093496374
-1.6589158508876372
-1.8881424186718179
1.408986796042844
-0.5327147408785612
-1.0509580792198643
-0.828645099683878
-0.7605450544319704
-1.2986591587859224
-0.10490671335655874
-1.2984891909658574
0.2810211571521791
-0.4186175354493076
0.4894670919059081
2.1089752071008316
-0.5263124079302528
-2.1212109155019565
-2.0293749640123018
-0.8105260452543942
-0.3068725490986753
1.8976307127995355
-0.21299283336128805
0.6155466625855387
0.3598390907095434
1.236521690388564
-1.4619433993556634
0.5758205222749319
-1.4162893891452564
-0.37963436892962926
-0.8061399113645711
-0.01830411543652266
-0.8387595028707149
-0.14914162942265252
0.11028532530084338
0.07864995973195844
1.6817204755277013
1.5669361334696263
0.2774469782314599
-0.4321608782551158
0.7360972919180808
-0.7184056209872592
-2.576114996147031
-0.19755953747018498
-1.05954532713963
0.18676142314067246
0.2838807528534509
-1.5070665258470182
-1.7985092151536162
-0.9627300772635419
2.055394621937192
-1.2974775245830565
0.7735622352678097
-0.711625596204881
-0.5885147509109844
-0.4047641132828546
1.2840530776432273
1.184407695157903
1.4477102033811462
2.229767468578147
-0.1739707434065172
-1.986505170681617
-0.990272390086702
-0.3743097286777469
1.4839570748774376
-0.9216686393942762
0.653515570184085
0.7112237463707037
0.4771933108220436
-0.8550180123506265
-0.7247820192547179
-2.1091508454201757
2.4017826157201196
2.3711381693665787
-1.1427767942083118
-2.279344325543955
-1.3849235288682984
-0.21971096865021883
-1.0218181844179028
0.218009972735744
0.019147989411985547
1.7097585443054102
0.33814613747905364
0.3773970915328695
-1.1773786180898353
0.952955377776999
-0.06916181009024183
-0.6814798751050839
-1.2423572099100233
-1.219256202382067
-2.5757344744064423
-2.0246946817442244
0.030032993873680427
-0.9786332726469424
0.9264905672892514
1.5022908849410739
-0.04910358559811303
1.2432977554645361
-0.8179220375350554
-0.6566191433624514
-0.14052939038218304
0.189859824832434
-1.5190742594451678
-0.31796459262597176
0.1457195869207005
-0.3107552310466215
0.10012183529647918
-0.4113738374054531
-0.5505899277900693
1.4013705429127488
1.6194044456715007
-0.35189626400287854
3.019519761876998
0.19123246111845782
0.10252482277950961
-1.2220941427180718
-1.3895713692813638
-0.22997038938111972
0.4445125884776428
-1.2225603465294004
-1.074646384480067
-1.7945172525964839
-1.1351543843514111
0.8702185561522338
-0.12197001978330135
-1.729889241993222
-0.6482995328569677
-0.9369334351812307
-0.7056169560001474
-1.0344816805402215
-0.7716454490995007
0.072888330434285
-0.0996236240346862
-0.4429515044823022
-0.6170872300749076
1.7870528890701192
-0.26129317072978997
2.290131574431428
-0.6739609588622296
-0.27954318360178565
-0.45863720867911295
0.03381041462527652
0.5722503204201553
0.3777988310328171
-0.826182602505542
0.5845328723572062
-1.265555223837145
0.4915412481910768
-0.7425513988341887
-1.4529021391039734
-1.7579899557413536
0.826227988804019
-1.945368825317611
0.5357641753345864
-0.2527499048672625
0.9218555847311715
-0.5608371628137339
-0.10638223993701934
-0.938414990064027
2.013523963367381
1.8659760785998263
-0.013664883972878244
0.3388461619275786
2.934756213936276
1.4417452811006068
-0.7204939237665473
-0.2592610225946532
1.8648283987441283
-0.7349073972830727
-0.8726960762158873
-0.1733963321280996
0.3243918409173679
0.3632850899123172
0.45017028191065367
-0.16525736022325554
-0.3959667720696583
1.219294589492311
-1.1157344482735223
0.738770351825734
0.11035114422412505
2.144226092632016
-2.076409732198032
0.08879830244525577
2.307546994722786
0.36671841836184266
0.9930000959866722
0.5021715096304109
-0.9869196557719659
0.0685593373255976
-0.48916638158497416
1.643740539487097
-0.009875952225141751
0.16093109648105966
-1.9530934411532221
-1.776870226441154
1.9997549665303165
-1.5958181810495018
0.051917349710800635
1.3498589422564964
0.771626066662994
0.6794243609135893
-1.736503319054618
0.5604532722613988
-0.256868250134726
-1.136730454390193
-1.7043367140977457
-0.5592296742260502
-2.3671842331280586
-2.853353610406612
-0.7157314328492694
0.4596829491696507
2.6887670505231687
2.260996748225433
1.061227827082127
0.9320856442325026
-0.7978482605700113
-0.956616378569058
-0.3821380568299937
-1.2995532297594865
-0.09558675918553605
-0.26252935539618083
-1.3538589618689434
0.6944553411256967
0.5673568963525014
1.9798682742226372
0.25518414215074925
0.839124074739278
0.7031595273822369
-1.3363705414598022
-1.0914657628807343
-1.0322719042898372
0.46447818942218844
-0.9945789272862525
1.1631876342591037
0.04905756966219822
0.10617814553666446
-1.1824587211357027
-0.31036815234007575
1.525122426532691
-0.12052249599787984
-0.22825867654578802
-4.104295181017012
-0.8588956295598117
-0.2586178480449928
1.5434783618834083
-1.6101129013390119
-1.0803951944825259
-0.22766193063884582
-0.07046120309916765
-0.3104614322916788
1.2735951384364514
-0.6810189193577278
-0.4657358539847706
-0.17204171563939802
-3.037527808996057
0.6687644231577378
-1.1398513362452845
-0.2148420308230957
0.2608104602813553
0.8947942911162189
-0.23884526399838596
-1.6113932709526526
-0.8483325800974216
-0.13519756801725602
1.2008450170964038
-0.05879749629462506
0.9300075836021475
2.8162442992488126
-1.5319634987738502
-0.4193248714583222
-0.48026975968181335
-0.9977776803714692
-0.12967283142286792
0.8319732387347951
0.1374975916837348
-0.9127969104403028
-0.559427727179022
-1.3808225281206505
-3.18798734463434
-1.460163566246628
1.9034131592486523
1.8805878681253043
-0.8469925693768443
-0.1426512685938798
-0.956345631265225
2.3764085347182116
-0.16961204335161972
-1.3134020464184704
-1.080386346156672
-1.132641976914749
-0.5200095398958343
-0.7792809464357388
-0.6083007821673604
0.03539448629025917
-0.4801392268375885
-0.7214703651757969
0.1483233043362283
-0.4539834974647386
-1.1161530554575774
-1.3498089765660959
-0.5653876414346942
-1.1856187823752216
-0.05539258067615345
-0.9785695404274445
-0.3946876651780383
-1.624364229625335
2.6273267846265935
-1.4848834191569376
0.019668154057381773
-0.003642599775684519
-0.5553312387909789
1.2624395183551493
-1.8599533435271314
0.4814193433767034
-1.923803127412733
-0.7382972537731575
-0.9045374941091299
-2.502219357819977
-0.9954325397206699
-0.3711365609503436
0.8321340524549506
-0.09799602357513951
0.312865307761828
-1.011668184582756
-0.07684028147873417
0.7624214920802795
-0.2752971649152561
2.056376301284391
-1.1368045225224612
0.7762820937346165
-1.2384039008570176
0.002834024702207353
0.49123997558797583
0.041594915996118705
0.9774532508716851
0.08486575720417483
-0.44329395499122265
1.4056431541634054
-0.6925299167839217
-1.3369146193031216
-2.0106388819601553
-0.25726533461112916
-1.3952529474961304
0.3419716311062036
-2.432944779357538
-0.6559294219595913
0.24038787765455571
-0.3724326674889004
1.6571718859921987
1.134135714616024
-0.3730563326913156
-0.5130758151020058
-0.652842644188506
-0.3325450165262552
0.8567543199131261
-1.3122075024187703
-0.43073377906084453
1.4206259118704292
-1.934053379728805
0.7845866758065105
-1.3855590381000322
-1.8275391762371447
0.408874051089793
0.060577564773704275
0.09355783226146541
-2.2839132048679134
-2.104816439590892
-2.447603856680118
-0.3160581868947617
-0.6112053013431488
-0.5916834296277739
0.8079897605382355
2.66114688933635
0.13374162416446284
0.6574154182033759
0.36568497494335744
0.8000243449832322
3.269087565289999
-1.2954693089928468
2.604591289339046
-5.009890042826959E-4
1.0515605439578906
-0.993646690609317
-1.0105120183075678
-1.0036495683183448
-1.224673157447257
-0.3546092072334898
1.661418871602347
0.20344222375099952
2.2219360026520043
-0.7140818358147633
-0.31530620588502567
2.2581604464424996
-1.9098394169728097
1.515289717711964
4.196492703535895
3.186152769859735
-0.7208642500245365
0.9521093705944138
-1.5805964127597665
1.0203818394208912
-2.162293204305488
1.224183899172191
1.348562582326577
-1.469716223914763
-2.4938098177365924
-2.4763001194448973
-2.251432381119979
1.4750460860707133
-0.132165957925702
0.07389230366326412
1.5262039197971409
-0.2195710203646024
0.48770316219796833
0.21017846841386828
1.726697119736379
0.7990453154952432
2.3907247468777166
3.377531064288
1.9474778754278574
-2.6539017733973207
-6.965721591935553
-2.4452264241612194
0.6023721631804679
-0.14758348282477185
-0.08077669303257998
2.434779987332392
0.3104295067550082
0.7841521205448173
0.27618612172024853
-0.32772009539751096
-1.0246757202482764
1.3830075676053109
2.3980936571068816
2.9883821992204656
1.0064532213662494
-4.147500956838299
-0.8841996567213685
-1.3685608138237677
-0.7811983613898797
-0.30002878720092013
1.618812632287283
-1.7029749585014617
-1.4668024970026983
1.0496011006504495
1.157955863161503
0.7445644464774481
-2.213189751770547
-0.17183352207646524
0.996953944620856
0.31929594362325886
-1.7981196110065785
0.6644787928920598
2.8850313008462356
-0.05346093351449165
0.36702127581633925
-0.3997505520801197
0.34907049748198665
-1.6250828563620348
-0.3604553118965032
-0.43957929559944964
0.7008189198404293
-0.31777529211698885
-1.4539008068720727
-1.1487724977392255
-0.7436950899996935
1.8236970508058523
-1.8218283214225566
-1.1429458539000645
-1.1883184635861455
-0.1305237489066994
0.6337605823312322
0.40917764435483045
0.1403753294688031
0.5248498679709465
1.4614379037448904
-0.9906422984634533
-0.028928361156105975
-1.3137657808206755
0.34558475573995767
2.7562801254290488
-1.4774802003346568
-0.16068188816887277
0.07508087515803875
2.1297318884982404
1.549531395308613
-1.0169333437399946
0.45222651453816104
-0.77987451948159
0.5776674843683124
-0.7015115667282233
-1.3394951105005537
-0.30963513225117417
-1.4896966513351777
0.0693503582815477
1.0658226572622183
0.008321005442824176
1.1350365646165124
0.18340644194750982
0.27553710262593206
-0.8978981669437286
0.8615816549858132
0.35822606327497714
1.4304303339598
-0.2346745871842355
0.7744571618229377
-0.713416821600515
0.9869209744190692
-1.094284907143281
0.5968121352675089
2.37381250436255
-0.6889463111144414
0.37451069584458013
0.46634047252854616
1.2215204035461054
-0.9837408628682072
-0.478884727106002
0.13957381256392412
0.19717267244845835
0.5375105268510241
-0.04321148523816788
-0.33415335570065213
1.1090426528784856
1.1788389038641913
-1.0031451740251347
-0.1353581788442418
0.8103205518088743
-0.3535192273435639
0.08202412714327707
-0.5885940093930185
1.627247636913221
-0.12092580737662205
-0.923566255198333
-1.3946692243217755
0.9355931821055765
-0.04165998908637729
2.45315401510698
0.08701320054259894
0.5230573693181763
0.875559572000004
2.2323491516580054
-0.7157767144604142
-0.424413722254363
-0.5183442178612977
-0.1441681538409753
-0.3349930602568836
-1.3790057372611526
-0.3744875446695583
0.09198906699645767
-1.019787909662495
-0.08897521704875114
-0.3518558445162369
0.212272414102432
0.07407916789428509
2.9282253978939328
0.6489435078371163
-0.7694888361291039
-3.524185748205774
1.2707486208204002
-0.12997712150429608
-0.029888500978904966
2.1700784317421404
1.7666047407639351
2.8623406125054687
0.06046068889269823
2.2767758029824687
1.5845159963764988
0.9322082731185424
1.0483231005278846
-2.2219047333768365
-2.3419791137129313
-0.2501157371350777
-0.5044618920489332
-2.900049075462349
-0.3407000391220256
-0.8242083280430104
-5.421687949321447
-2.5363878963856075
1.605276493946973
-1.0324443137052763
0.15896925127622738
-0.9198010250698343
0.6786897045400427
-0.5788636537894388
-0.05300948550207845
2.344545626728713
-0.8840825401003302
-2.349577882440723
0.4736416830676497
-0.28769891808165304
-1.8609718910328785
-2.952866250770901
-0.3485473423778577
0.1808003132377244
1.6425715573317918
0.8175009157959934
-0.09515856855041832
0.15802639222242973
1.3887580263288137
-0.6920560200160504
2.447255889797638
4.3590029014777
-2.0183000096717536
-3.2035089959345644
-0.28326900323719395
1.0290518636476693
-0.22690189991679627
0.025119036135799976
-0.4014051713643268
-1.7620438208684268
-0.5928296032440992
-0.7689178349109169
1.109311334152207
-1.7901203593998947
2.2021210204342543
1.088283001119187
1.2596322671580813
-4.2775822607825535
0.058806776806631225
0.4442075668126322
1.6120618525142771
2.2836175174707
-0.4764179428946314
0.14126021439583547
-0.7554141186898804
1.3162496722460428
-1.1435142641629437
1.0305226483306325
-1.080145747752216
-0.45117999577241125
-0.02404042876407297
-1.1778818951404588
-1.5889530868750383
0.1487664301004067
5.069467308550022
2.881886251005658
3.1048404063077077
0.9647452878010404
1.294430327952274
0.9913867485945664
-0.7920311265137676
-0.6620619061317279
0.31555362818284133
0.9140127107637683
0.7731384170958914
1.9233264468845879
0.26517286377157384
2.0700824109637272
3.995649881637602
4.354803758718223
1.937111266456352
0.8816796671247523
-0.39951085466814157
0.3502643426647696
-1.8344971675282435
-0.060660250053689496
-0.01279383006906897
-0.6219008941776999
-0.5790102157938539
1.6033411377159958
-0.4440111328472459
-2.0598884044797314
0.3685226323921319
-1.1974903368071634
-1.0219026971720573
-0.6284752679734131
0.8394126172380452
-0.10231053873304698
-1.4970458483579594
-0.8828371519362199
1.774316755827963
-2.536000374978859
-0.37699076290661937
0.5667023137389231
2.7028147739706925
1.2236983490857523
-0.8038956840568308
-0.8749607101717451
-2.6670746491727213
-2.363421488281308
-1.6940761815519116
-0.022825506140146366
0.2159639111426625
0.13266505838782425
0.09072613669460233
-1.6756441397705966
1.7421782474810792
0.4807907195783081
-0.2840195297802376
0.7637041908857991
1.0633693874716579
-0.3817908322938424
-0.8684900906916888
-0.8836892913610884
-0.20542002354992367
-0.10511031098643679
0.19393291071342741
1.6908805384604433
-0.4791205832417637
0.43833220251739086
-1.4181088410038658
0.006337862776301829
0.49956826524210163
1.0329354061971563
0.1813646667778147
-2.1128739335152855
-1.3070348571476083
-0.6494702131878437
-0.8767231369985196
-0.3298582528363031
-0.6012889521750339
-0.36770258394501915
0.6631925340477335
-0.6121752036799858
0.2993080013993837
0.6741665212395097
-1.5778521146927453
0.31205937065514494
-1.0717385748752892
1.5460170106054083
1.8249940230264101
0.3339433306795249
-1.7924002174617668
-1.3277578740402152
-1.0235493260348763
-0.11822789389540053
1.015043658276913
-0.4251465517129555
0.11260557966584596
-0.8804537789890807
-0.38376540856477864
0.1345346803026492
-0.25489409372724253
-0.35660655654622614
-0.6547325756731461
-0.3134690243245823
-1.2790902291468802
-0.24951745194287117
-2.4797661453996294
-2.990661846771811
-3.8260345164009784
-1.6909152331440975
-0.7359910685944546
-1.1308080807363452
0.5523398269956877
-0.30643842263572013
-0.031971168523384566
-1.1491958492616383
-0.5854105403852218
-0.6004780612334579
-0.20961966912814228
-1.240220127529533
-1.444551145444815
0.8755631609124819
0.6652597169985622
-0.5266801196178698
-0.6499453805372878
-0.581236379851403
-0.8985581632586745
-1.8777618640443647
1.7314284630476988
-2.4708970517806557
0.14917067697069825
-0.7342732758232025
0.6788356957271765
-0.8860118210034245
-1.0152115774755148
-1.5470321929944633
-1.3616442135692959
-0.5380916349421477
-0.16927046609686128
3.292117829315816
-0.7218898104340289
-0.9262914923565545
1.4744568288321376
-1.4812560994473924
0.198281308128897
0.6709683021991286
0.6852962131280387
0.29643493258889675
-1.035240899258109
0.16287891747425975
-0.277619829188821
-2.3771718145767804
3.9410043447755907
1.1803566500152283
2.0620874939394973
-0.35461790361583984
-0.36746911063924326
0.1785984858522892
-0.591151033418774
0.9115225284157532
-2.248480785181773
1.0584121742561883
1.7290687454020819
-0.041634955096183694
0.6492901786348976
-0.37887991342083327
1.7247228580510119
1.2941256322466232
3.3163897636065784
2.1139914615551385
-0.44705349461063093
-0.9299091903257735
0.18632960704636958
0.052025514520154775
-0.6705918614732446
0.1435108009406474
2.7980206047892633
1.7277847791084557
1.4463048460219943
0.8821003310074976
2.9473393036006756
1.6755520480561905
2.5752348161796963
1.813281348737561
1.689100051540129
-3.4094238585003978
-1.2091103770255514
1.2744208149480556
0.6177869422005645
-1.329277744412485
-0.12018618891438167
-0.2709158157526071
1.9791632039081162
2.2923673125381696
1.1263554641510551
-1.4613186541514145
-1.3077134409700357
0.12919560507449773
0.0607801608589336
-1.2452537401132555
0.9689889131437974
-1.3567835261196257
-0.8445987062590519
0.7151914388463713
-1.2777821605750124
-0.16619403225020332
0.4839532131349237
0.4439791689792297
-2.6247426652049883
-4.813813365069667
-3.324345515062546
-1.014243016103399
0.24006335551264701
-1.8085523606969738
0.28076703719850354
1.7433752032233314
1.0332619264082987
-0.38679146139696674
1.6215019739122882
-0.04944521903164853
-0.6258461995405176
-0.8853731836539033
-0.11354117198195751
-0.7276474664413365
-0.7868022771118821
-4.572411189537787
0.39255758898724336
-0.3630793212100487
-1.492822030180322
1.8175227692421545
-0.14391541858267506
-0.039853962553947804
-0.9848798696815011
-0.06258264917499874
1.5164510085293277
-0.0603746594824596
-1.4083745587056478
0.07467850753726311
1.102327689676375
1.5686699051880042
-0.45288899566974244
-0.8700819519597357
-1.839786300323988
0.1492123987483218
-0.8399274182034633
-0.45316018487813664
-0.8620097429223993
1.2226608029347845
-1.5344961180609233
0.5296845569742986
1.1700152296935398
1.6270485317891736
0.5199136696169214
1.142079311166221
-0.48297779853003175
-1.563078984706857
-1.9765606926368664
-1.6194418751613442
-1.3613891513369962
-1.43846460356103
0.00420103377430735
-0.7561051916307598
0.32011710768849616
0.6524920922206577
0.25194908296905033
1.3207624952357861
0.5257221436695024
-0.0033673566803096894
-2.173913292018379
-1.2026628528091188
-1.0045574398154113
-0.9764928668978614
0.45774422297055906
-0.9507358286037176
-1.8578629746515045
1.773950127460111
-0.7192775281594462
-0.9081090990498698
0.04217657601955055
0.882528305629057
1.2166781404558724
-0.9186502967181446
-0.4917799216430312
0.15987127151954847
-0.39759934216202775
-1.7002810384162153
0.8247051491146299
-0.1443676957493882
-1.184241548214661
2.269951595458081
-1.0609186699497013
-0.29284363347951003
0.3476682825370538
0.06894178948954106
2.311143772855991
-1.5652878773085381
0.7208664316127918
-0.4307840688215447
-0.6847613225318321
-1.16984047297977
-1.33080472729903
-2.5496454068842778
0.48833327893339357
1.0085141023029731
-1.641096435235688
0.3841379558997576
0.05701335529296407
-1.8960104999861738
-0.9903527118749822
0.24338517161039816
1.3513781306138781
-0.44545894208936326
0.6196844136673106
-0.36768193433894997
-1.5167384391966545
0.37147649418142314
0.8416886485531379
0.9067255787587154
0.8397691374235
0.9237475270003811
-1.880266196096061
-0.929692585187799
-0.7845022269344906
-1.4113546965994337
1.1557320311665886
0.2595641540429507
2.2306769562662474
-0.973338528067921
-2.339556454390386
-2.2915494463280215
2.0594199485154836
-1.184115571655722
-2.4236582246314966
-0.6480091843815589
-4.523834992587058
-1.2361160019979243
-0.14399464705131948
0.4967340248152517
-0.07101556160458129
0.4283947797356536
1.0639150953966514
0.8638256105695313
-0.8953628723524188
0.8655115665856071
-0.51181713370633
0.3179485566825131
1.6696515880797838
-0.2503377378510819
0.637331338133913
2.026572393877865
3.0602430884803056
0.1919970607630283
-2.4712499000089685
-0.5230426587510758
0.6687871345683449
0.9395996235187377
0.14075366641837359
0.5779850961334195
1.961136388444147
0.8450295535266683
3.110814653076888
-0.22582949225952373
-1.0483187062437502
0.571217912392045
3.3176595254331773
2.8539647584100263
1.1202894189523294
-2.9823805751689876
-0.17298998987626737
0.2127354211466929
0.269470312246511
1.705523849098855
-0.40577067704930236
0.7641782047977695
-0.11399143466747001
1.144696360077674
1.4405617427395945
1.6523567211326868
2.0251310728693994
2.062219288262552
-1.2903402005319937
-3.3978549577179153
-1.0950502042285026
-0.3020883553563141
-0.9082489833223298
0.8818452768874941
-1.1970555459882102
-0.023506895278832162
0.4504052739022324
-1.2722479421005104
1.7735382821729033
1.7792547872526336
0.5772651147028625
1.5943125869843353
-1.2297216451002873
-0.4569197200516446
0.25673817771423674
0.5074899955035878
0.04704847192136271
-0.8351573798088895
0.03085653720049762
1.6539277382190578
1.1075594299075773
-1.4466321773905888
0.47841959662625133
-2.3658977472632485
1.766541106909954
0.6605920742458703
-3.9443762864898044
-1.0415270909505616
0.5785713034506897
-4.574253945373909
0.5735696005871035
0.44520942926669593
-0.25682361464959985
1.1197657145544182
-1.3272363272546575
-2.1386665650831373
0.699368126809693
-0.31539316089227015
-3.269699558851827
-4.024449605340444
-0.41782781431831123
-0.02033880512296371
-0.7709385338458179
1.3866450453394532
0.48826616605150414
2.2759870225978105
0.0830165160639926
-0.034749831475215806
1.2992534124755528
0.4627413783526943
-0.48877505012419714
1.1988569456099345
-1.502753668850455
-2.3216559566441872
-1.7801998702267872
-0.923222021828432
0.5378617102618001
2.124736295117802
2.4370692352621095
0.8135703134287536
-1.1918804253856838
0.1117174689475224
-1.4847869889640595
-1.0441539462293739
0.7853192037961775
0.7758229556835966
-1.3612880486122616
0.14560149825947302
-0.7693175488457236
1.4981067576611338
-1.2041133584437098
-1.2684752561967791
-0.7757069646225498
-1.0166468305871772
1.0087708087421356
-2.2007014531354088
-1.2181974380342309
1.1018145989745716
-0.3781120679012095
0.33534281960143036
0.6178880101078826
1.110123441901932
0.4519088549566353
-0.12311241257304727
1.0496765419442442
1.529496494767183
-1.3217534814068224
1.2312155476129576
0.9399606291901322
0.1550685589629771
0.41530720247655556
-1.019954073665001
-0.40010250928803276
0.2235348984049576
1.3966759399178243
-1.8083856897579842
-0.02674023975041051
1.8504763448097934
0.7136823634868655
0.9925226899744336
-1.0391390153838724
-1.7856066662500119
-0.9671205371358486
-0.130034685561602
0.9405603788351198
0.9073748103574671
0.9449871227433996
-0.34633432144309323
0.6874873899019499
-0.21460423846898674
-1.2604652884688166
2.0008774933050932
-0.5484118617701741
-0.9642485514748996
0.3331041344162187
-0.4289323717797573
-2.473539272639978
-1.7724311091581055
-1.18270785514536
-0.660259943843532
-0.2389461567353258
-1.4414881137292066
0.7270302668844921
-0.8356114788134718
1.2123266724979793
1.082010464334031
2.0848179775961215
-0.6248070106001059
-0.8459988057262873
-1.2024342385797677
-2.517636340484009
0.19510349471109403
-1.0198861659523013
-2.610916606496473
-2.4706812985569706
0.8680029965284066
-2.173649664387859
-1.219413503724115
-1.6686845472734786
1.2998665916558727
-0.7758449665059578
-1.1700043015968276
1.384459129511516
0.25043790396613824
-0.17331761980340524
0.5642369135806411
0.47781038021878813
0.7315154324827197
-0.6067768840831647
0.8959149554948691
-2.7296136002376348
-1.7873925318552462
0.706180320019707
0.6514825892251933
1.5330618571677388
-0.3511776160723428
0.7199210743999239
2.8347984755130264
3.0374523382519776
3.1733536252269463
0.4250653396083462
-0.7425451199885278
1.7905253074489873
1.1956568000308891
0.020866660709751017
1.3584183038105764
-2.222669634238039
-1.4505722003040158
-0.8036649616045141
0.49066461876003015
1.7177317599902275
0.04533996200709559
0.617922633019176
-0.27783410109950807
-0.23869096934729958
-2.1081813412689985
3.3432531192328607
0.05968848357316126
2.845498443104817
1.191523390224547
0.29567630393487226
0.36301139440980285
1.3433509013073552
-0.022181145499347375
1.7740262268023559
-0.24492007149403677
0.7306476649200148
0.875353237737212
-0.4387667848752839
-1.3947924095989481
-1.7306498462113473
0.8227120207804952
0.8112355472908741
4.459167890607701
0.9337260010435392
1.3856345906999636
0.5136294843651539
1.8188357994731283
-0.46497662670870665
0.45827224295686925
0.6778327459777375
-1.6472131522164295
0.17518136381228835
-0.5442006826665624
0.565769837268586
0.5259349674477011
2.104237940824081
3.108843102877938
-1.1386496717713155
-0.6707934031713142
-3.1931558749752527
-1.7047472846468392
1.7449385973887481
0.29951415004856513
2.604756053601608
-0.12440150955161376
-1.0331774475854922
-2.924598800610495
-2.6018104491813516
-0.9671161781609778
-2.038733114448354
-1.170841382568399
-0.22183871598776062
-3.984201852513343
-4.7401666798771
-1.805881727010478
-0.4443556733128523
0.18619822061155505
1.852338923704403
-0.8535255952584581
-1.0891794655084301
-1.2797813186221392
-3.981492356118387
-0.7636858978588853
-0.550851368605808
-1.5735105733079948
-3.278235809596911
-1.2597011537113811
-0.7728310593923975
-1.2881463685113999
-0.36664275017818093
-0.017570286764269416
0.8847775501077635
-0.024208293280830746
0.24115823478170723
-2.178778089455878
-0.140188819033952
1.4680660316043166
-2.072119059754048
1.2205091244601185
-0.692719193370546
-3.188310061442459
-0.9107259087011349
-1.8643378630671592
2.1478981662641305
-0.68632443775826
0.3954543394594628
0.40204986061109066
-0.45805974366232205
-0.6958460931603715
0.8141989297785873
0.2607293653345682
1.824947599821177
1.7585336734270078
1.4968037687985511
2.6556357251158107
1.890503177560779
1.1394941215117211
1.1070109217517383
1.5275455343479936
0.868980557827114
-0.6225616008511029
-0.9146880989900851
-0.5258216782899049
-0.07803051294449745
0.1280795074851786
0.5922788548522508
0.5570968767127413
-1.2267769693722936
-1.0688229062200558
-0.15366996807930056
-0.5277722747918367
-1.9487630830604998
-2.5414994212885267
-0.20755586896265454
0.9710707034841701
1.5557675462961162
0.011536206478091312
-2.6067396812602386
1.0856805880579437
-0.6651485236130699
-0.43907981327254775
1.1249166654910243
0.8933454329705335
-0.9439975053916726
0.6486545088857423
1.2344174697168933
0.24853960014535806
0.9828086351433781
1.3935534221701695
-1.485028967377642
-0.37236937480074717
-0.14223347941394993
1.171114548284426
0.1466573480429294
0.0995371668646053
-0.7575105571856513
-0.03144478300452524
-0.14832351302999688
0.7348056031088769
1.042199880481765
0.9731814158601915
2.1378155977860476
-0.34383903410809785
1.8788301215871186
0.45881113296257003
-0.3423722102904163
2.4654125499640895
-0.6514180877778138
0.345154001239934
1.6834033503038786
0.7163686849878208
-1.2351030682809196
-0.7546146395448922
-1.6756466111600368
-0.6851161922972223
-1.4828484615789947
-2.853924651796968
-4.903467750746305
-1.0170220488806132
-0.378324284120896
0.20235860383380005
-0.13159004852980105
0.034791254927513345
0.9419769718844844
-1.012107868785584
-0.3787233455706438
-0.7476498493448777
-0.8817897578540157
-0.8566176217353356
0.7528790045728617
-2.53286885965763
-3.7165772193795665
-2.577676817550077
-0.3715818823244722
0.10007718923107704
3.4383501868342767
2.3765087924108634
-1.1709661049511688
-0.7662708455088159
-1.0199448060929814
1.0318619685413188
0.10176683433084308
-0.9766683592296448
-3.3640652376571243
-2.578511589219655
-1.0026195317222324
0.5117116890644329
0.3878827375032303
1.0396859821400608
-0.5888748149865155
-1.0865814528609328
-0.06920436407125564
0.7594383428452036
0.4179051652421527
0.34610432469350383
-1.2967349426725225
0.19840273154391408
1.8311560421318558
-0.6345729675164667
-2.289318853495602
1.995882539036817
3.0629459103234637
1.6470646648506178
-0.4714457488719293
1.7038306641247178
0.7056645159930733
-2.809203134326955
-1.1402601021398295
-0.20573859179036663
-2.1489545101735867
-0.19574336835659456
0.9685485352761596
1.2987261743522291
1.7254588835045657
0.1650015956962209
4.029459123056086
4.238961488613185
1.5182112360451934
0.06294975580102143
-1.920988946150283
0.28475913126567215
2.443950946297672
-0.01438328848805357
-1.0818367103183646
0.24667566046797879
0.7409056768380167
-0.5721397697151893
1.6676410706737073
1.7470294514354603
-1.194960324354916
4.666035816308582
3.0354145179501795
0.1674176862376877
0.10426350042233376
1.2188834142718574
-0.292028288139556
0.16076623957451075
-1.2220764990563902
0.05718882919632379
1.1073832953565153
-0.01847677950788892
-0.29183748836844997
0.7777630756435531
2.0824987858558437
1.5702888758780635
-0.15199640655332175
-0.6677031930652682
0.4246339318801123
-0.34085757639335107
-1.7062057590458513
0.31970814644986373
-1.2805318618323414
-0.8224822458408686
0.49244453764738405
-1.5653912369379994
1.9353176007959223
-0.3585808151666721
1.8095293544340745
-0.9218996367954403
-2.074948573514441
-3.1661729603675908
0.7830387933985663
-2.593989413333085
-0.7921705743708515
0.9566029051881187
-1.765285922750947
0.790278051670181
-1.5333705282624643
-0.47452107964187873
-0.32955614783564624
0.5732077225934618
1.4400793838147679
-0.2022821245311737
-1.635445065580201
1.0270549280137313
0.008512382965977627
-0.702349636605489
1.4742002686776297
2.9329449317642577
0.9002085560526949
-0.10336289774617366
1.064090321461564
1.2628821955511365
0.9469911403603817
0.3312580748686773
-0.4353225077394589
-1.3551124116814637
-0.34609938381795813
0.3347082644855343
-0.5322458767910452
-1.0038413482835542
-0.8529947759869488
-2.1149411717027937
-1.8454907563549474
-0.7696605734746648
-1.1532861357051658
0.18357908002214118
-2.320253091636304
-0.5457353240629057
2.2649895996814076
0.6012158286873656
1.2849914792573538
-1.3198088059371365
-0.7980392108716464
1.290729387159896
-2.681344097830208
0.2739499521063174
-0.17887737774277934
2.509885298077438
-0.9245526208849543
-0.09155720294145889
0.36081861877981886
-0.8683223348840058
-1.042470120613483
3.232172201436955
1.3154799225107883
