-1.1677838573769992
1.1153653385461246
2.900126986471533
-0.09064865418691925
-0.20441253125603415
1.2968431872485235
-0.7689548476590434
-1.4035197317616408
-1.341199696632135
-0.37894233047283155
1.406245691793388
1.6032025068681093
-1.697451874210669
-0.6736191172867305
0.46168870083768715
0.13821154630425614
0.02348771457360263
0.7680255889326734
0.6790148024689749
0.4789303936965841
0.7900916943445422
0.4594365355523313
1.545192380237481
0.020721617214975365
0.18357938156476844
0.7592964870937274
0.03186158370384867
0.20406519931443293
2.2589195912109443
1.3796688395327372
1.3573118636964545
0.36431185919693876
1.10117873687923
1.1216447717636686
1.7487281434920245
1.165540411549373
0.3596564303567434
0.3546852478328872
0.14047008801819222
0.5980291330303461
-1.6011109729714164
0.3096201636763986
-1.7712240097223981
-1.5436344510576814
1.3925496058319922
-0.665276754218928
0.2324747739529223
1.018735383407613
1.5067161733849272
0.792323238627889
0.16244656801148177
-0.5207568321014674
-0.4897730254530752
-0.9796761421348544
-0.008883449910041318
0.6035577046685642
0.06011152280124084
-0.4807811036923523
-0.7327514120042297
0.2653974330674405
-0.10619860959483274
0.4787799886361612
-1.2070782150195787
0.820214920763904
2.0498117911931453
-0.12923332323205383
0.5984856949238668
1.1609495637168286
-2.477296154063415
-0.7715100218741036
0.15481770090781227
0.9194071989848186
1.2554065334758049
-0.41871022317659823
-0.23509134751932628
1.3817624664614703
-2.74481694473618
1.253609510126335
-0.18082479538933716
1.1618182772838206
1.533571525732389
0.060400787531115045
0.5592100718697703
2.731577583525638
0.7099175640591338
-1.520107531187802
-0.4007706007974505
1.1712121355768044
-0.703997712415331
0.11452603278070742
0.6866919839825827
-0.8054173436839268
0.9627213280014366
0.362596421995658
1.148255577317433
0.4733309978865202
0.4246222547570674
0.041618158000603755
-1.6875667839202897
0.19566873141578298
1.0292912126505678
0.03772269066859024
0.5065911793836698
0.8807379908180543
-0.1329135419394422
1.0131023028816863
0.8692526888138403
-1.314658413590623
0.4677491051314801
-0.40703023930892596
-0.6670554130418718
0.7156366169288536
0.21568115909365368
-0.1888195092548573
0.6885911032095847
0.4487469007815298
-3.2082052712723352
4.353471687734484
0.9204040236789529
0.5134492742052533
-1.2352818747007148
-0.6548312121983735
0.05884859510056954
-0.12197436126514434
-0.763039536858463
0.45750433172444605
-0.030621299632797652
-0.027785831338425177
-0.5097563605422912
-0.5511109671518957
0.16236227665375105
1.527023251033471
0.7450198961969694
1.0941154117569505
1.248716973366125
-1.0191448001384615
-0.5656931119211039
-0.3204244969034615
-0.3090124595345131
0.1768561523119674
-0.27154706102545106
0.6246703416689088
-0.054627037887821174
-0.8291958282976978
-1.2152769024323187
0.8857179604339801
-1.054941624949319
0.17111118989032478
-0.9015450001401679
-0.2754033419884334
1.932011158485578
0.2757465898845882
-1.0146849650101175
-0.37326380134683185
-0.8519678462420777
0.6814990537122757
-1.3626523751541033
-1.6746034981789124
-1.2002307491431456
-1.4353969206875123
-3.1638151449178937
2.248894002874594
-1.5848938504654482
0.6048292234583794
-0.4638890374420285
1.4989551684218645
-0.04472292044554298
-1.2620342690012443
0.3736205305941328
1.3726157385234916
-1.7100472881711037
-0.9733484864654145
1.2721258232182522
0.8029141962897706
-0.7370680862827129
0.4058481363452726
2.4778913275067893
-0.16341462842473267
1.8222122670322194
0.6428003776538017
1.2868454492112964
1.0994810275724722
0.4047188154813325
0.12083250604133627
-0.6951066322692351
2.1132302539858823
1.5971649285507983
-0.4550265555377936
-1.8468705567990644
-0.8069886993583408
-0.0011646369190810026
0.2614549791111924
-0.6229062985289641
0.10005849778429415
-0.5098302753357604
-0.019768275137205277
1.388010813035303
0.17693593375365693
-0.8942354451190928
-0.01908605876232883
0.13178655845063827
-0.7137743206732552
1.5152270836781854
0.4819258553347026
0.41327134046600206
-0.661403405836767
-0.6379771891530355
-1.8314135414113424
1.0691327044349719
1.2013109110747138
0.07273415672773749
0.4096997045496611
0.12208764880510597
0.2928356301249653
-1.0000518125982691
-1.955825902336605
-1.2661680119295036
1.5986781168387678
-0.8803704496858913
-1.0490838103543896
-0.09476755211782649
-1.557964392357916
-0.9516719692524205
-0.8935087468683401
0.5841633270103823
-0.09438988662214662
-1.32906930700222
-1.143270292970584
-0.18068365827953287
0.02433777416652228
-2.4545121259072062
0.44994786167529366
-0.24724812108711797
-2.5965379952011127
-2.02412988119417
0.5913437854124727
-1.884004141082639
0.9655678597893073
1.0025809931413994
0.40502138478166055
0.6289996492984375
-0.12081878728124013
-1.127383333202737
0.03216714683953997
-0.14857562265215143
-0.5111974755405229
-0.3124861058544259
-1.5731596047842513
0.5352765551082228
2.33898546183494
-0.6121200944888535
-1.3386201920019372
-0.2403092510821978
-0.89922745613615
-0.5545140616694599
-1.9746964657104251
0.06513743390474783
2.1941363552130837
1.3937465494813452
0.5230158728291847
-0.7429492968269061
-0.7958115487405575
1.4925333152713154
-0.7914443684451069
-0.4669928522145339
1.0411380714058838
0.50144875589871
0.09963478112123515
-0.19979635736171514
-0.980254503910251
1.2740244240627263
-0.010281511268748893
0.24503631088288122
1.5987688304141414
0.498954274446957
0.928932246858551
-0.33924938907512264
-0.007317430119296672
-0.3552936196598031
0.5165274852486389
2.223302907552495
1.5013745355516461
1.1859821271183097
-0.9818536423398686
-0.170306004208431
1.1515660495783409
0.16129037432744384
0.22696246887691637
0.5286474311094475
1.0699100451843035
0.45241884935511734
0.21906054245175027
1.6291327237853177
0.5587911307687632
0.985287808847087
0.7888684229277025
-1.6824555221551472
0.12294911917552714
-0.21979716856138073
0.808106855631606
0.44268956762627754
0.6095787220757384
-1.069430930893136
0.4276244348936752
0.8354657231302438
-1.6310539288982628
2.080100541015055
2.657154660176876
2.8594544500157264
-0.2893879992673289
-0.29900425553163923
1.2339693050085014
0.12596662418125174
-0.4602345918574348
0.4679136592772589
0.0786414078338712
0.7847307299372395
-1.2135934039912488
-1.0938966114369464
0.4754633444114025
0.15300843742990622
0.16544555751147239
-0.4373617321047799
-0.4859692875094285
-0.0778189813163845
-1.3919570279612852
2.8876743384346635
0.7562487285826888
0.25750594955213607
-0.28800322020933894
0.06708517534035371
-0.5090140531152185
-0.9723304110171022
0.03831966508233981
-0.22996577849368482
0.4831779559358317
1.0101549962470953
1.204091280404695
1.1386820347047737
-0.46299278536814764
-2.567302003240143
-1.6806840632403488
-0.29433736196168264
0.9363197579838217
1.9664058749323063
0.12297729899364403
1.2748307224742703
-0.5176297630776674
-0.7360480048744492
1.3512040096057207
-1.1324851527312334
0.16162508142153656
-0.196057143335111
0.7348601930177303
1.967840103172426
1.8269717121170463
1.1099210209014854
1.6151155758672233
0.3857896554974589
0.34220353556594735
1.4406293861574186
0.49008560473974977
0.499829112114602
1.2188952181311374
-1.1824641543082102
-0.6184704929564253
0.04267223859250763
-0.24932938324310602
0.9019146912983639
0.30705114554224117
-0.5241253923966946
-3.3434165426073954
-0.7849228298383684
-0.20279324628962028
-1.167817550694165
0.5601586422047669
-0.36524208420885457
-1.86116627599346
0.4286565042298992
0.09571329126131221
-0.22258533832658073
0.2909782862490802
0.4279538496740036
-0.08277163068773372
0.1347757726314557
1.0258301268248244
1.9910948621306794
2.111710966537079
0.4716517371163809
0.7324929570073572
1.1138475630568343
-1.1469460148676816
1.4164772349483379
1.194733713242237
2.5194110449224083
-1.248553936278047
-0.03465983068844456
1.1724579398426185
-0.2882432531166345
-1.3217038430040002
-0.8010583116624792
0.0064685593952955155
-0.9321260733076715
0.48227578035191654
-0.04862330560201118
0.18167949499522112
0.9472512046172427
0.47031836818139905
-0.722905416818521
-0.2559319875830138
0.3502944774047565
0.9389101247879603
1.3695719060806808
0.7402410472874126
0.8725641072138224
0.4160441020677439
2.027819015883538
0.9641578775218501
-0.11032535380466067
1.9530092954075036
0.16308548151445473
-1.3673356605095857
-0.759119156864059
0.2712962319679973
0.14479345337825408
-0.08001334944211842
0.9723628734241961
-1.0782583740205791
-0.24043745961123944
1.2799558295649143
1.2282702873965814
0.37426632648018393
-2.2757301241348693
-0.45727429425937016
-0.34779179096690305
0.4300394413789246
0.5742526520025847
0.39347106171774837
0.45044359717488447
0.3189453641325865
0.37366679636364497
1.076958870825445
0.2956962870135152
-0.02966003984517084
0.012084317952031782
0.1003053087588376
-1.012041327482264
0.4539958834918812
1.2751868893735152
0.11605837453236001
0.81956568499494
-0.09874664500005459
0.591874093387979
0.5916250193189421
-0.6370584066506193
-0.1721546004776827
-0.45180649526668054
1.3135049674140475
0.8430721353693283
0.7319078528064034
-0.23409378145848075
-0.9859360777952073
3.450251518850414
0.7711620552631471
-0.827923379591932
1.3835547501052923
-1.4819705925935862
-1.1381551784472141
0.9463062004968704
2.3913979434657686
0.14738611713373598
1.0038211447444498
0.24517241698768008
-0.7399703332179665
0.7203068382962626
-1.2196483332084942
-2.5675441012572997
-2.6461849823775814
-1.371512524091858
-2.3234298317347544
0.9321057903020453
-0.9549495328624097
0.03406531611918955
2.427274103577025
0.6368109276102524
0.020198328939717045
1.3602429655245414
1.475124472556682
1.4223363968282219
0.7226341606728456
0.2415849702280919
-0.8662748707884763
0.32601542355068874
-0.6377565304707742
-0.7224980875227219
0.7988044275217139
2.1175699549502056
1.055471995681611
-2.5849886439951852
-0.8488140342067091
1.288835733806646
0.7744008573269816
-2.5645883626979074
2.6221382920956504
1.5199786817783179
-1.4956729385462824
-0.7950993798642958
-0.5994141444195951
1.6459028963987679
0.3787425342729912
-1.3931008968222858
-0.5611701225870223
-1.3407985004625564
-0.25728782003190986
0.20062459365246033
-0.4227605783139401
0.29093290863817156
-0.04022187107198987
-0.9887171658266847
-0.1878774761407413
-1.0672884176874493
-1.2449362934203068
-0.9006909754213002
-0.5313424303979288
-1.0211058175160135
1.1890297558514986
-0.3947159765183031
0.8211209394358708
0.5173309225172108
1.0550418272298572
0.35047174168097966
-0.338755265730868
0.6028957472921834
-0.5146571505386991
0.48887371269844143
-1.1867611353327403
1.057861975684423
1.0300195194702053
0.37017854158288743
0.37936652053999337
-0.355873205200232
-2.1981540159068436
1.2778347423892482
2.283344674867759
-0.7217060417074167
-0.1408540529158645
-0.6608230732030544
1.0413064404133017
1.652224944729475
0.005698752937126481
3.2053039502050225
0.2343472641225964
-0.06744225279672235
-0.7018778648146307
-0.7974223526656116
-0.36739629454373535
-1.2135767861091082
1.0088682292877793
-4.013803500140185
0.032907525060966024
-0.338298139084551
-0.15568473183944348
-0.4985568539381713
0.5371941433212761
0.24734531010004704
0.3986862499821107
0.1800206618994667
1.0495598819778043
-0.7147460806451625
1.7404405708238222
-0.38731769112470016
-1.8510932060035845
0.2041258284158043
-1.0615709691081823
-2.016653435153777
0.5081377964184428
0.7494650999442101
1.4242912251369417
0.5009727945090282
0.9818980209070401
0.24163127355247221
0.21721492221058114
-0.49243941226440424
-0.8255480492100532
-1.700942709418884
-0.34439215658022326
-1.6191679805471781
1.2145221334243654
-2.8315423754247373
-0.7688708598273154
-1.6092969296271415
-1.7866972056103403
0.9185107947016593
0.4453547704436301
1.235474653751499
1.0338587235610253
0.009972269461749995
0.9791688727847443
-0.32802011229065475
-1.9316505602632628
-1.330795759715982
-1.430894276860342
-1.9832384485570664
0.24912344757395766
0.3993105457300702
0.3091431274860599
-0.8906888751336736
1.3358930035507097
-0.12913805444258755
0.5545412800986005
2.663653678077682
-0.16944202864281951
-0.5667812382790777
-0.7387092984274504
2.391284743073566
0.5442633837519029
-0.5306090289757817
2.3900918803185838
-0.6114238436180532
-0.36867938871902156
-0.4943487753251159
-0.009077499555510371
1.5882713999271982
-2.9542144392770293
-1.2634846112177471
-1.827633804118232
-0.004010426833491715
-0.7452815034289387
-1.2599913916327385
-1.2388250855303269
-1.8160376029900316
0.7636897212150401
-1.6580131612924287
0.10459454021262471
-0.5161089530177052
-0.603933271337238
1.7577199734611233
1.706161369387055
-1.1581915559897844
-1.2252378363823775
-0.5469398769512352
1.4751430182039758
-0.9118873810234642
2.097443449356194
-2.107587725989836
-1.390419346424647
0.3781362169984589
0.2030883266022292
0.39336794809960024
0.6875785126349455
1.212403237458114
-1.4557485075151733
0.3545012462158694
1.1317588133841816
0.2519870042502922
0.09419996390820579
0.5409758437482102
-0.8671351418973721
1.7006327243782244
0.9894609089175114
-0.16415820384643712
-1.5700957167916447
0.4188754519997333
-1.2298927020007773
2.1589637797079804
-3.193808043314204
-2.06572528018335
0.8810978138897325
0.28252981168452895
0.2056449229751297
-1.5752968669099736
-1.2246743473553021
-0.06280187460126659
0.6475567619647198
1.90560931964073
0.46855194221955915
1.0179143748124058
-1.661653528703377
2.6515820585205057
0.4474643280912023
-1.3309732353107118
-0.14216501450616814
-0.49899827198760366
-0.9504492502247419
0.36057657582768565
0.28500482337663186
1.2964133052374887
0.4220502606371879
-1.0786815472393765
-0.017419265559278828
-1.4003610592869526
-0.025110534788432406
-1.4953859002967678
1.242835484632401
0.11341972380535023
-0.3964199277110183
-0.11284162761682995
1.0859023145183482
0.3097952850950691
2.0661746127806997
1.8957441567139377
0.2111914573314397
-0.8733205732265277
-0.11075124034664567
-2.092849947130677
0.1717207154899877
0.37859805144938247
-1.047494340956526
0.9856596283011485
-0.7629623245154775
0.7345191283482106
0.41142786790819114
2.1898556686234394
-0.07264124479370498
0.6660003007363204
-1.6172709320384702
1.6098072819439482
-0.6748496012750775
1.1772885716764188
1.7702287303491828
-1.2654194225724256
-1.9328607777879614
-0.8551047587788215
0.07999692569127705
0.2642753037559223
0.9097206049708229
0.7068898151943102
1.6669017999933724
1.8326685512930905
-1.1080039937570358
-1.6516070283880764
-0.3339108909944789
-1.4960481434414385
0.9508503672050502
1.05493699601566
-0.9652967325826538
1.2971406343414407
0.2272593169828658
0.5161746666320487
-0.5032453056021335
-0.46567055808099994
0.9981242895579399
0.037887875339954975
-0.48606187833754755
1.196933064780581
-0.06410515509423222
-0.686729998018172
-1.8487844632371209
1.854802806604774
-0.4921159352706251
-0.9697872644147195
-1.4612054818628086
0.0366965240388279
-0.3222943177324335
-1.0481101847814305
-1.713153649557939
0.6316968163286021
-0.6085740465399475
1.3010432615191037
-0.24346504760916096
-1.1301806327819595
-0.18965779978673053
0.37033899651039387
0.18948298852238338
1.9212667297586963
1.5498626843393741
1.8239869925874321
-0.4010482267284098
-0.503496976500982
0.778127194475767
0.09890951145415623
-1.8677318456414622
-1.4000330236649037
-0.40847285348148715
0.9878055808213552
0.5408561249360683
0.3851562953651028
-0.4412885183589945
-1.834567646512842
-0.9449587394794619
-1.1284709635194823
-0.8115611830529167
0.6302772316286301
1.1750664440185494
0.8902223980256685
0.007269847653481248
-1.5965667397986285
-0.013036322721410486
-1.1209444565247728
0.6313494534829862
1.3855882417049796
0.3017625586417048
-0.7231762164971022
0.5214524768468176
-1.5475414480539134
-1.8082665415565478
-1.8562898174753806
-0.7074875129735548
1.902244442069317
1.908981899635637
-0.3527718347308747
1.3960989583494485
0.9372399848005402
0.7402891068265968
2.104920355933049
0.3535796842335252
-1.4139113296833137
0.8524729909513954
-0.6849067945488204
-0.0813979530895222
2.602134023942093
-1.2022501152367235
1.579221983676043
0.6072902110512965
-0.995773915127491
-1.1510204542709512
-0.002528358914547765
-0.3544319081787786
-0.07980226520307597
-4.091522161753944
-1.7276606729202775
-2.6168955295877945
0.509301958465059
-1.0091562034806334
-0.559115919733192
0.3076996064433136
0.6950908447785527
0.8009568136010216
0.5991810010769459
-0.5758950219052745
0.3619120562813588
-0.7197871139564783
-2.392861200102095
0.2968938599803173
-1.3451618072566591
-1.8438854652097443
-3.0239522717139797
-0.8611333977861007
0.22146608212640628
-0.7103921040825062
0.94622753180486
-0.6592893971767515
-0.3221369267525069
-0.6250960067507558
0.6351307111499287
-0.15505607212129577
1.0252828600489534
1.0918325295103426
1.2272092129407481
-0.41177570652672574
-1.187767062231855
2.8977182404153226
1.0535854624265006
-0.2102772348704535
1.714570133157707
-1.2086795815846685
0.7057521193687513
0.24375133569869628
0.01212799809559897
-1.3290488656172263
-0.6105648574182372
-0.783887791482288
-0.11826059889652812
-1.7543699207445391
-2.062942438864672
-0.24706256158856715
0.23413664290809985
-1.4855060461059089
0.9067780065096924
-2.146088926992006
0.698624465344158
1.4076463206961565
-1.5940758634947327
2.3315936695402693
1.3209239945525297
-1.2165175187039738
2.8228669495013126
2.442124715522744
0.5196078373819539
0.537366309534523
-0.9550520100295432
0.4970844983287697
1.8034501484964345
0.7781262848311413
0.31074140840622594
1.7099919280898777
0.5236656364356197
1.1328204279810303
-1.1811565836044398
-2.3879021776973675
0.09705431880543314
-1.3898253202822837
-1.7117630437079836
-0.959435149260489
-0.951507672219763
-0.648883287299383
-1.069947145466242
-1.6873934800656407
-1.348732685303342
-0.892954096185964
-1.0191196569090852
-0.7399788104166675
-3.6821145920312546
1.558094738030425
1.8266455439507943
0.5609985012114679
2.1761909831160176
-0.010086003660389076
2.2197600296176465
-0.531522680470361
2.7842859148376684
1.1475671527865836
1.0267992239570514
0.226389394217026
0.09655558271474605
0.6245722852643248
1.1055418618062025
-1.3976853585261202
-0.861365960525018
-0.329563503866181
0.35005814535446067
-0.09931743386370953
1.048075627041592
-0.3065971763485527
-0.9915183692239768
-1.5760800263807828
-0.6197467375546983
-1.0573511067427417
-0.7053967400555912
-0.2171861006050678
0.10833727655772633
0.28792273781518524
0.6220854620030836
1.3636950318952823
-0.2204029237037912
-1.4637281815582786
-0.2097366401582526
0.867050665297691
1.3347173890419957
-0.8781413236639901
-0.2694410401166648
-0.43929599124363816
-1.4498175574199057
1.1326760579846917
-2.61659018041316
0.9003605213912065
0.0742797377106122
-1.383844041255203
2.7558057654460493
-0.8590156043427691
1.8625480731971824
-0.18896564168429308
2.6661233971448994
-0.17270995082623242
-1.9196754897390629
-0.6765085169157571
1.2761656652261277
-1.9846192466028303
3.1556304055320057
2.2065474591346788
0.18440608648713658
-0.978224324285747
-0.38084893587008856
-1.1500656308973747
0.4536112149184551
-0.7109749121140595
0.08671580048181483
-0.6053238367369896
0.6356502751647175
-0.11185769362848982
1.542409046710585
0.4711045892514207
-0.17498400128549177
-0.47565804971345665
-0.3000475319077628
0.4949068700333189
-0.8823354676520144
0.12161644032513612
0.3602007716154827
-0.2877836826608614
-0.045607756451140506
0.23235749386565652
-2.3384668354816083
-0.3754132405442795
0.14758016020527076
-0.43094880079074155
-0.2877317004832027
0.9054263287287897
1.3927615681974497
-0.43512311349399563
0.622341523844036
1.5510335206076769
-2.472343334252234
1.2473221698822354
-1.288379344748025
-0.8934196078931009
0.5852708926411627
1.0945364517274696
0.37976943605118035
-0.6198130254719625
1.5980648146054837
2.3494618009347987
-1.2529169487067175
-0.17009682813989258
0.34446504344087225
-1.0605304519406729
-0.33210353375374313
1.72020731247524
1.793719327476627
0.27488949527290574
-0.9637597021525518
-0.07479106273370915
-0.15057734003573567
-0.4589519778119211
-2.572550527635666
-0.6536398152509949
-0.023927932216684385
1.1010374147549926
0.7211797832948723
1.6300885536214955
2.3126138555761466
0.33884495512869245
0.9080875226200336
-0.6231847598751733
-0.29950310219726467
0.8066476701580344
0.5596142986071445
-0.741951414548021
-0.6421257901314741
0.42213974029001416
0.32054068493102483
1.4084760281705055
0.9246765101768303
-1.3691171221360452
0.0839999169551924
-0.16330546882992467
0.19707564786956322
1.3288773286710243
0.6094194929560931
-1.6974393649830724
0.26505391590519667
-1.1608353792607236
0.38804280574714123
2.0069097994062304
1.129888125736936
-2.812932078989098
-1.0188614277605381
-0.6915387495545199
2.1539252558982724
0.5135724878356597
-0.5779418248419927
0.363417611805105
-2.0181019660048265
1.0340684933536832
0.7278731496856287
4.179614261609054
-0.6764984074339583
-1.3306119676592494
0.2827978809149113
-1.8629495673188528
-0.23688677545259967
-0.15856825421161877
1.2344994651432208
-1.4676807200741986
-1.3888287277010503
-0.7983449807959576
-0.6826362307617554
-1.6117954012730547
-1.819015991590745
-0.9819402537906644
-1.1821704993794826
0.9733418213266353
0.9754400033030078
1.1595163995304596
0.18672032403442979
0.05056825036751449
0.6100329335723399
1.809424946519532
0.29989703226241404
-0.08350847431506993
2.5281321084069592
-0.07893249904400053
0.17231223231670648
-2.0353980451428355
0.892242194771318
-1.0933692469171594
-0.026533196660598172
-1.1516404586574218
0.07265468295492432
0.38525193045286704
-1.9153027333987063
0.003208608667967617
0.5297609517437791
1.6831300095682988
-1.0165921648498037
0.5427431167721937
0.8554983560035414
-0.9608716084130109
0.7419983046182436
-1.365518850678987
-0.2298307210531805
2.656364724386578
-0.749435220552318
1.2943025029741615
-0.8462724714713634
-3.3841463582775195
0.28026595626693496
-1.182743647372985
-0.6099893928901937
1.5470715544078337
-1.4036897002211126
0.2717755071918692
-0.7633482941235188
0.790592958276395
1.9668372418962894
-0.0049532571472559695
0.6425175093969214
-1.6108504611772916
-0.3925108914614496
-0.9212764526716998
-0.29329989471527435
-0.0440443262857648
0.8018318520338045
0.24490760626612568
-1.8162781163766764
-0.2961350370905163
-0.9170144043748019
-0.25290914081577476
0.3854488603857572
0.24584357540731663
-0.05668172245754918
1.8104593181820288
-1.072857536239326
0.5003798322095263
-1.271930284031617
0.6261411416933534
0.05391013958423488
0.6392548611234273
1.4938497487695734
2.0912320588001068
1.7926463837374473
-0.42082455576787153
-1.8388983487703516
1.8124448007061156
-0.6133682352276405
1.9430468295012657
-1.4589339237173489
-2.3803595721238464
-0.8911146746171722
-0.6683119091625822
1.137850854337808
0.9767977747068766
-0.10552250904982237
0.536638070430253
0.9023180686796458
-1.8071508582770663
-0.6439019400515448
1.8463969322925662
1.2769554964251355
0.34610240106217444
1.0946423582764768
0.6692196081915153
1.5072118515005533
0.31291258759479973
1.4234624955134725
2.396962249961304
-1.9777442601722188
0.3781498722135211
2.170116005822824
1.494536143000017
-1.11894231336536
-0.9467629935875171
0.43907449998258574
0.8534484758521513
0.3136517157298182
-0.7446387828503146
0.6445939287873667
-0.4685090493134673
1.4775999042078973
-1.1425172664947227
0.2436460051004075
0.23546227778799048
1.2144025553793454
-1.174752205771599
-2.3024634687177117
-0.011093078680937543
-0.18513842314631454
-0.7789264264383148
0.6243472563460608
0.9116982677730482
-1.6715375100232734
-0.2769786870365725
1.0845778776563166
0.040007940721385825
0.15072089773090158
-0.42918277922959575
1.8886882240237928
-1.0172779424676186
0.2638325778850671
0.024860032296390906
1.1297983338671524
0.8971375160023867
-0.3163807264649954
1.0084665189579607
-0.10437562071946827
1.8829221237238494
1.935524978677609
0.5753331885900606
-0.5546500720642967
-1.8168172288370104
0.8381513401068889
1.1180502667045658
0.47464322567639633
-0.8938841046771014
-1.0805296860011493
-1.8118459814462968
-1.026830108281659
1.5748756352041382
0.8327089104858396
0.49215499322932255
-1.0792400571512868
0.19341981493619995
0.2641551839672777
0.6734690713040049
-1.152876825726697
-1.0745293654720416
1.4830234506081736
-1.6271505580636798
-3.1808153545873465
0.10088786531231048
1.0755394204628912
0.9655169221113222
-0.5203621604869827
1.0447701170204866
0.8847499590319978
0.8496090213933378
0.7746589738649851
1.2858543938164908
-0.8300375416933531
0.051635710151701895
0.937860403309072
0.9614816683701927
-0.5385497484673196
2.506038468442348
1.4454178913751594
-1.637579585170305
-0.8640616860387877
-0.716161693754394
2.5968027772465163
-1.8689258609529145
1.0252368215902528
0.9205709365500206
-0.6225636944066065
1.6502800544026905
0.6775690143662476
-0.42799425170182476
0.8624096033777314
0.6711067114695758
1.969766825291028
0.8492530040231275
-0.6111964603826028
1.0129141562166009
1.2697084613798488
-0.23238976438074163
0.25106629189200563
1.395985850118639
2.0922541894016007
-0.08611727359417107
-1.2974281351657215
1.2225947257095924
-0.4916978316394144
1.3785560393451055
-0.5123064035036523
0.3277837073803228
2.6350432481417516
0.957648349220048
1.8636182898488507
1.5342936391103943
1.2227241322464701
2.554097755643158
2.6266316950526116
0.3303907983258682
-0.973206844450757
0.5205433929313229
-1.2887392534248965
-1.0629770967529362
-1.7011788714429872
0.19818655013135647
1.9146720037398552
0.462521997836405
0.5530881231210317
-1.4272960076166132
-0.8732094072645336
-1.5062730156647592
-0.1697637501951724
-0.5047871621404401
-0.5332569018276287
0.051174649561661026
0.3782781394915105
-0.8481169294256349
-2.047246296888292
0.8780498606136247
2.120139433608826
-0.21793081774589496
0.34969121249382773
-0.5752417277306022
0.3988709581333647
1.8829769863911445
2.5951091026741517
0.13663275658215338
0.06351506737340055
-0.9687135175985582
1.681665068091293
0.1360749755817907
0.6021005569336061
-0.7704795546963926
2.0273062424395074
-1.5923388373846066
-1.1666419164451005
-0.9396739259811281
0.22886892682362975
0.05246498465603578
0.9069851177690955
-0.7710416928556352
-0.505094799577157
-0.6231692034185973
0.28031234291809193
-1.6051773653476429
-0.5599953043202972
0.6810074860585982
-2.0673992883548804
0.0016401175499885852
0.35715615557016
-2.156227299641851
1.3353228708718727
-0.7948305920273067
-0.9437285976728123
-0.25203295658674074
1.368886390387157
0.1497584757557933
-0.8989935308365307
-1.269181073162206
0.41901285249798764
-3.025987621036309
-0.8619645370624536
0.00826589371038986
-1.3149524273721258
-0.3321329487006668
0.5435991143445555
1.5586909243031337
3.877918611133198
-0.01927712772433013
-0.017944153330725687
-0.316681345712069
0.5898573093395006
-0.363243942895324
0.4820416650114132
2.5538490882397116
0.7065703008471469
-1.3615884236371532
-1.1335817786209077
0.32506920240031295
1.207330093526964
-0.6957964542388652
0.6888438660124451
-1.3263789674119173
-0.750957593326675
-0.2599231155013935
-1.175585397626722
-2.010394908342526
0.3382136016779196
-1.0433631518090716
-0.5838389230332997
-0.7750605392757391
1.8654722116098474
0.5231629781696047
1.5406862937968302
0.4762708057830141
-0.7565899968212574
0.010101497742712781
-0.9271398631678578
0.4680239534889627
-0.20860574037496124
-1.2105422033691176
-0.17216978013846154
0.5056185470484059
-0.44318363141472555
-0.9379170375470994
0.29702310496302015
-0.9485935070395357
0.10487129848518856
-2.070770668683152
0.47854149874101737
0.032378669869077836
-0.33234990024848765
-0.04346751149303701
0.4481884812339197
-1.1165741298948215
-1.994384949555198
-0.22457350871311813
1.2829503348770985
-1.6782324589676139
-1.7399850153119858
0.7276586587544313
0.395762940931539
0.7996044200421992
0.8385724542132758
0.731352339307495
-0.6175287065348412
-1.6002812649412674
0.7124607195200098
-0.25274343188045034
-0.45287967947286295
-0.40865041901991034
-1.007238625824548
0.9219691006069393
-1.6165443768456516
-1.0193830796915524
-0.41266940028990334
-1.2077773340322047
2.2194473827329473
0.8865027123517639
-1.4561112454626728
-0.6333534591436635
-1.345380124870792
-0.06063835259697855
-1.876754923852442
-0.5855960732952452
-0.9811221932376472
-0.20360852037184485
-0.7115493987476704
-0.4890584095170556
0.5578444073506585
0.7324489668806308
1.5777398767076372
-1.794032950856743
-0.213196777407784
0.7143128542488524
-0.19884299553188572
1.6723513300787922
2.486654649539633
-0.029813270836264377
-1.0539705258507588
1.2553368358870294
1.4859381656221116
-0.032275937292386106
-1.0895402631120448
-1.173772607311045
-1.5880257773191981
-1.3361964662128871
-2.0811076156522783
1.3306498658790453
-0.4500910788424558
-1.2552428995438762
0.4075485305288303
-2.5139173746047443
-3.268037831168763
-2.1966280893978483
0.367615145073229
0.7918897665802234
-2.424737262302441
-0.06399951476478685
0.08243547763150347
0.7233988985747445
2.4103793765488213
2.084757544260407
0.6722950476366882
-0.6356901417539313
1.4058179281747625
-0.007440320669308374
0.11293964218738213
0.050240114956499396
1.4748664507689389
0.2265949205416172
-0.02481901144776325
-2.040463241131528
-0.5400114615535023
0.28888204705585635
-0.04700188491938593
0.2800057293087842
-0.13895885548998937
-0.5202561847989694
0.26111200623573705
-0.5722960464720782
-0.2905559531532959
-0.11217165953095028
0.8955429773424443
2.0324664001858572
-1.1862712198424257
-0.9518405510360135
-0.771517172931245
-0.942895130341215
1.1210764748081543
-0.006657067041333144
0.4453827244803055
0.6676508618412561
0.7511428819981901
-2.1820289840467284
-2.5258932154863194
-0.6677364754046106
0.9704291969071336
0.0991711156758562
0.017110062962103698
-0.9491061805204727
0.28293845955582925
-0.4829451542930659
-0.2528578477885144
-0.6537458949706885
1.509427575344277
1.3728729507505508
0.29300144903216385
-0.10297976360565077
-1.8784952490978013
1.8448453661584332
0.3381409804788681
0.4695200968089654
-0.4732237617835598
-0.407821264039449
0.39669944163390725
0.9216230587585229
0.4940121408850109
0.8102393293716327
1.501016589696642
-0.4951071872176132
-0.0014362861769228452
1.0942443166981686
-0.802931326867464
-0.14222265404996048
-0.282264162930634
0.589556081386092
0.2373652059692355
-0.22955298723344186
-0.8941906161339791
0.20077380152821772
0.336982516820622
-0.17265641158718842
1.7372927270764271
0.5397497725140222
0.34688429769816675
2.0570208575583773
0.3230280363695339
1.2404534364441262
1.2673738494055062
1.9064366223552454
-0.44563784872352635
-1.5527606449657803
-1.8819701993896645
-0.16755513529840216
-0.919541482049098
1.5267961641447394
-0.7792444525821971
0.8289291648532718
-0.4595992288943964
-0.5688685238746615
2.9002544192389017
0.6612787089683188
0.09988322846952019
0.4722384281045623
0.2586114750713759
0.6253600190473316
-0.8188669217129522
-0.7414060728671018
-1.876878153065242
-0.990841839987856
-0.9784431435461873
-1.5850989216680194
1.2795157423955434
0.014665634695197908
-1.3215103584867922
-1.9991255839442226
0.012397248176820572
0.03699951972035996
-0.7435165814006649
0.9150706751437947
0.5603109486497986
0.48360337293218963
-0.23552349993950208
-0.7574169996300312
-1.5910265927381175
4.155319966001766
0.7688251044344924
-0.7896102263693028
0.2802059527909879
0.03568089472728433
-2.699964680403714
0.4742764412449927
-0.3309363974553123
2.5523598310935234
-2.244149937289197
1.9248964343395187
1.4638664678802935
2.6977373228915837
-1.4864788730272631
-0.1073672971903023
-1.2663003469074912
0.2234438741591354
-1.2045667253462724
0.9390154980491546
0.8006359822397715
0.47270923279410526
-0.0066872308885244204
1.561209453930692
0.5416889225026537
0.3341057533706642
-0.015945821783349155
-0.19689155904210154
-0.1516307605212794
-0.4259045134978176
2.0583768266461595
1.0638074972027391
-0.9770720097433987
0.8761401525374607
1.1629013894304956
0.8446917833048125
-0.8210482306562807
-0.6601522820258158
-0.3911059858864452
0.5882125763430347
0.5914046030027291
-0.010725518278404123
0.5404811494162225
1.5429137132443542
-1.0797720164991194
0.0438565162757568
1.6997822664543452
0.06415781626697603
1.885401056106493
0.10703363655808532
2.1970514924818905
0.05416316710900018
1.6463234348928848
0.5874775429422038
-0.8228428833019689
-1.2306861416691899
-2.3579334990050227
-1.184745668987276
2.099419195468613
0.0836017318638006
-0.166159420138707
0.8843600293645463
1.1199034998977044
-1.496661884884221
-0.13324689882880913
-0.721931477330014
-1.1203354343381922
0.09005191007977864
1.4591749725429868
-0.13839610669701696
1.8047211292471292
-1.625006619622264
-0.4785771544653597
-0.16728468391899848
0.7945979620576602
0.2782536830185524
-0.42236149912669685
-0.9144060055725308
-0.30968181897589253
0.3189518357857875
2.032274024115971
-0.530534119162401
2.1379208263148777
-1.021583715467718
-0.23120780206986832
-0.29966651996680593
0.7655684744350051
-0.5892781668254922
-0.3358269715352842
-1.08692752204644
0.7740251976114412
0.9418564213260976
0.8321019602239258
1.277070841019625
-0.8755523570629958
0.32987145086976655
0.1021219441491481
0.04833530558090717
-2.1058552557622616
-1.1902254296968806
0.16994788831313964
3.1126683063234246
1.762929412295497
-0.8517721062454106
2.6032164725801956
-1.3387042473963664
2.5442851820763894
-0.6248012207158995
-2.327857968727916
0.6184619331026322
1.5455928592674613
1.3894392462108778
1.1021908778580134
-0.6826456931772205
-0.273988613959891
0.4115779483037453
-1.2492453180109766
1.1569288255755446
0.0753448538181302
-0.5645777784678973
0.6532749535440945
0.4054242024482538
0.29935658813027755
-1.054648311157972
1.9258259527439694
-0.776536752030374
0.33928638883846424
-0.8653637188597079
0.8056630014240086
-1.7119804522212976
-1.5751512870736863
0.35623722467448116
0.9625790497129061
0.09945094720623375
-0.1134411024423851
-0.9937427110554533
0.6597169704422162
0.591303133118406
1.0154964255636059
-0.9277933927127788
-0.41560024726337563
0.4242405334457296
-1.1476415822087391
-0.3217697636868651
0.3713031584397519
-0.9595994741836489
-0.6125310068454582
2.6024260140823277
0.09498019700144963
-0.942058892615778
-0.4781284943241837
0.5209774789136941
-1.4573287436694677
0.44122872493122867
0.0900879931301584
-0.622056706109783
-1.1549851225727388
-1.0800178739316209
-1.0800263371454064
-0.4369752156223967
-1.0228198071820889
-0.4518068633885617
1.1588624939486558
-0.3958275072574775
-0.08292699624376058
-1.5897080155612968
-0.23700835197042333
-2.857991472467799
0.13893058121344
-0.3288646859210891
-1.0653436636042763
0.020584443350116336
-1.3593123067107609
-2.229177101249178
-1.2141219051484786
-0.3118578619622755
-2.048874242096748
4.5127351621481447E-4
0.822534434306103
0.9343164807575333
1.666248554469929
1.1212394221513862
-0.8636379851936907
-0.5669558744151804
-1.922631868786783
0.9772184470535841
-1.099298895229889
-0.4455988795646837
1.9462224727918787
1.1145483936667127
-0.15118571781914567
1.2377326009645186
1.0248939670369597
-0.7644448795682401
0.12966857783843924
-0.4120476948836449
-0.3531050436843258
0.12460253502039044
-0.23233597543071532
1.2304588976480724
0.30444103545357043
-0.40842858606690385
-1.0220231700127083
-0.4599967208544345
2.536212864092638
0.7120996995663695
-0.2396415078210283
4.18331708520784
3.0349817121198783
-1.1096001162550428
-0.8698955977441959
-0.08949677531629048
-0.5445964151772468
0.2467818713231067
-0.9519365431024044
-3.1672299852562427
1.8637765794896792
-0.7733286109097044
-1.313057777838724
-1.7910359731826326
0.3987148225788878
-1.3066127922790185
-0.43045536610492013
0.4517492497529739
-0.07524378054447801
0.4354641650447052
-1.8914093974758213
0.7487572459674398
0.11691589989671201
0.7945654343281954
-0.4054313910746652
0.9796620543715108
1.660802170532784E-4
-0.4444710210869079
0.7103180392332219
-0.42969924561252953
-1.603590439894603
2.4176534635263414
0.7388408052778244
-1.4921725497624474
-0.8665925180227846
-0.2772321180513752
0.2797050484903465
0.06531566445407447
-0.6862505272858512
-0.7645414115283695
-1.6286602382462954
-1.0316750604845648
-0.3761272004648404
-1.4336765835923388
-0.5483547977048737
0.01344537449387072
-0.34599936995711766
0.6668885805422632
1.679520457860472
2.102716973182023
2.6338595418222743
-0.06991189722130256
-0.9419362175948677
-2.352165067020588
0.9527301320699842
1.8084425949870293
0.47468127385864445
-3.613552955400482
0.46984347789367376
0.3906394191749933
0.03712947448495616
-0.5559215089191085
0.9394286266170557
-0.18243053538910808
-2.3307224047717714
-1.5084662881617992
-1.2651003242830552
-0.7489135892194602
0.4737171656522215
0.4153786324697481
0.4919792419930609
-0.30984625195050197
1.0528374917279733
0.9834603954473338
-0.9611825143634498
1.1764787682253959
-0.9396237507470309
-0.6588684221856929
-0.5065787091035303
0.15874875223413396
-0.8269709857996979
-2.316611289247668
1.4797796717225633
-0.3717704199676852
-1.753036301154008
-1.5785424735177607
1.2851255673216342
0.11583724056433857
0.3176513788543795
-0.3784941696661249
-1.7428731092641936
-1.8605948595190467
2.8367617077553717
1.0772824013091566
0.24171755336643438
-0.17282010729317698
-0.18487236841284413
-0.28455221697250177
1.6751743934144332
-1.7395447776688613
0.30546909721577636
1.2766292365000866
-0.07957133709402693
1.0932025932989315
0.8919444860516818
0.9007808608415798
0.49056806498111705
0.22355347436646247
-0.7301470679996465
-0.43156015269261083
-0.2225696671657168
0.1340127050543852
1.6672630823187573
0.023081364688130542
-0.3525628505047739
1.336041739667883
-0.5291525483224199
0.9881308016513533
-0.8413225683345639
0.7277883726460612
2.116689245970287
0.21549365064835088
0.6508036630242235
-0.1824108176620408
0.6590601213132258
0.30851574377504026
-0.5804179448964715
0.05164629397130174
0.29063443473950196
-1.1825408963243536
0.3958532934069789
-0.8027970143747875
0.5019336815199402
0.24074378307650815
1.4125499750276673
-0.48058179614404833
-0.06073984178510473
1.661253888583056
-0.5586267921741921
0.2643224692305807
0.12122060188798084
-0.11989182079532763
0.4518371228520987
1.0814973930466767
0.8266301310235311
-0.15606359405010273
2.5287457275963487
0.3582116266966917
0.43733313831480924
-0.32074745674677924
-0.24583485906164443
-1.254913164153341
1.0765216439950662
0.4261416190037382
-0.4265016675103639
-0.9725085399294783
-1.0793988208991048
-1.058570588057878
-0.09480914133321013
-0.9349537893640842
-1.826911938957019
0.9254414022781198
-0.4028669317592153
1.2958245461532982
0.2958925435028436
2.7199818349976694
1.7001978578827082
-1.698040600812163
-1.2606557107333356
0.956048319777811
-0.9898288311483684
0.011975734274075802
0.09720959438248115
-1.5613283141318977
1.1748052986024333
0.09996748647721897
-0.6041547709986047
1.2066421165409928
-1.0326349080336954
-0.13332063880504202
0.5251375881443293
-0.7357482756115243
0.026407767874314224
0.7849725588334417
0.3111549544270787
2.3225241373108276
0.5156428461761783
-0.9609927897029199
5.87473212797933E-4
1.532897096924283
3.2604960840004766
1.5899979525803696
-0.3508060663810236
-0.4859029373795082
1.2605008746290363
-1.0488393481848164
-2.366066079546305
0.49762554697830863
-0.9185197943222462
1.374003706523933
2.027650612735046
-0.9716217580466839
-1.2786706413908593
-0.8601527900385305
0.029512635026688237
-0.6986040658580592
1.0727426957283446
1.0560926192796447
0.3327101440020983
1.377982584748022
-0.5163198625716379
1.5410193455615953
0.5838357265197877
1.7192883796698648
1.6406322117244463
0.6423985134141849
-1.6850893985555193
1.0376194818392168
-0.04840850031460735
0.6919215264503031
-0.6463621614736567
0.5067683410865127
-0.9115946745570592
-0.9444283382006886
-0.8847859913133385
0.4220888570250559
0.5104603085800303
-0.3111496727059811
-0.34084553780921706
-0.829238942586117
-1.284091579076575
0.04880156347736386
1.3419873213520326
1.0992703245025572
-0.15629928342349253
-0.45951612914368284
0.8356350322769338
-1.886755647005402
-2.6806388789958286
2.5752190477225136
-0.46331984039618324
-0.023349667851637855
-1.336664781258456
0.8033718426472433
1.1511108521872138
-3.97886016760042
-0.08650295703658593
-0.2860110077762108
0.07396537206032212
0.7554906895928504
0.11784888434107936
0.9397348701304928
0.04254867350124623
0.4660358035083076
-0.16503583760563034
-1.442536080386279
-1.8420500828697841
1.2616001223905102
1.526993949854088
-0.7218656252049924
0.036158827846205485
-0.1453527598862982
-0.31234523226461236
-0.026675082025623093
-0.18515275048535768
0.49753525226161766
-1.256356275006667
-0.10657922339604174
-0.3168194692389996
-0.8093468609727473
0.06556397952465753
0.469223581776178
-0.22651286268779378
0.13562023366999468
-1.8414184169523935
-1.6514537419610613
-0.8934602293782493
-1.9708889267876384
-0.15408233113277206
0.4998504215570883
0.6572631284428055
0.9505317633374265
-1.6093803570384093
-0.048220605049302055
-0.8263985330917025
0.817713984249908
0.45938349548890256
-0.39470438806779334
-1.4455095057940055
-0.29409047457752396
0.08767407052778504
0.10720394041532338
0.5762989160137764
2.021762169228504
0.1624226378904339
1.270012377634804
-1.2579219662544774
-0.7405898739173856
-0.5335538955209689
-0.8837591138650958
-0.2771085129591281
2.698389298998973
-3.5018830317095597
-1.8757988602851363
1.223389895941395
-0.9274399878935045
-0.765409670201637
-0.9549705707156267
-1.5799333632604675
-0.5886994144874782
-0.4117134488143045
-1.0741547171036314
-0.0907834334539569
-1.9287581941270506
0.2955610854225553
0.03460509812564737
1.0319458830691934
-0.06849529279815576
-0.2956804494473858
-1.2103540960292296
2.177011903145507
-0.4372700072346457
-0.902835900090673
0.1839212787040712
0.6332883574135378
0.5157960570884721
0.4478957986747436
1.2610023118264035
0.8033666090510223
0.9958145098858754
0.10336204264324282
1.9328451408694802
-0.20887388300933843
-1.3367824683203584
-2.995321749710514
-1.0996937199018368
-0.5351226150142481
-2.141468544121722
0.2643856210160204
-0.717312090119022
-0.5640374659389648
-0.2942096021260836
-0.3938569893207149
-1.7922471083426292
-0.6104893005950074
-1.0985041359281995
0.5646536684711844
-0.26724764938762263
-0.9508793262228581
1.6251931275584832
1.3125791672504148
-1.1838156760013943
2.711976256916207
2.4419160888818636
-0.3800724374995511
0.3689053350152157
-0.7203335345411834
0.794313636486316
0.16418377322053224
1.2222447260365519
1.2144572026324298
-0.7232387769404848
0.3952703995951634
-0.8438860080311108
-0.4325383276412513
-1.8901697337332508
-0.8013642635353148
-2.327561135206189
0.19071932866172953
0.08095015342316833
1.0267952010886479
0.23377223548699969
1.2066714395520728
0.15845867420353635
-0.6285211558924052
-0.6973086939935556
-0.21619656123975062
0.39017290662551096
-0.587636014247336
-0.5780872843742721
0.151939433324734
-1.4588060080876935
0.32298908549363403
1.797869487247944
-1.346758129766528
1.1649810091427721
0.2590778144957997
0.37385451091550387
-1.5902156709930664
1.1241677911703376
-0.21979495074825145
-0.8575337336904965
1.3153341890581591
2.4208156979034277
0.5538325718450257
-1.1136304751695323
0.009711524791389588
-0.7205811161230461
-0.48961181556305194
-0.7027407991540257
1.1006622573305356
0.9579932235515729
-1.0486511037161677
0.09035006409688941
-0.3696002498314729
0.8715878406306615
-3.1145437174018302
-0.350172148561977
0.695537180028808
-1.3533686282092334
1.6050061336772192
-0.4959408010213092
0.6808509943202521
0.008511434687800532
0.5578174051826014
0.5836006944046342
1.285015187432934
-0.6318122907308659
-1.6522946076182057
0.4145952335362391
-1.9418757705280174
0.5010998736332185
1.1001618374704552
-0.32837822151254525
-0.5590415609091033
0.11212566304166008
-1.4013346917902096
-1.715262269482846
0.2860341706317086
0.8014224145570039
1.4325581514470551
1.6098077886085953
-1.579952026742368
-0.23586056539049638
-2.5580427024561168
-0.28668057737100067
-0.31138936525630634
-0.6147742125121101
-1.4065832882862452
-0.6024118898854762
-0.08711578339078371
-0.45720344166393506
-0.19632872640159052
1.5102521060847895
0.5102871611921517
0.39832413177849024
1.4928138278988208
-1.1669047890801652
0.5307891996889554
0.5724983725710168
-0.07838951857579605
0.7943483014864536
-1.320443346051909
-0.4062960204775103
-0.6355513981831354
-0.6136391174384568
-0.03133866760793487
-1.7362266268614657
-0.8108560904775713
-0.44199089724279106
0.7769254615776289
-0.8227924559654611
-1.809154019122777
-1.2098901630849128
-0.5399362636640015
-1.5004747309447415
-0.9710247203288093
-1.3766448547867731
0.8447353424056474
0.6374005985662203
-0.7433534362807265
0.5896596967690697
-1.266896334454813
-0.35402510692516
0.4915991933501039
-1.363290725819189
-0.7242492009931089
-0.44288482548923325
0.8555593505723399
0.11058130333470197
2.024486620826372
-0.9459089805808254
-0.7979945071233155
0.5214050257846031
1.0252170567801648
-0.09087911973101087
1.233466116794299
-0.20737847250348668
-1.2655788556820966
1.6637424036198334
-0.3898964498180247
-2.4301419438752827
-0.6915435298767766
-0.6971322111415835
-1.0005456758320672
-1.5982637158424982
0.9884763329023651
0.6363843970948005
-3.356811671043084
-0.1095444622221551
1.6440990074636395
0.20847062407423844
-1.8410854323697812
-1.4978818880367746
-1.9600352785769435
-0.17107538054866786
1.9814311951858876
0.32826305748457546
1.2823324990310419
-0.16850136177135303
0.5202375128128309
0.959093918181709
-0.825341036565998
0.9693502147053801
-0.10520476380371883
-0.2875314289011667
-1.255330102611424
1.3545418821630726
-0.37239638818146087
0.5390426011886682
0.6612167386931005
1.651193557860522
-1.4113066962585832
-1.9488936621492252
-0.16815548943695627
-0.40960843262822666
0.2882974819950658
1.2115860415015118
-0.5757738409430317
-1.2749706279767166
-1.1161753117352637
1.5339768972982017
0.9749608115894149
2.363053157191119
-0.7433493679366047
-0.7549330034696238
-0.06811121072108393
0.4567682369225435
-0.48094281866807
-0.5981890531873287
-2.2917608516491494
0.2414897508815599
0.8773697085070055
-0.23028385618066516
-1.7763274609981068
0.8914892077136822
0.7378101210083507
0.22293538682448588
-3.8882612073536214
-2.61723544006812
0.10025803933369135
0.06640265709178154
-1.0065506521515037
0.5550248754285938
-0.846982419657777
0.3687689029027706
0.0029453225821843387
2.199235695425152
0.883337733177986
-0.2938514018592725
-1.7471464028440817
-0.27603151621690575
-1.597707103146088
1.3407096526227145
1.1483692684591484
-1.0112176941953372
0.7226332914573793
-0.06690842603027142
0.3736178678027685
-1.4539610248539738
-1.0473922003081801
1.6799845252819436
1.6603937317601094
0.7455138151529743
-0.7623840415733067
0.4249733896909573
-0.3522011339463629
-0.29847356296702326
-0.6756518219658577
-0.3447022539385169
0.9260812999762058
1.057655331906285
-0.32900601349044545
0.49521425279784137
0.4454563490716827
-0.9020301682073909
-0.6245499005809279
-1.1837324780505039
-0.5282324717608574
0.5364633803595255
0.16959939942478724
1.067063185766875
0.7135623574581421
1.3090019293640298
4.592536339902589
2.6692909181216717
-0.8802897288792457
1.5012425144125479
1.0584536667279352
0.12916345058682802
0.3427424008034967
1.4457125625173206
-0.1945297872959612
-0.2996742805558143
-2.105864244939132
-1.1064983131040267
0.2761624534210066
-1.4582082150690885
-1.4716770733018767
1.897882147906045
-0.30068565915745155
1.3128794819129619
0.7200052140395335
0.6940627833763396
1.0150607871842485
1.9835350270336884
0.539133677313662
-1.4389897014245951
0.6910593431197084
-0.2809784854320119
0.6339121998721503
0.8366806192961818
1.9510364410633967
-0.11229958552980221
1.454994608448786
-1.4424259933959693
-0.39644392435855613
0.681109762087543
-0.82834938999488
0.7058687956434575
-1.5664538309411975
-4.522630145612622
0.7542316742771213
-0.49848734880383005
0.30247563397777316
-1.450808573696236
-1.611027002171242
0.6061833329639296
-2.048641335323719
0.29771000801917646
-0.41095272037450464
-0.8653672429892769
-0.03412555721516407
-0.4784667235278593
-1.597472162482519
2.173318158422698
1.0563009401273165
-0.07553458440643818
2.096094026706052
0.315181492780168
-1.2701708775270768
0.859731444832931
-0.6311592362187077
1.5961294753728277
-1.4596864794157836
0.8864589193038553
0.31995754036043583
-0.5823310513533447
1.8681648738845649
2.12704977100803
0.09587580633826114
-0.26953435264255243
-1.841770872492736
-0.6996203170976828
0.5676091527750541
-0.7460451805691761
-1.1128143043296075
1.7091377691636551
-1.9900526661662803
-0.7816397419955756
1.0050864027453126
1.6725516003169068
1.0738846608701758
-0.5080324080737693
-0.6932386894253783
0.005726933820631731
1.415501845518191
-0.051548484055561596
0.362162830932963
0.5149531123090538
1.2856726993846606
-2.324518579286548
2.208907257111324
1.271409436708443
-2.517566120325129
-1.893385896433374
1.517239681797823
0.9241495634363767
1.8709576882681058
0.5091128282092566
-1.220874303668288
-1.2999080343942062
0.09399936131825676
0.0110074839746727
0.07125114371515415
0.7485034620997126
0.9021951891064673
0.8616766869252832
0.24798692188606655
1.5499463769251873
-1.378949402860924
-1.0014735803534058
-1.4392403518300452
0.17795571856718276
-1.8498786312138045
0.6979462811528245
-0.07471138828806817
1.823224547030722
-0.38235751200029217
0.45081628372037136
-0.7089852941866546
-0.8284992177873617
-0.292053207976112
0.500895776683025
1.2725031431819898
0.22867462015635004
-0.1950361306154263
1.2899077332217586
-0.18545575598576405
-1.0574617278187444
-0.6878051111001989
0.09630896707259703
-0.11388365125951108
0.7526046692776048
-2.8210963239441607
0.18095921423745143
-0.5760096588282605
0.2332358937828123
2.17255693517844
-1.7127872954900085
0.29548669995395377
-1.6801334530512106
-1.433906362753226
-1.5143796063279344
0.23290546232994938
-3.543563706447729
-0.3297828384834685
-0.5186027818807183
-1.277829357265989
-2.0148503961768998
-0.8004287616343192
0.4437927374552345
1.8621891874726433
1.6867265806239933
-0.27001867838258425
-0.7682151701660094
-0.07696033669804625
0.6657344407880957
-0.1224308524086267
0.6958656784137506
0.5369931858494061
0.4103565504581476
1.3665222805608883
1.7545355943568715
2.124839279200663
-0.9362533429728357
-0.6652508132023183
-1.5341878245621638
-0.25783393514858644
0.576319556246212
0.5212539645906499
0.18531019955711533
-0.19101369461262013
1.4609024592447
-0.1331983394626929
1.640787460237874
-0.421910422897232
-0.27578115636394757
1.1033015754977193
1.0830349526160898
0.25189998402710384
1.7567730515625377
1.875100119513862
-1.2692763712362585
-0.01068763871366612
0.743135196352522
-0.0145364292789167
0.08166606823441411
-1.270252158197522
0.5471052301420795
0.8948185702181503
0.2816768410588313
1.0056301824563048
-0.3040337986932932
0.054527731325615725
0.25691324258991277
-0.5628329409333821
0.4802890829536347
-0.035093647462261346
-1.0915068939983326
-2.6729176217333817
-2.27151736755364
-1.886729627110115
-1.370824081977141
2.045851422731597
0.7163057953350971
-0.7466955392023844
0.015000847361223311
-0.07455021431141731
2.1177435944905127
2.0889778962066172
0.775306342196226
0.48744498932813973
-0.5555998446304625
0.43719463213415005
1.0004049254634864
1.3630578759146743
-0.03096459510804102
-1.069923676032913
1.1023359867093558
0.40417909852439765
1.2637984898779007
1.072813417107612
0.3598750265224045
0.5826264532487709
-1.6263466558851065
0.04714942115557868
0.03249011554791981
0.7320996721123072
0.8190127023214014
-2.818482078973813
-0.17015299240705556
-1.4403064076881875
-0.6150331450944319
-1.5290904203278344
0.015367622156857049
1.464003829271154
-1.8842717262590796
-1.7810215910698013
1.0090734205415535
-1.2142442098787103
-1.3869378002779087
1.9465357905166225
-0.41308772926883847
-0.16689500880195457
1.0652367211502451
0.7459785123726265
-0.444880740658048
0.8222776642474631
0.42070066632281433
1.6324715909682823
1.3653601970796712
-2.250611036996586
-2.020888146629951
-1.6276394663289593
0.24439920637326681
-1.5053451995815796
0.4650349574855329
-0.7732216321788606
0.9559892358228287
0.076730188522481
-0.3709041233821782
-0.20570496078341627
1.1316619303024893
1.381544293749048
-0.524067680965553
-0.9279111152136095
-0.41229660911422805
-0.15607573520113682
2.0671509251656004
0.7615914785009675
0.34132749074743046
-1.463641612807545
-0.49314015047168985
1.25869898841197
-0.042484531627247406
1.0105223130088887
-0.7068451593593336
1.396928327081107
0.08170137807240005
1.8169462621678854
1.2588318484622618
0.9035242403751106
1.325275175898463
-1.9443767709167865
-1.750914526170649
0.6933030742668109
0.9105040891952371
0.2466807691356996
-0.5902243407536645
0.9349641389616785
-1.3718597889389261
-2.379065522350443
-0.11471015482570522
0.6160924887639394
0.5285121785702817
0.07582096578100726
-0.1172536040774004
1.5463944758013843
-1.2584471549182532
1.5281701580635583
-1.6650649662774593
1.233984291408159
-0.6750914377126207
0.05474760103275562
-1.0982750390669804
1.04716642603948
-0.9614979628638002
-1.5862783378472292
0.9656515308860932
0.9852625792586611
2.4004990762752176
-0.027928148169725463
0.4957128036047158
2.2916370665741614
0.7893763581520672
2.362102102595446
1.1195313966275673
0.7162539651662062
0.651679379644828
-0.23271406239877646
0.12605163764134886
0.4600120553949001
1.330402930998935
1.995522697534456
0.38444600629832926
-0.22916243501760222
0.2785886302592952
-0.2444252823990472
-0.23880577650369617
1.3964765059456776
0.6946378010491204
0.3728252513218935
0.0014522226904752843
-1.4413194228417865
-0.8055966154157933
-1.1042240153204965
-0.539659813127342
-0.5543244427014108
1.2420005601297108
2.0482525037792687
0.5231038661996449
-1.180522083714187
0.7237230426996647
-0.6403499354968666
0.05226674623017125
2.1148860709896486
-1.0001916352918012
-2.7185386932507036
-1.8608656462132966
-0.787572037173652
-0.2603009178255048
0.27181435441722723
2.7811403776190105
1.318161929782875
-1.4344131618767535
0.18270308753996203
-0.531000357593485
-1.2895454195962988
-0.05619950811248323
0.7446732613746465
-1.3744606476663823
-0.21973691810504936
0.7195317058561418
1.835101012920287
0.5046368573932988
-0.4335480564932763
0.6926294775665423
-0.40596454262849624
0.22943194443907938
-0.8566226721202339
0.2638502641183291
0.7247805307919526
0.2778629623126026
0.6967648087119661
-0.35791819737752123
0.49823806555808353
-0.20299829778157383
-0.9829752092461947
-0.7471967845088077
2.2028948873491006
1.2140609684316466
0.819980798362583
0.8755934176885243
-0.5689104106326451
0.1857778788416142
-1.320837512324936
0.2471303687692539
1.710603898547483
-1.3544380879298117
-0.39453703788560224
0.6923273959754564
2.250383460324055
1.0296484854527688
-1.9068290832707027
-0.19565818888742872
1.904773386599335
-0.3199314458372972
0.2723479507114398
-0.301773553129259
0.2036478772822575
0.7481503578836071
-3.8347529561792704
1.0024757541061522
0.15188175298902093
-0.09267058373532036
0.7606224835651658
-0.8416996565011758
2.8010216340311196
-0.1293796632489382
1.5539915113131133
0.3678329135133186
-0.13393694972978673
0.5645329817670166
-0.48929705599271267
-0.5091874216856517
-0.5657057074834291
0.3777178599680118
1.2191440729735956
0.5557091070405447
-0.4077575877590411
-0.683730160788791
0.021006429381324722
-0.5907620312035083
0.9348864687134798
-0.22820639263380058
0.3623443704536911
1.324238385707822
1.3820594955380376
1.643426851008497
0.9223709090813774
-2.425654775437001
1.4444119090128302
-1.521838421966998
-1.0950969616791357
0.8843176640108507
0.1173458161909796
0.6658596267906122
-1.2424150192988983
0.41605407011515344
0.8382275613580346
0.7776035279871074
-0.2506302169262609
-3.189172378466713
-0.4885236734248197
0.8543571897275896
-0.42984726520454125
-2.3055757491071187
1.195245386193066
0.3801704602719593
0.12243852646609114
-0.7894734258714684
-1.0346733314657603
-1.117604015985303
-0.2147708274048266
-1.0869330279359304
1.2818193340794888
-0.1520687348548359
-0.44014250043638825
-0.5488117000878378
0.21939031876835458
-0.3107465285689674
0.7920533890114434
-0.06082650840409611
-0.9847130748189624
-1.341933591153505
-0.839113615676258
0.8104704345127105
-0.32651388483615024
-0.2484781748196605
-0.5675709516686847
-0.0978618083513016
1.3635666117073197
1.0734234720842086
0.4334998595534033
-1.7418998924662885
0.8103905938918855
0.7227849982674657
-0.815833953111793
-1.3113105305334831
-1.4289474592728102
0.06861720985192328
-0.8959389792680423
-1.2638005842516395
-0.7231443898474722
-1.1035101626887864
1.1745423211774506
0.9478825198121456
-0.8818957374229445
0.9089901477716691
1.947816758894891
1.1484079472852757
0.2290986130146249
0.7209990124073049
2.719236806046333
1.3453368038436413
1.6475974119153218
-1.2390832051119502
-1.634440074397626
-0.05329923375753197
-0.023375608473740022
0.8532401751807668
-1.142189006168909
-0.46431177296690346
0.1381017178000323
-1.651507990800497
-0.9632591445263157
-0.1840053927814182
-1.5583721039235434
-2.034705750457957
-0.6804991603112392
-0.47649226844737863
0.5862665962299993
1.1546850196832437
0.2906309420660819
0.4399250197304454
0.18964215134517742
0.7111850908400783
0.9349459326899577
1.2267003595469879
0.5692392282039738
-0.5515815005833808
-0.8046591373310278
-0.7421618828670313
-1.4065960566733688
-1.8622233486976445
-0.9009725237198745
-0.5800497821318665
3.1587838600748834
1.0018972029721163
0.37894843196184486
-3.711984367979919
-0.8886639981307337
0.6880263150589387
-0.3996162664396675
2.3905935272095413
0.9575734134487325
-4.126174490169732
0.541834913872784
1.4232205443359627
-1.2169840169888744
-0.9540413809350259
1.0939341508479474
1.6764906168858067
-1.741119444552309
0.24330662386840549
-1.2094071274741471
0.397071588098664
-0.9016309995138257
2.109546541094732
1.7602082650558621
-1.2323393348391403
-0.6461920504040103
-1.2213318132738977
1.374087428018439
-0.6691228853083276
-0.15360481331430653
-0.7970923068759699
-0.08062715987510902
0.98864921198526
-0.4194715090913252
-1.0060656171771865
-0.7897906630117837
0.6500568717004703
0.24876833845722288
-1.0605124432714186
0.11851147151143349
-0.3991905449989866
1.3753184909128437
-0.38333825568946933
-0.7541573964796723
-0.29937178254611224
0.35013396716663747
0.31383134553708514
-0.011032903805810054
-0.3990012908926566
-1.0334888711421528
-1.2094467706509786
1.0460691007594216
0.5235892824781425
0.8092229380522082
-0.35243341507105647
1.3605083828267197
-0.413953522097535
0.057669315464132835
3.1318250782303636
-0.3621582946214808
-0.5306292416197499
-0.8333892848097507
-1.7436802355888597
1.1371239847612615
0.7754887773444641
0.05143520027281715
1.6052063625232995
0.5538812754078288
-1.3408772347835338
1.148477654652363
-1.1827750050185897
-0.9614709105624394
1.6824725390029494
-2.5957330136081063
1.3847796533277117
-1.675662028094451
-1.054280009922431
-0.9521493010641539
-1.4913934707400003
-0.4160625963709695
0.8163118190962033
-0.14448791709379127
0.6958941892036573
-0.6232248605503169
-1.4188953971263336
-0.6243428993825519
-0.4343783071224255
0.4441554109668197
1.1239920867082658
1.3719011910282979
1.1402668293438847
-2.444221885406101
-0.4922703100626981
-0.051946236274973585
-1.1729745440431627
-1.0398921075631877
-0.29271959145764
2.206482084338019
-1.802571125667018
-0.5330426651845118
-0.7615432824565045
0.30406484455808547
-0.11830819413550571
1.6739637102535023
0.14734892195434815
-1.265007177774074
-0.7924389132651581
-0.03103395109890105
0.23116642539949647
-1.6061906227648435
-1.1609280363213728
0.5897114229810797
-1.1792165850518752
0.23560888319775902
-0.10982282616860355
1.1264478787657417
-0.18961524724180553
1.045358833788303
-1.626978332423732
-2.3194642956701053
2.400956186144597
-0.3545335363086231
1.048682020556857
0.04552584643391256
1.5207481163657137
0.8119816531060644
-3.927367904611036
1.3757493085887418
-0.5154727046026639
-0.9841886990224298
1.474290533905364
-0.40497226934638136
-0.7548338832169255
-1.4560610102666418
-0.47947020126666984
1.00020353638908
-0.17669754928064657
0.6566004499937036
-0.33445363111484233
-0.5242093003685195
-1.4559223225620281
-0.8187535639577493
-0.9030947197275332
-0.15039462910797072
-0.6328211408754197
0.17420041509872505
0.7417668559985087
1.4209445623153063
-1.1221905513029837
1.7747255095476695
2.08767669211227
0.9885716129763564
-0.270963173360064
1.9504958029955235
-1.035210333084468
-0.8542015949299966
0.4352249910714966
0.1499209081956657
-2.494024411095152
0.754377096960338
0.5646940730550128
1.0264618076016718
0.47955723010403056
0.1601601395423651
1.212687380492153
0.2345144633771641
1.0811930442135518
-1.7156852553153383
1.5326193859154844
-1.0811023541280438
0.4209763435629711
-0.0624717501763327
0.3533821378055079
0.232101305409077
-0.37546390702832366
1.5058181240411554
-0.025840133493284276
1.9335785448646354
-1.211038255186225
0.8898096943798751
-0.05791721666737452
-0.38135247976283637
1.769673343880202
-0.45180689859947315
-1.4264404606906096
1.3316955056940536
0.9466997882415301
0.1532480082981565
-1.20153383181236
-0.4344235087396542
0.6205905789461535
1.1824535596501895
-1.3305612699819125
-1.4145614358296954
0.7135900067083004
-0.9176252564778661
0.15543585149266956
-0.5225321729024377
3.3243971576608113
0.40049340038041825
-0.2859489648899863
-0.7585128884358319
-0.8515068874258999
-2.0557893036713977
-0.3039557401166616
-0.3033549957707342
1.6945617386071448
0.03830892842892383
-1.1351930779691557
0.633294161175009
-0.9728908215523289
-1.9549613252771645
1.4232201741818549
1.525976084689181
0.5017888153216336
-2.4962780493124885
0.14581197880671778
1.8309465815078305
1.399865929052456
0.08020713670004255
0.5853314754339127
3.5863048694743798
-0.5339100303752836
0.01788130603525961
1.4658571378134533
-0.5829020508928122
-0.6730047169028411
1.025153841781251
-0.7966564383126983
0.8091036882459286
1.02679872424422
-0.04394402794039339
0.28036754951256887
1.1577596697184156
-1.1554544011976653
1.4459736723793066
-0.0058335562046407125
0.9547398015870325
0.09396096224405562
0.5258161671938375
-0.6508978903123939
0.40651909747571763
-1.1448581114266139
1.5078789860019577
0.940022492643939
0.09060506588199203
2.1224837110764794
1.4478512476960377
1.311434407717768
0.005158873927340829
0.306244565674086
1.9053368761033733
0.728259503292551
-0.9832232360634942
0.16497411500025042
0.6986194058101272
0.1404106066908527
1.4661799727952507
0.05196630582038514
0.5380552303624925
0.38642052994032017
-1.5131579324709472
-1.6194434032323062
-1.8144074081185166
-0.7380436606597086
1.7681021366278404
0.9393744765098512
-0.2720874696487681
2.085991139611651
1.0987338916297207
0.27523685346523447
-1.3631808554198515
0.8543523637796291
0.427496137104622
0.650033135614232
1.113850537212718
-1.9200430832504634
-1.2132406282590902
-1.1286110483746272
-1.2595480476488605
-1.0568232397617898
0.383618530363919
0.6263661909134661
1.0205263521950936
0.8837478777694185
-0.30424649757091515
0.04353531968448853
-0.6972791374249572
0.01421922909755994
-0.9577423915420948
1.6459540880745671
-1.0850843725286348
0.27822353614976414
0.7722086888041861
-1.7316640097753233
0.771384554865662
-0.4897628450592798
1.097614400706157
-1.0434466777196
