0.9755823376144132
-1.7424339991010585
-0.48323006212199004
-0.42281356027662087
-0.7614372349991826
-0.39999893558695726
0.39745181234819715
1.2942810428541325
0.019923493110312104
-0.39317723671299576
-0.2663352672098257
0.8538093060216042
0.7420212221897252
-0.4963945317295596
-0.6674151309437449
-0.9350126191993658
0.18711872775161276
-2.0182121697049946
0.9745791562500004
-0.3159826765794399
-1.2287748508360334
0.9259145705875895
-1.8848592589975253
-0.8423943473814203
1.2362959235601247
-0.3237698113194981
0.2071733319100989
0.8174033297115487
-0.6442295152603895
-0.5625933734985137
0.3030938720411901
0.6288494975345033
1.2928818323596287
0.8382096745465069
-0.9322546899701795
-0.2338085011124833
1.4385417590876177
0.6739507886419764
0.6130667879282852
1.904644756303337
-0.48781491419801165
0.3565149084929846
-1.9732843784817713
-2.0872193674576685
1.0398625932248966
-0.2076243907698208
0.4782914175451938
-0.5930215824889371
-0.17091286907256523
-0.21792623836139446
-0.07941166821050034
1.4331940917177226
1.233917874434762
1.845037290232608
0.08804509478927007
-1.2571255033788
-2.7872722644809467
-2.3029230773342424
0.6050781056457473
-1.8625696682174484
-1.1241051810399423
0.387525946847152
-0.09929453541122385
-0.5440300012531859
0.6646978390271288
-0.29449228767165875
-2.1116203716892987
-1.5038895715142104
0.24589187811682076
-1.1843536158518018
1.2297274494759047
0.9383359013850961
2.3403846450666475
-1.2773266676839627
0.488441746617438
0.9560866714458914
-0.19330707258782592
-0.8091604276325077
0.7340579181902259
0.4292288171413487
-0.9165524467194219
0.6746447360848372
0.6842078515297227
1.5442244015785553
2.996240543844366
0.49839777803728186
1.0721221738698776
0.5543525410458825
-1.2662047074058203
0.23405756292950403
0.49529721078588806
-1.827646634700248
0.5006015372680097
0.6770973806099704
1.2469723212363097
0.9230320971080127
0.01802039318275657
0.6325410372461548
0.37119278564447633
1.4315762333237225
1.269922429068186
1.052784552708055
0.6272109118803794
1.019897266578716
-0.8056601979529937
-1.343739881578946
0.6617572284792604
-0.14468729327594035
0.5522258085004391
1.8676068271062973
-1.8267248131745382
-0.5071168136305036
-0.21804442121881068
-1.2924728632629252
-0.6291069637048009
1.826134607327845
1.1946409725786793
1.2135272030610282
-0.15923736721250722
-0.9891655693613385
1.3744342634766737
0.8640649163961226
0.23088077961923173
0.21917148922355703
1.0657947473585694
0.437674542097054
2.3582662925288957
-0.4326248976444373
-1.400090765265617
-1.5752679831446397
-1.362260228546192
0.3666292535477475
-0.49568712729739745
0.9167168682952028
-0.013392794564993548
1.8024918186943988
0.7551968411504538
-0.2118093315459205
-1.5664263495433688
0.5279018938955069
2.2535359731251745
1.3292773608978212
2.1297986549192482
0.7819216637424942
0.9987305789386139
0.8252413373336308
-0.03616756230795265
2.677423425503564
-0.4510078667760507
-0.10260065719782786
-0.5289039457368298
-0.8827739222225589
0.40292876423516333
2.103550933357791
2.2632970950180624
-2.7564131189904004
-0.29472587968062885
-2.6570800279141253
-1.1377345894172763
-0.5958367986488008
-0.7229433462740693
-3.4168982049038195
0.6106097456136751
-0.9256018281246642
0.5131400263983591
1.4882491350198763
-1.430183818383786
-0.7938738995507069
-0.017930053124061582
2.447293156905565
0.8062031428771863
-0.1441361389244285
-0.7022418788407789
-0.5510197617547996
-0.26966572757529794
-1.0963344322780462
-0.4816955595430015
-1.800733120848596
0.4646005752909892
-1.35183227395206
-1.1846876295489221
0.38429921628701647
-0.9447406649174116
-0.08390234302227297
-1.1348199228767173
0.9381213275299632
-0.668785590734766
0.26662862237765184
-1.058035912782246
-2.483640384752627
0.9335448723380023
1.1495267812056922
-0.41408022185807447
1.7163417221928792
1.9520974354878242
-0.9066151038094111
0.12590987724360111
-0.7237509960712253
-0.8900721949350298
-0.9778423516028648
0.17745662587190805
0.48475785595078424
-0.08625031630019345
0.19795592368689102
-0.9980962690134888
-0.8593881226132484
-0.053408393988871566
-2.8540866219375545
-0.7290705438734476
-0.0026013516684884365
0.7742225534024217
-0.12295452487398725
-0.20726413492765985
0.2609353197008339
-0.9645407621357236
-0.3856448657803422
-2.037177925075217
-1.5123691817292584
-1.1563112474404795
-1.389145162248076
-2.6059421892174024
-1.0731197106057928
0.6268196706092728
-2.6446295424174675
0.8111174577087122
-0.15245440609191338
-1.6836374573814308
-1.4960935787537066
-0.17888515620514725
-1.4807036300255552
-2.0622073509149734
-3.695498313376122
-2.9936859525480095
-0.1915737534192839
-0.9518997783964084
2.9099057386673364
1.0834622726168903
1.4648456259191784
1.0728535083735289
-0.8190307278789715
-0.04279743450242986
0.37236213274019486
1.2255160937398772
2.3687845752438648
-1.3698898738439973
-2.3126415853198203
-0.40500523513373554
-1.9333452845281136
0.4554510303968903
3.11226993671431
1.8305378309825335
-0.4874924776649059
-0.6467146354110123
-2.249892729609691
0.9126319107222545
0.7582913762741162
-0.2821847910744982
-0.16388488463527065
0.2430043669173222
-0.566584545070062
-0.1678012729647671
0.24424400572993216
-2.1767956147830523
0.7346920079761907
0.9744980548482194
-0.30848850494679153
0.7672920275935143
1.3687378766121885
2.67429629978705
-0.18874521973263195
-0.751133691853051
-0.5000822726989582
-0.1798808704127076
0.08350578564630971
3.426481172114449
0.24451998907259692
1.7843085564717462
4.063822811544503
5.029373710507571
-1.7731420088359957
-0.8520892050050877
-1.4495241414966646
1.008936375426436
0.35444486142903237
0.924158909291306
1.1496571856462137
1.5034207831445363
-0.45947765685650094
0.3769898240115107
0.7472198521753259
-0.8491428292550183
0.4495212500185798
2.689987173426683
2.008778921157897
2.1832118094112904
0.0231496724923268
-0.5274043955228764
-0.2108031616666016
0.9014532556770805
0.030057390450055562
-0.4694992827148277
1.654490005729836
-0.22838877153350248
1.1286689501278186
-0.39935707240706075
-3.2816696878991167
-2.560411378891669
1.5272440331657173
-0.6776897931010655
0.9400346549662325
-2.671490937716827
-0.8205684247623197
-0.9292325073543178
1.5171825353682233
-0.052618449816560595
-0.49838437509098227
-1.5488071579880451
0.36384172923975205
1.0035219548240684
-0.283792599397281
-2.0083338144705727
-2.1581075861928096
-0.6080620358592533
-0.8276559846991707
-2.9831687561868003
-0.91659031598658
0.4538623521723658
1.6484973181503642
-1.050160387308176
1.283211805428897
2.217488745376654
-0.07626512870099592
1.3340880687318097
1.4397207117231356
-2.105526533765334
1.1877537785497188
0.17060080386030851
-0.04820700065483461
-2.1683860409950877
0.04618632341882467
-0.15170167696189152
-0.7849966164492885
-1.3635667923503139
-0.8502024637235336
-0.5834603217583674
-0.7392418303820102
1.3021456171142354
0.8322546125922164
-0.24965104500456967
-2.571784565183843
0.7212865307580199
1.2269771873057636
1.9530942888557203
0.9636363382452087
2.2002926043247952
-0.13472237992031572
-0.6656845405883719
-2.4192571528071407
0.8034651085370947
1.1483909723852075
-0.7209805687041736
0.34919752232289053
-0.7499357251256261
0.7267069191334165
-0.11120446256015978
-0.2144018507532452
2.0601873814702762
2.095755487038694
2.300813710005713
0.8155609864645512
3.1196363601071133
0.4372407348540815
0.7841159990476926
-0.3436302556020237
-0.43791245690056285
0.9797072764968563
-1.7573154019888395
0.0038525623772100665
0.4410822610042166
0.42731499744815354
-0.37831853751268557
0.9777033867781006
-1.4045300451119256
2.2663372445181333
-0.8135812910574763
-0.8952448140637542
0.8448340221026669
-0.943834405228024
0.20481170195476203
-1.2545698369938132
-0.5056501402145764
0.38083126664312955
-0.8488539862671384
-0.6290291812869214
1.4450119615099586
-1.4927100207612194
0.5292547475565276
0.7658140488355837
0.5422963700979352
0.7923786743042203
1.906043075403767
0.04228307157075365
-1.0434518417912992
-0.15590056666030663
0.4991917835112653
0.30646421119190764
-1.7446472847789323
1.2054717419503873
0.9018967046503646
0.2555029795484591
1.5411695983980562
0.2011991746278291
0.5190660406226763
-0.6814369241569205
0.7209536643132128
-1.0459769147265314
-1.320141999856841
-1.2525314473523355
-1.0912769114218173
-0.5122686189221735
-0.24634193833381837
-0.15204409559918772
-0.3533245414683988
1.536220457869051
0.7186183698281273
3.1556638349362065
1.016591555476138
1.4760164593149065
-1.0008623511479247
-1.3702034576132531
-2.185023764681549
-1.3600261173563664
0.46749120708319186
0.45885438933050243
-0.13685991589122118
3.007068606198519
0.2627234060090177
0.029370700046508286
-0.3245303264761716
-0.23198808633945153
0.426360048288747
-0.7161933907296096
1.4994769311465865
0.748336971465535
-0.6324855477632239
0.6407696111166189
1.3415773966628322
2.19509845673349
1.7828446074088375
1.0037153148703277
-0.20908999856594465
-1.1830271148358487
1.4227127400035837
1.2794837510727322
-1.0550968275488548
1.3033589653617605
-0.9923318974439646
0.41452065651124315
2.667563837324512
-1.2008745788709276
-1.2041055070774034
3.605859306367903
1.3832057023796138
2.0541441373804137
1.41247817109496
0.0033684038632074303
-1.9302827246761065
0.8317596840430762
-0.3452165699591048
-1.3927409031287221
-1.0763742837520367
0.3605362671835557
-0.33908333590012507
-1.0454364460389567
-2.7908125798248906
1.0438821404148715
0.9703097267061817
-1.096554110844602
-1.6365485291151611
-1.5123884267167973
0.564267168196533
-0.9298758465413318
0.3749996739070682
-0.4692056898390193
0.8635497578873246
-1.0987199737689028
-0.8894975227878256
0.7279413074157203
-1.7124632707506882
-1.5204610298389498
0.5156384538905567
2.11736219765265
0.367285397639741
-0.5836382353910686
-0.04554376487499955
0.44784694410588216
-0.4174298028834034
-2.053745812491675
-0.6651476754098143
0.02768398320020164
1.5787398380623512
0.2934702596770147
-0.4318719397637268
1.1832250488159084
0.4443916787726039
-0.0566943416155533
1.7874935322925225
2.368423729537854
-0.4353236145836404
-1.0336332464791163
-1.1457668155270486
0.5534911572242055
-0.8677847331372551
-1.3147774875008948
-1.3933946155044081
0.8891211851921778
1.1119703611417502
0.24755041641125047
0.354857683206373
-0.39316269945677446
-0.19121476328108183
-0.23831953691805566
-1.1521614359991932
-1.1873022615652256
-0.29295119876957976
-0.6722534469321505
1.8556705767906905
0.15558991520835344
-0.9553582504831474
-0.36115769535806896
-0.5349482031951411
0.316656056393353
0.18009473441855117
0.9272976108367175
-1.1202393008609177
-0.24248726252024275
0.935743617486855
-0.832055614499461
1.0075531711261274
1.0037555922325971
-0.7736026638545864
-1.5080497115931248
-1.3783231146298685
0.05122619848043398
-1.9941037523586507
-2.2031114759668173
-0.35580675551957125
1.628901060827649
-0.9039533510479678
-0.09324899080830878
-0.6140988181844967
1.4040530488919096
0.7788010746331171
1.1673714380350302
0.07857215021277263
-1.216850740792233
0.6903930504927601
0.7726264628717822
-0.5978691655396163
-2.3440795064605164
0.10154251340466929
-0.4859543381624607
0.629112852387445
-0.616493951403788
1.2791267171762273
0.49233186733774853
1.7173377987487934
-0.49164229718945207
0.08661716275617888
0.9554998196926539
-0.4459424975630662
-0.08603700193727185
0.041080031252170614
0.9665653511726761
-1.1145161806633566
0.7278281863664816
-0.06789278375734865
-0.8874497528249695
-1.537878732494561
0.4785881239031395
-0.8772735928473517
0.895766898555843
1.3804433255325712
0.5708806434468604
0.1949064804967411
0.3115491343287157
-1.1046639501279778
0.9747264175852567
1.5999170786965191
-0.7964184531851455
-2.0810930600302493
-1.210016688158313
-0.034258393600525294
1.5569743479627076
-0.009549907463083245
1.2606481829206209
0.5546220931094177
-0.6700552482602173
1.1725431821246461
0.49973112564800753
1.0275206834926585
1.5580770229242722
0.5278334702286194
-0.5741002922601024
1.2611528778749737
1.8399776071044203
-2.437168398343011
0.8686933936438488
-1.209397675324031
0.7679368116995007
-0.9371318377108032
-1.9200170011113125
0.40598866496753816
0.10563549076662819
1.7060738383996716
0.8785086492837441
2.1903063163792904
0.8128906849397288
-0.42896255300854763
2.4404454488277754
-0.24896512474812457
0.7761597942456109
1.5405212303623956
0.46224042483824385
-0.894683149651187
-1.052701140332937
-1.5999664629514596
-2.7273103470628643
-1.1835911788409235
2.6452266754313456
1.2079045711281156
0.06538511612740175
-0.6540041989170495
-0.9366107122443006
-1.8339470745217827
-0.3007670674842951
-0.2216035201822418
0.9562159194773352
-2.7541971922148574
0.8541344124582348
0.7782743258164412
-0.7789009610495302
1.14976203079774
-1.0056904083978444
0.23118738796930013
-1.0853326427730499
0.014523573636735912
0.48796368018804925
-0.3459211022897574
0.6074203320743785
1.410936344037876
2.2709234822808475
1.1490625485092751
1.3910635851944018
0.5223538431642277
0.2804364684100721
3.4499110741582246
1.5988994889874728
1.8529791897817567
-1.091940158321693
0.22777164530459737
-0.34431702558685395
0.4517074660258506
0.6060549177910031
-1.5202960506629681
2.547453113666618
1.5656917833239146
0.1464613933256263
-1.5255288758691656
1.5461082561771813
3.348952438822807
4.445728807194418
-1.5265278504318736
-1.8669171211105584
2.367415167381922
3.5125613853567117
2.2800757723008935
-1.0863236763258022
1.1285004787428314
0.7369401607916115
1.0478496588920465
-1.5203418726216393
-1.5685631273996006
-1.7089215926269963
-5.712241355551179
-5.601756654203175
-2.6138105682286787
-4.6315983883010325
0.2113644135854708
0.025336304901134764
2.1035858558101235
-0.4509504560404564
-1.0679842022320076
-0.0413366561073555
-0.5992397067058433
1.3276250233992928
-0.7510509149184632
-2.577183140646179
-1.0924326230533898
-3.3128644929707978
0.34035458340474617
-2.07512740659945
-1.399352730502321
1.725800207183821
1.2483617120110984
1.7776048791589392
0.45284920718971927
-1.0946723898183008
0.24828651498271123
-0.1967452585006992
-2.179203199656697
-0.7719648465827371
0.23379745162446522
0.9830184845188255
-1.4471212438583128
-0.24304470888136445
-0.03773094594834628
-2.0402523269374497
1.1371577281130605
0.7999739826326792
-0.10500449022036865
1.8643240344196714
0.11391165696909393
0.7477140133243998
-0.09231507090459352
-0.47413649971392774
-1.1757803923004424
2.7593770336646717
1.650727263447816
0.18648333731281405
2.5646859694480555
-0.4076508439482979
-1.5334142412856524
-1.1099941949292085
1.3109742926805807
2.207561034322625
0.9972761734709882
1.1970181368489152
3.053874962535823
0.9203207053882532
-0.27127730672391953
-1.9438962388388583
0.1007042300046341
0.5780935722487187
0.726519650209898
-0.24837745338440514
-0.5299862394887197
-2.126899081599373
-2.351500075304879
-1.2038445009292447
1.3532458801373612
1.6699266857396478
1.1111909983583148
1.8200335756857036
0.46655528688777387
1.2310436285792292
0.9333101747965794
-0.1122419594396437
1.7181523128388807
-0.8481364890294477
0.9312965450751058
-0.38623990309518536
1.9578925257857624
-2.3331335806003466
-2.5020923053589432
-1.0647620606311414
0.37151376020140975
0.9541671057759091
0.5922818740887477
-0.09343994014122599
0.13070001250521976
-1.8649559029591432
-0.24251863538180626
-0.7468830518957787
1.352300778944246
-0.3675306064725759
-0.039704819498701874
-0.6332203710748346
1.6428614943598918
-2.6700591694504126
0.06748897086936374
0.838468799192666
-0.16993958603368378
-1.611548695854669
-0.932828934918413
-2.495664827788229
-1.9961982934476235
-1.5465602413863995
-0.07927247612114295
-0.8642915583942715
-1.4668159311123736
-0.5398267523419313
-0.9195721648908474
0.4882394544877867
-0.3962548247343104
0.8866653472505274
-0.9476215660468786
0.5305043787214433
0.2872976780776202
-1.5021356540623774
0.8631408461401101
0.04005041225990436
-1.5851704552081336
-0.5729371941093785
0.486997741752828
0.8057455259346865
0.9248783360816667
1.0490940582355393
-0.6823132320062307
1.001368918700295
-0.5485727716875306
0.7970478412628743
0.07319495157051238
-1.034582028496476
2.1634750147317496
1.4128681768603941
0.0016470013675024618
0.66294787953654
2.9615539904233286
2.2715971608051393
2.5413297752666115
1.0548434704521918
0.19309627394490045
-0.5373937271187857
-1.615396790441712
-1.0571032266102758
-1.6701717792198427
-1.2851593886637493
1.0622280326558282
1.0996361898980858
0.43404430876304856
0.3139045656319513
-0.28922779428849843
0.4874043919526838
1.065909799945816
-1.5995375943831989
2.7888499588897777
2.255136636404546
0.9875120304043502
0.11248027496397411
1.7915615668570588
-3.072847776588396
-0.31070210134378135
-0.8434876335445378
0.2247671169338587
-0.8816381394440845
-2.182380693757462
-0.6507515763708754
1.3292103774994715
-3.65465081079449
-4.249947640164883
-0.43845367645787237
1.7791985588116153
-0.36755063010773104
3.7326896900617186
2.555633880893063
0.38616598452672096
0.8086564486353401
-2.4861926740846285
-0.17443720965015658
0.9633533682219301
-0.23554590204472955
-1.2046937391949069
-2.9207509960583193
-5.132538196648181
-2.5016343545572814
-1.2703347866808885
1.4395044360360194
-1.7546738764830332
-1.538586792986171
0.5774282925781689
0.5631871339610749
-0.5692960149040198
-1.3932495383320875
0.2870218382199564
0.6505284542585236
-0.5120676354020381
-1.501743264423455
-3.1276719576770144
-2.0830592611491974
-0.8274352166056039
-2.70648485773218
-1.985623322090889
-2.3146385919457897
-1.5951471184471435
-0.5149443034586187
0.8299719248184104
-0.14015223881435723
-2.0518812241097235
1.490201440490442
-1.779462143233544
0.3243163085166147
0.710445425693504
0.28069568978752873
-0.733221126058297
0.8763270449123396
-2.654033265339241
-1.5007425782980957
0.029714390141555903
1.5017794308830665
2.2178742790966224
0.2561182218639935
-0.5781836716121902
0.6693153922116241
0.5415864923295067
-1.0130395701789645
0.3906837133792699
2.786825027045482
1.6668367436111888
-3.649839954995311
-2.2403497112581574
-0.870746253919612
-0.6898898768386698
3.628537332969552
1.6842927809362567
1.952625528533613
1.315298765568575
-1.4520207583556075
0.5399798607536134
-1.6996620595816065
2.569110779538913
1.4350753219203225
3.170546672063405
1.3821355367492552
2.302388072400678
4.13847370473929
0.3396913410745966
2.500869775576538
1.8872615583091013
1.795518347216055
-0.7578334201447526
-1.0911447765515179
-1.9739416885698293
-1.5862426950155328
0.3249535249620612
-0.5323176372376984
0.2640650682235877
3.695064033294054
1.996533114856099
0.6846824818972601
1.3735264854606435
0.06018650163962058
2.090314833719709
1.1091384345764734
-0.29761904410156176
-0.45077785639937906
-1.520544070818755
0.8929019126248056
0.45820029241551385
1.3209606483120842
2.896162975913479
-0.32444120837757073
-1.5387321431151053
-0.004867161701750612
0.924111785149124
-1.2097363212665586
1.3822738151180907
-1.0039853278998352
-2.20240489326978
-1.5036093382389373
-0.005820744410820826
0.5343264034047096
-0.7815353768779051
0.5005518007209137
0.4817577261817477
1.4107391303735357
-0.04202675900930906
0.2925801720550858
-0.48630900501783486
-1.572258705116984
0.03234854180267055
0.4089074629427917
0.6181173615110079
-0.47292786002079207
-2.800945202894555
-0.8958494402139685
-0.43415262287067924
-0.10239699235649886
-0.039244949703976996
-0.07486053334878005
-0.9375945050603576
-0.49413119391495747
0.15567478961789916
-0.6442047553791947
-0.889016012399727
1.2427733181220435
-0.22865874759931376
0.17699164725744296
-0.48194394328130924
0.596651904724742
-0.49032401824713506
-0.5632637904754128
1.2312613874965976
-1.2056176070466924
-1.0249410478319618
0.019137108975618326
0.6229812487402961
-1.532033603334751
1.677103630422647
1.1300475443073148
-0.2409986411482483
0.6124217806397555
-1.0627162194149327
1.3243270991771783
-0.7548360327538558
0.23672256248474727
3.0336497450028226
-1.5261822376523222
-0.4889171588233356
-1.3637180934936126
1.0821099514141619
-0.9531365607695699
-1.2194684961098432
1.0520903915920747
0.14851751562850593
0.5829072891720148
1.3846454799608328
-0.3366219952281248
0.3698374116943632
-1.3426853481179617
-0.6403425470094446
1.1501570226366655
-1.3454956486558152
0.5664413416812569
2.1122867469049478
0.8519852304364008
0.09993981150849134
0.7169458647779803
-0.25388434381935704
1.9688791601996232
1.549218755619498
2.1638885310387472
-1.5070043758250016
-0.26669032377931295
1.1133398771276437
0.05051490638154954
-0.5264868126681562
-0.411481045604055
0.021341408769972828
0.2890099282562994
1.026075859151388
0.6850408783761592
-1.3524506943364318
1.4873374305247269
0.5505998686871312
-0.731773847065602
0.31697135506415364
1.282557258375321
0.14792581340255712
0.9966170453274351
1.1414848368039965
0.3077787631744805
-1.42543746563708
0.6495944867554753
0.17191292381653323
-0.5577580343399771
-0.16470408195048275
-0.9934707530215009
0.06734854839661024
-0.7531002933123746
0.8908659174029884
0.6466983791085
-0.2423230292568496
-0.7804542133447451
1.1524433514615275
0.3032280076224219
-1.9309226221569615
-1.3783461460116253
-0.835080316411204
-0.34983447617031943
-0.050367964368842624
0.24435241880823227
1.6840129461138216
-1.2018227398939916
-1.0275227931570179
-1.719764313355717
0.29369073895892495
0.46934088446248
0.9681849336928605
2.418487886255269
-0.22495859264056295
-0.18740591221427896
2.9566833431321062
-0.31020868584634803
0.1603824910221292
-1.2676136248284788
-0.05758835117673483
1.5717152746725234
-0.827763702806527
-0.2634663911831775
0.49965580025673745
-0.22847739814308168
-0.6948102436951076
0.6886098385100916
-1.051499879480185
-1.575979464248004
-1.604784238606661
-1.2087500877233177
0.7421110585969286
0.378294033845253
-0.5256510581670335
2.0143852729443834
-0.5210563002133226
1.4468767089821353
1.8839002214611906
1.0396858789170016
1.0819711997387105
-0.30671159713564916
-1.653473637042105
1.8058386232785846
0.670548939366092
0.4683781713956148
1.1877058619459786
-0.9775645584855772
1.8089431646363534
1.6721928485863742
0.5265970553234383
0.2524657502289356
0.867754728282744
-1.2693487504504215
0.7204953462895466
0.11817835341444584
0.11650100747911431
-1.3547388901621862
-0.04780045160410176
1.4618880938410816
1.7827852300071863
0.37911849218345334
1.1228642721608886
-0.2870168575374849
-0.05447513013371444
-0.7563094469533203
-1.083978042150847
-1.9094163906656085
2.2865469008223664
1.5844297059863963
0.27171671325063845
-0.08601515703988047
-0.868650144427231
0.22435796291958124
0.7092799143012696
-0.5720835810271301
1.1385039439377278
-0.48256557164783676
-0.25691017298091884
0.5560132381417247
-0.6926872775610735
1.6094811136467628
-1.8707955302694355
-1.2260956375174656
0.08949021235303015
1.0613619582964047
1.8765285116698096
-0.08232016937680134
0.22013601104589026
0.12056462044091108
-0.6028671679347452
-0.8910120592449644
1.2908369110635276
0.26099609926391715
1.962434865223073
1.5574614691270885
1.236682224537777
-0.35019322327419183
-1.5505807352865184
1.712023586532282
-0.7273112338241998
-0.30679373798371606
0.1304463335437371
1.5993210093242645
0.968205585094744
-0.6705247919720708
-0.06178026734981959
3.203204166186504
0.3502428688502596
-0.25612983614549295
-0.3107405363143461
-0.5615777519932162
-0.5866678696761468
-0.029940801749824414
-0.9627014014335674
-0.6775092761626215
0.71735713345451
-0.6229148438032259
-1.6549087682847026
0.7166019991239618
-0.637811103962909
-0.7925317356329239
1.3923249602737202
-0.45359599970768144
-1.328233659503694
-0.057176404187292515
0.6599249241955382
-0.017821090312112826
-0.15197444289078763
0.3292387333669787
-0.4412326077697747
-2.664979725493576
-0.13974200277291465
-0.9646814297864779
-0.6488147390940097
0.8209377983321775
1.5803108643059214
0.3155684282186078
-1.3502967220517907
0.8168040948301688
-2.7085599928682753
-0.04349795774626551
-0.6735629205660231
0.3703088600247166
0.9462090111650389
-0.9332378382340479
-0.49149699094684174
-1.1165783748048999
-2.499410216333665
-0.737895680852717
-1.169576740327237
0.38599794831267653
-0.36738368484305933
-1.58972575667645
2.6874792473980587
-1.1100925202128307
-0.9458615644648712
-0.5702132465069255
1.3961569922737174
0.7901733900247375
0.7136719116285785
-1.0405603902156846
-1.6583930633352937
0.6728917656181868
3.050459709293235
-0.8855724812160723
0.058264767780499264
-1.317057326057204
0.3804635380418862
-0.5964786129821306
0.9684745793314203
0.34866283527664504
1.4325890670113093
-0.5213269573006902
-0.22504727043203876
-0.9600330043223162
-0.6037763330923354
-1.963017324793505
1.7928448365700829
3.1465804824884898
1.7568822520744964
-3.1016860962526844
-1.9910256475601225
0.6359666930791554
0.21760389833925253
-1.2939729060219702
-0.6898082356210377
1.1678215942645553
-1.2137757388197998
-2.2560949307049816
-1.2548716929577517
-0.8438334842832546
-1.8618194685903813
0.7572257709143796
3.4750025132269435
1.7721624928863895
1.2722075933987596
0.07387615628323795
-0.32111837555437434
0.17176175893852508
0.9358822635422416
0.903723773250155
1.6025719401287635
-1.9729192660251123
-3.2806237865161947
1.2378136462843654
-0.35274608921656686
0.30499124356435575
1.5359299031397378
1.407573109291376
-0.25652784332429146
-0.7239310821808594
-0.12388922657022135
1.5107586370585953
-0.19389610491697667
1.5653808262609148
-1.0416601510781291
-0.36007377156349146
-0.33411035344688084
-0.7632269664004074
-0.8307915468065311
1.9932387668191789
-1.5250784383761975
-0.6442578218103153
2.447958906463178
0.6336265797526341
0.5573707098919626
-0.4017871660601971
-0.6150906437923359
0.2827232618024171
-1.2336958986022866
-1.8292001244976055
0.9664975718150208
-1.9535107140397414
-0.3271940019573006
-1.2460494445273076
-2.18127527879932
-0.8599998207681124
1.3088526737304291
-1.546449487642069
0.3192675641932216
-0.03694402654273011
-0.537583036910787
0.1642336462961796
0.11544427359126767
0.5124192002332165
1.0926315158923108
-0.4327510693948106
-1.1830422209863387
-2.689059213046871
-2.6170202886958602
-0.1412386601834466
-0.17657881859676952
-1.3765476957401568
0.5689270412128657
-1.5867665445516053
0.4216405621321267
-1.6738114209124568
-0.21639550028000987
-0.03665921534500707
-0.7919205584110146
0.3450736128812513
-0.10189229018565131
-0.8996504132993255
0.8347411640129193
1.3735494592406514
0.9806835590999591
-1.121703729892886
-0.3905039029935813
0.4404262650238804
-0.7789059049001267
-1.1170680376129674
0.41469808131041386
-0.7709213370259423
0.8687352899803388
-1.3759055828581463
-0.3029039339366329
-0.4852253817531875
2.090698405375809
1.990957954017876
0.2726880518312321
-1.0291985118629723
-1.5782294415381857
-2.160399029240206
-1.4276717323650976
-1.9842911455604006
0.014024804340028858
0.31376763294420723
-0.17535834491316515
-0.009418383179455841
0.14792915000342893
1.6502837535719508
0.9442189078462814
-0.878059324994304
-1.4754287696699417
1.9971820069912982
1.430570061931541
0.9488832399645395
0.9670993899757646
0.48560294517476804
1.1130901267487068
1.7149782072471191
2.8083091317087665
0.4607021131727503
0.19755133641101713
0.1369392499902528
-0.19840825095055434
1.0381611852909614
1.0625099390764712
1.3253539932352671
-0.5470814447045678
0.15782424259640124
0.8717374915215308
-0.21939302476571174
-1.9596225986733566
0.6180615977362802
-1.5698940552425587
-0.7129583518475027
-0.45208158365819445
-0.9900342340106976
-0.010472361803961716
-1.6562175793620377
-0.16800105804564983
-0.35055329168436916
0.04259311470891815
-0.06376379012214878
0.5221235842247405
0.49740768885375186
0.5937904349821299
2.3098801910072635
-0.7631352599951171
-0.4758632994070044
0.2519211912151448
0.6450622564393413
-1.114676440117881
-0.9495362196105706
-0.8686805216069413
0.8557287975455985
-0.6640782450720453
-0.529104339267891
-1.2158653873650036
0.003209387302459838
-0.38517158447763594
-1.0538038926859976
3.079695979856487
3.6257478827548444
-1.10920131807817
-0.7504636021445529
0.3694805920137337
-0.6488104733706779
0.36943192529687213
-1.6694634588197097
0.1802589724347334
-0.6216436163552982
-1.0878025959902913
-0.7081849340038694
3.6431574530205277
2.058958594114966
-2.5306151322637183
-0.9188757053037157
-2.4378006931811074
0.20199724743676598
3.2385966004460283
1.6794976162410593
-1.9082485192424956
-0.8021188097493137
0.19998218827032935
-1.0016165951737817
-0.8990362501888546
-2.1568632480546115
-1.8863572193314762
1.131351507695509
1.8522618239964443
-2.5745471870046934
-3.4762034404754356
-1.5667816447358582
-0.10371747080975807
2.213913406442365
-0.5692763004858192
2.358057467986168
-0.8725792024844388
0.883958705696199
-0.23658954328566953
0.614639048514091
-2.034394050301741
0.8429462002628396
-2.959833064835548
2.606561362123269
-1.0499232971894417
-3.8091155550606777
-0.46145599429182277
-0.8898269784391137
0.7651025129166212
1.4119786473747304
-2.6006414139699814
-0.7800295039546592
-1.0885219799703068
-1.7583703802548944
-0.12567614454928872
-1.861771808005692
-1.259770736306883
-0.6695889969488588
2.0878388619267474
-1.8839373490288454
-0.8572223685375253
-2.3537005538466107
-1.6643735206761705
1.1062386709089085
0.3871208981518689
-0.926514520950014
-1.1074760024020427
0.003516277947928058
0.876908951056736
-0.8930541435614863
-2.0981793262808806
-0.50593965712977
2.3664413195244536
0.5872382103815644
0.09216700286037237
-0.5299082590544133
-1.034850083580009
-1.2748181807712395
0.8639626720565613
-1.8838735678980747
-0.9175052486125022
-1.3400702730446419
0.6390548855571991
1.2195177194233882
-1.7765496201595812
-0.6438475390845803
0.923289245339448
1.3694158375591647
3.3279816656242964
4.3854461834556275
1.9720922059426487
0.8720656199098024
1.1663252502431811
0.8920787580920999
2.7606010045026705
-1.4563185152375813
-1.2720325371305887
1.2574761065107447
-0.09671850578751288
-0.44598049978376475
0.7327994147776073
3.852649728079348
2.932037368038097
1.951495435817196
1.1616093400674166
0.11978292199414266
1.1778854134818095
2.7742196714216827
0.33043060720966827
1.4010405868813842
-1.555856173413719
0.7073210279972872
-2.6823094851265337
1.6404000972437354
-2.1792004271230683
-0.1634541459925979
1.2986850751567653
0.13725495014379205
0.6752914312705328
3.5122964449877836
1.5719862252247467
1.1157351319955708
3.1829927674986407
0.9660098519718112
-1.903322283663419
1.842249344906464
-1.1994880693297656
-2.1235764290034806
-1.5510584138698267
-1.1398941328481274
0.12416863847586013
-1.2778606990586288
3.1064112917910975
-0.23476389633246297
-0.3874708490324145
1.8393118469232401
-0.9584917136875929
-1.2167030502970155
-1.9166781552700014
-1.5233402222369257
1.0712736289489082
-0.36347901148983225
-0.5035822247942319
0.3962447496522476
-0.2818845775313
-0.14721567468668348
-0.7042691627843285
-1.4697468113016878
0.2376752565821514
-1.7096376906396353
-0.45885010420528555
-1.183686386492577
0.11236201505763614
-1.817708554324975
-1.2570659101395556
0.02772484931137901
0.15191255663497835
-1.8355639564765585
-0.48914861570614293
-0.34904632819742737
0.5272507916922384
1.8811994156449217
0.779692146018645
0.7604282839896046
0.04273512637334809
-0.9950983720880605
0.11350935472080592
1.098714276658064
0.8329522236018467
-1.24227741017484
0.11433617031520632
-0.2727189628209377
-2.483615785338043
0.45109523098307786
0.8129860127040425
-0.6534545685341995
0.627808891889848
-1.3104794565644626
0.4152435754805606
1.8398888519357437
-0.11100928578871448
-1.0373650897175652
-3.2583596626239704
1.1185466035735452
-0.3979401463120224
0.5499599191553003
0.36059946136959714
0.0688601588081556
0.6905480633794601
-0.004354647374231797
1.0683582474480966
1.4970795929930336
0.7784144560226146
0.5445929113980437
0.24460216953194114
0.8026281911266486
1.209278882093217
1.3336264035414915
0.14508687959138405
1.4482404143922711
0.5945780780816943
-0.18753099583506808
0.3574721876559212
1.5623561333970066
1.297672455171977
-0.3145657641930338
0.7165177549495819
-0.7391854164934384
0.7764850815254344
-1.556358784086411
1.3164682919542912
-1.971151107676222
0.35899394520962624
1.3060312058176766
-0.5312934674445566
1.1736106226365626
-0.20170403425734068
1.2190539801393427
-0.9211340962562127
-0.721029083439769
-0.8883246124782388
-1.8203508421871397
-0.38516807466877967
-0.6415379271526153
-2.0857195834916125
-3.4700457125003785
-2.115807035242364
-0.20597866919986402
0.1541756195635614
-1.5277003806836014
0.6065238297574508
-0.8289516424968629
1.2276897015237864
1.1238315302350355
0.21100805788331928
0.9819303629238537
-1.6466971964685877
-2.428512650036941
-4.329280255182722
-0.13724495569517697
4.2023029492202015
1.0969548100588384
-2.0055145339102634
-0.022479881605601045
-1.9692016834694115
-1.2845974841397956
-1.1675157909295688
-0.7934072525822675
-0.6404414374775829
2.3713854438404365
0.34263263831741275
-3.3345473817058235
-0.990121087253253
-2.6114338761504454
-2.0121229834836267
3.8807124744210975
1.8997860772199209
-1.4596814458874556
0.0376027157043475
-0.4017200842079707
-2.041971194082265
0.6833104624568296
0.23794510314590167
-0.039645531448732535
-2.1809829894612482
0.16257971862661655
-2.595500048807347
-2.1366159601730534
-1.5199767652265437
0.7341321229461242
1.1954530464368476
1.2558456502206066
0.4808451490707202
-0.6263153411897456
0.4261697377963859
0.6362027797607793
-0.9341085511441187
-0.13008235144647945
-0.06283460361321665
0.8996390536206655
0.09042480200615535
-0.15987182070983194
-1.5257477453058237
-0.9155517041325761
-2.8759052147739697
-2.609303529902724
0.8787724768838898
2.063754725367099
1.5841664137173197
1.6385623588346008
0.5638601563015125
-0.33051594221306546
1.0721671240618527
1.039939825202611
-0.2745798918238604
-0.21666383337467698
2.5973519385407395
1.351810358412449
4.029684986445581
1.1452358871305426
-1.3448168853153974
0.14273828463065788
-1.1348792350527928
1.4764507826459694
0.46204010704874376
-0.44282871946497476
0.6445631414330454
0.4126027926187907
-0.936835209908718
-1.023011611699558
1.9241026926601081
3.4137303794504086
0.23216931940885724
2.111825899517765
0.5449352426477762
1.1806504044475734
-1.8667150396902634
0.5083461638074694
1.3808271004930406
0.23047759665901965
1.0106145213651714
0.5458126457302459
-0.36746269813073523
0.6478065319388522
0.10573872831950265
0.09698974358807347
-0.5084765661781322
-1.0654190817301585
-1.931705939911865
0.6625046432864464
-0.0432237961506668
0.6502843382312699
1.61789224050479
-0.11126889250884157
0.3058576469006038
2.4606741738449323
-0.7753627586433478
2.1540017512110126
-1.4870201963232779
-0.5512544756573781
0.19918059662418408
0.5908902597087073
0.6469395849669977
-1.1229889988807904
-1.3434837515444475
-0.5445355867116884
-0.3815956285313784
0.09360522357579587
-0.29863090340305026
-0.6960706229085929
-1.2627329734305937
-1.784558504274535
1.3282443096182965
-0.16694532001176932
0.82394351786224
0.2785273372317899
0.8591089233136823
-1.4257021491679656
0.32084256658985155
-0.37991211970148075
0.3163745248299503
-0.8678134813901212
1.2012078795080197
-0.5244115568677059
0.953340073563436
-0.6533269765185244
0.05034596620835736
0.30957335350371806
-0.46344270904741536
0.648233805808076
0.597280896834273
-0.7676033153036638
0.7955091764412064
0.7996268529726108
-0.24219916103868913
0.25711204704193563
0.28452989458406935
1.0613793763545707
3.2849959460327316
-0.6878837302688471
-1.2604145384951453
0.3726286850461298
0.05969653358270117
0.6844399740945238
-1.9817164961326823
-0.7099750386003422
-0.8123324014005372
-0.427854185776
-0.8432622256749741
-3.5444401081981307
-2.0171518505527852
0.20807045107531671
0.930986064155123
-0.6490820531759339
2.7794584914078952
4.1523928805940535
0.6482101264271274
0.5446501631859993
0.5962930851155849
2.09930384267238
0.23908959883130493
0.6131673722995655
1.043828438235948
-1.209506353968204
1.234471133717935
-1.7240160528480977
-0.42398673051676183
1.1340170345168155
-0.22755343936618522
0.9224285377034844
2.6011865248388175
1.7196428283417533
-0.6035479900373059
0.016638167367698093
2.6402524099117297
0.9847020861245658
0.03992671320432025
1.945425968471567
-0.8676798186671416
1.732232661887698
3.650300769104202
1.5005277593125759
-1.1426609320973025
-1.0675121453116652
-2.7698578840587844
-2.99661661752399
0.034048894348800755
-1.1757392732605525
-0.2585578837561482
-0.03434522038984326
-1.6996968918011086
-0.5494566596658238
-2.238224118653936
-1.4464012909313408
1.7935202932976526
2.4022018849948537
-1.9727261717543711
-2.9940190893051524
-1.8494390501990445
-4.156326896035307
0.21607443163627418
1.3926347993418298
0.08422786148926471
0.297823892810021
0.7737826335488643
0.020850673231827453
0.3426538503664158
0.2044017089636727
2.51831418184897
1.8827844991591134
0.6073846638029533
-5.425127204827125
-3.817539174111996
-1.3955779045991945
-1.4861159964601474
0.8570856713461882
1.6654519462651098
-0.35039160651105017
0.8902625860391004
-0.6652327104582428
-0.5834385645076133
-0.20664265432762563
-0.8264232543643322
-0.22952231795010258
0.40882437097375435
-1.3215604910331056
-5.0227282441195245
-1.826796697957949
-1.9270488789637914
-2.1891470610239327
3.2898439843157377
0.09393939486753912
-1.1111647951242525
1.5688412187022258
0.6566174111203468
1.1178201947328679
-1.2483913974796652
1.1935171567828533
0.7783154785819533
0.6227011943787176
-0.4494195450209294
-3.286180678561339
-4.335654550897977
0.49595963976201346
2.668287312426423
0.4448611119083395
1.1381347182602026
-0.5853217181723074
-0.5378554315564344
-0.7284195175463196
0.9722706539114977
-1.0396671199720307
-2.7967442685576445
2.8469171545696565
-0.580665106543759
5.162366457784449
2.87527266742287
2.5014737467718384
0.7733561553682263
-0.30170019560447325
1.0339864320474474
-0.8210274196155237
-0.11790103482156841
0.027429262095326506
0.05237353946049495
-0.7005405238913808
-1.8892646927052776
-3.1386947522069617
0.799035655097859
-0.08673436138128965
-0.6061187858563545
-0.9604062463658
3.531532743744173
0.0784305385379482
1.9069276770178318
-0.6127659499816485
0.10016986926738056
-1.3240987532972464
-0.011278543046310685
-0.38660105416873536
1.0150833055533244
-0.784898200631031
-0.9552377575048111
0.6982094662519939
-0.048325186634194814
-0.6828187127633835
1.4273042639990838
-0.7338697991643863
2.8583949688056887
0.7834278461286185
-0.6862360286508955
-1.4092381238386573
0.05669720152126193
0.2874761788904491
0.863147653320481
-0.30291767413119364
0.3333371695754851
-1.1129173025872288
-1.5502521551743127
0.3065262290266074
-0.22533456013073713
-1.0758648020308825
0.3904873469333533
-0.4952808280431858
0.8172999029724842
1.1367572136898416
0.05431886634164403
0.7407481874908913
0.8089174159701208
-0.4857668115804419
0.021562111626858747
-1.9919267297291126
-0.5034876668612531
0.2553205900250917
0.706471940250043
-0.2771416003267943
-1.1966467801375882
1.4123088495381475
-0.23332599020198436
0.9710133345665751
-0.04748908229303449
0.75768873945618
0.07800972596346242
0.6031510181106614
-0.4295245494454179
-0.6293360820050873
-0.7102989454614996
-1.0153403808852184
0.0657192426144151
-0.38123570533444434
-0.4816129123478336
0.9710394475757952
-1.6010911489828434
0.995714488847874
-1.1047102229992205
-1.1913569074688004
-0.7258532786123296
0.5021481491283605
-0.7065102921013302
0.13945090847496538
-1.0289360663406288
-2.5459304940338776
-0.10152769663622466
0.9702621917869022
-1.0644058785556088
0.15903188483666322
-0.6639442512177969
-1.44190356032633
-0.7654642688732807
-0.7502957296798856
1.1961708096532182
0.4999178087036129
-0.9105452929261761
0.04806741661083044
-0.1251921215610644
0.5926882819445132
0.938829767168819
0.7552654705913393
-1.0302441761667585
1.781308365089884
0.533404294810048
-1.1199646653178588
-3.204768260834377
-2.2091056630748946
-2.730218583848848
-0.192418377977472
-0.4459430993168483
-1.353984032771871
-1.0561969391255523
0.2087372565304063
0.6672553538686694
0.4534678736524414
2.504504529926349
2.2070561047655
2.237500898780286
1.969021932633025
-0.8873897559599513
-0.9990152062779916
-1.2423579502495077
2.766774333002348
2.772334742292902
1.785629500973859
-0.5774437347038739
0.80117374827214
-1.0137694714980199
0.14362446457345407
0.507544829795765
1.830819910609953
-0.39927841080318444
3.344314059051651
-0.8515806949570153
0.7811373522436581
-1.9063799363216554
2.303691253750564
-0.025282945933615682
2.035361397191147
-0.49364848772092074
0.25533872944947383
1.8895233346457767
0.26821156332918145
-1.3382366748034178
1.1377139375687197
1.203297552535432
-2.8594046533869717
-0.45541017143284274
-0.6143623141550814
-1.536424834921138
-3.89238699332741
-0.8822182018435636
1.8682550084214287
2.1256419018637285
0.5476477411997139
-0.9291654264958307
-0.908310561898032
0.43238776880139734
1.4588825637287917
0.5585770854791847
-1.8197750197351432
-3.172722226687489
-0.5780054351259968
-1.8910519245819102
-2.439883837832273
-0.9345997084434157
2.073279383281814
0.7474574999013537
-0.6704646348903873
-2.282050741796591
-1.2164973462982522
0.4570818533457148
-0.6632995863297553
0.9675955497064994
-1.266577408815988
0.5567317045217658
0.8836663649667723
-2.515348076248061
-0.9515004792631995
-3.43217236892689
1.057073190520519
1.6062800211667054
-1.763882846987591
-0.3871942216272066
1.2001498901065588
-0.42078581135385046
-0.07599735951018868
-0.3820109171596546
-1.0368523688213342
-1.402353594796601
-1.3276109716396522
-0.0871303844772279
-1.7562033227378846
-0.2156571456272554
-1.4132020375815793
0.5192429229099966
1.3236922879135453
1.4950697158594108
-1.902957436291834
-1.6635638684751428
0.8766326571452625
-0.8713186476487411
2.1316707551161787
-1.6796299733765183
1.1662766892014322
0.5516452803460802
-1.0647551591289042
-0.9220286306690328
-1.435103973272369
-0.14770272532474704
-0.45902417247197447
2.389614918366888
-0.7135096053132468
1.2720360131195867
1.061229834376039
2.254912794251263
0.5937151513798756
0.33650029620870064
1.0058744307676721
-0.19600647638721047
0.22661166027660729
-0.8024585190986464
1.6636261470431792
-0.10157391109281201
0.7709987850775545
-0.797655513049653
2.5550864653548078
1.8911997116241985
0.6278008958948457
-0.9167817291033128
0.30555726485827256
1.1781469515521819
-0.5549961688697529
-1.4057318242122911
-0.8450851258936865
0.47555821412688376
0.020337298344704803
-0.3979747474858974
1.4778053213334588
-0.787152888954223
-0.7130022315412615
0.9520989579157229
-1.3658101012793251
1.4499036279272
-0.9397374230450707
1.0628004719850557
-1.527886668464622
0.6825390056762486
-0.47262221644929064
-0.7034160840488253
0.21227517591021836
0.894917385019758
0.9302847215380576
1.3134856922617597
1.1350597321791303
-0.7949114387044831
-0.3708495551560378
0.4271679272763509
1.4341833967947673
-0.6868478347202742
0.11724863614975757
0.07091111508373595
-0.4818756010342877
2.571319131228431
-0.7580754283247859
-0.5435365689240754
-0.13830895818721026
0.02807698289945564
-0.5979938905985139
0.6477274114082446
-0.7322931199934706
-1.8361125999951255
-1.7673720502965335
0.37597216700361585
0.7576690841014172
-1.1050622854732817
1.5070234919588028
0.3019006800627737
-0.43886320779954435
1.3670060989628248
0.27973899491964016
-0.14034876475778282
0.07010279272075279
2.147909042237128
-0.44044923274297076
-0.36965715949174927
-3.147902345409103
-1.35004199874511
-2.105113160272582
0.4220762435018888
-0.44440856307078247
2.011934806255591
-0.3386043210839018
1.6552742594066958
-0.3250017541319251
-1.2467131034183765
0.21102689887401407
0.5852151214735082
0.5832635932873362
0.9504272107897667
-0.7666484513436403
-5.295736487129126
-3.0766012252944344
-0.08327211023207623
1.5770401380261185
1.1901415015961867
4.170209586885917
-0.04971746042380216
-1.4263234038326411
0.43137077628526843
0.8371177803865755
0.08552752821939348
0.6099553259351502
-0.02192582245173312
-3.2868173779611904
-1.9096215337401332
-5.394229888365232
0.36958739493425535
0.01183938415247013
-1.9780617317356755
-0.7907354370054164
-3.20606485634421
0.8046155423170107
1.5401010630751457
-0.860642127589057
0.7060642897322327
-1.5976027864009084
-2.2284510291990753
-1.1074398146910331
-0.41818920529428155
-0.9862753584855711
-2.637932768309898
0.5313342627664144
-0.3062388934457263
-2.2612089632391688
-1.2837438492734317
-0.20584903892758405
0.8976013837976745
-0.9929890723836443
0.2754297619249848
-0.4258184376238169
-1.22573930235341
0.9888304556367238
-0.21213382209516154
-0.2875361849954346
1.8355271352993034
-0.27099849505342977
0.3191794807760198
1.5816992801586518
0.20502461613921985
-2.1759462703801105
0.6919178103308335
-2.4310458695889636
0.07948234022835361
0.20814986251104803
0.10241755754701708
1.665851919921381
1.4524913445261323
2.6998356481101933
1.1382518715153787
2.70831421665878
0.36583939842963326
2.968711423443336
2.761670033681675
1.9870039795994128
2.9610014527698176
0.5021443682462422
1.458513123646207
-0.5317117693117157
0.1972946390543878
-0.21957649919631164
-0.901830618252938
1.0903433660373114
1.1983451023868905
-0.6222921907208275
-2.209469157095299
2.002249720277396
-2.042600209807414
-1.2032094460384248
-2.52409016949089
-0.6639836294487995
-1.3727687271127031
0.3199695824990317
0.24796021860371917
0.956785165151127
1.377192377535333
1.1782399340720255
-1.3374298652502588
-0.10366160760013567
-2.0091537386404035
-2.183307932157043
-2.517978654006784
-0.3079503082349195
0.794037323470842
-0.8974368083981926
-1.3891939691185675
1.7989096149058341
-0.19067918262444686
-0.17232597429078658
0.49543574553891956
1.7219248079836749
-2.902776937254079
0.0845851348353144
0.7916563335988713
-0.36053623993355916
-1.6469541369211826
1.5262607972042925
0.08186998172417118
2.511709639115491
0.7547767989853635
0.43974203862628064
0.14481114474358364
-0.21145003241500027
1.167955548894917
-0.43763760375136596
-0.32068852772419454
-0.05682365418753977
0.08578873297556375
-0.6022150884767176
2.0604767378442053
2.9373710350589675
3.1771398770693313
2.2361112828160152
-1.458205678938024
0.5419521737497043
-0.4703082654146405
0.04349823487186961
0.1530109757436867
-2.0006181525932285
-0.5313441680321003
1.4935602797123393
-0.527135253983791
-0.22243564794042878
0.732675831000371
0.8768926795230496
-1.7261205811258868
-1.0727443433617605
-1.3594976195064614
-2.36869754291793
-1.1814057107810438
0.19329899972144415
-0.5407214471535122
1.1833971778703332
-0.04202952709334538
1.308489340487074
-1.094541053783241
1.4286986396329402
-0.5576224406694835
0.042373193121418566
-0.35827512859203287
-1.0252610423521504
1.2425417686333318
-1.0988195064808561
2.0789727168483614
-0.8328899708696273
-0.3939372650642498
-0.9511606846324164
0.710759971248183
-1.1182402747457383
-1.2737895432034438
-1.0784753414491073
0.6362495696326801
-0.18541358397137825
0.8931939900043744
-0.36169439032915995
-2.0475576199998837
-0.22267893890816715
-1.59444190522134
-0.4960493907752364
-1.9561473877927544
2.035664098627387
-0.8466456957646187
-0.053456682558630945
0.2728217093185226
1.8692279709464086
-1.0468511081393213
-1.6086051235849594
0.9000925774075644
-0.5822987566609993
0.8926782395881555
-0.8601287806898992
2.0297830297360253
-0.6054505769602764
-1.8420293743970149
-0.6577941324099992
-0.9308154781059859
2.1146138242368715
-2.0138597436950163
0.5253920554289828
-0.4585539036702489
-1.8830771130874644
-1.3509776763060737
-0.8756775041709354
1.7115009835424866
2.2857234521851075
2.1096940743233055
0.48797858298982316
2.808233279981104
2.64215588889405
-0.1650583006298184
-0.470462593129942
0.6871133992172791
3.1194239810733686
-0.9435606932391122
-0.2902123117372334
0.6144084463915694
0.0054016668627193945
0.07138851534962737
-0.5386390547428723
1.080411078074977
0.9992241142608626
2.6476039092255963
1.5218399922955976
-1.1536778986355989
1.5843833068322346
0.3356057278772919
-0.8132228616812904
-1.6867374017246708
-1.5895473852505784
-1.5314893701471046
-0.3942679362765243
0.11181852675581731
-1.2975660271143261
1.7968436693120187
-0.6504634880616572
-0.7340088360860936
1.7024798260822325
1.4384216623833084
0.669645705755638
4.73443233257179
0.7320443448296277
-2.707457608941533
-3.093392562298359
-0.36007186702046096
-0.1278604788042586
0.8531595213801143
-0.638285596691209
0.05473702658315713
-0.6018771632415064
-0.37834591547752944
-2.532726790237789
0.04235737380301779
1.414189044566766
0.44605907249274296
2.4671012679976156
1.8819525763314335
-1.526943505354129
-1.422227881229494
0.7483550278318257
0.6800411621862797
-0.8449710212493132
-0.7218152557473935
0.1880563554848082
-2.275029892535964
-3.292967396968593
-1.8762460538927719
-3.3273264691589577
-0.5706772010202092
-1.4195831224007058
4.281673058566758
-0.03877212901569795
-1.6714250705582747
-1.7862646886914209
-2.254877797087897
0.3849663848458929
-2.170472263955448
-0.503702427663101
0.028312381725675895
-0.8262838268922088
-2.219820290778601
-4.8889909718478055
-4.344732826134586
-0.7408202726613047
1.0419285320050822
0.8888543748157818
0.7188278676294514
1.0484924357871321
-1.188632503445401
1.4018892253094764
-1.9730650937611087
0.4419608160307164
-1.4998985532559423
2.244639693685312
0.35372952144864256
-1.443379006937048
-1.80820309831418
-2.4978466311224823
-3.3131305877340185
0.1561458118995633
0.7908166582852626
0.1030451775366005
-1.2058561038348343
-1.529431730359774
0.433513539025114
0.09215825573091589
-0.21460818844150287
-0.43087647908527876
2.3910817836183313
-2.4201477052019347
-1.391783003141307
1.9008051098362335
0.7922626328921567
3.0578879404343464
-2.9041084463231712
0.54165571378545
2.349337754761648
-0.9070038817224069
0.17508128943004833
-0.6805432705221015
-0.465318721812426
-1.6991507679902802
-0.7487157732986892
0.28886384808560284
-0.21118904118203258
0.4188255129545225
2.4649356579194617
4.025948687686486
-0.8067179960149287
-3.174395719298186
-0.7387141399337781
1.155700852349784
0.7689439687816149
0.23689007036486207
-1.1220912319888368
-2.618761906254514
-0.25932943808286374
-0.1838467509413116
1.3590346209683455
-1.524352751001559
-0.7648176622891779
-1.4114312108806286
1.5095923425787663
0.5812578059289216
2.4658368906576644
-1.017245167884866
0.11318551592539772
0.9187848367652424
-0.3419365877377823
1.277303552398093
-0.21478166440981494
0.8340215712875602
0.6902430375753297
-0.7058038681219991
2.2187650331073794
1.4965779770175383
2.1242369164844708
-1.6121040730144123
-0.7429640304114231
-2.2774803274171194
-1.0120951655508508
0.39921595956643
0.456577980371821
-0.9433531331165297
0.5003187758456729
-1.3177778861905676
-1.7632804542411291
-1.2483072468774905
0.7578465956655167
0.09911514499654385
-1.3595992659075617
1.5812858056293249
0.46765147443073196
-0.6781289903050565
1.097909766651415
-1.0606292003743003
-0.8468456055206449
-1.3218975331093936
0.7482836812998687
0.3338535479875256
-1.7027718218751597
-1.7449557852234334
-1.300807615896681
0.6377947678484863
-2.511860792252964
0.21339743773725048
-0.6687125176418443
-1.1396368126625755
0.3882299392491938
-1.6993849521659299
-1.4227192397388313
-0.7392476477759521
1.7945783433840663
1.3350056003433461
2.158226175183957
0.9087718498479086
-0.6093767509037933
-0.3919790805478544
-1.27329772562791
-0.33679828806804946
0.9293831097878484
-0.8183715083193356
-0.7261960743689312
-1.7403998269295793
0.5226645897490357
-0.42178069995502493
-0.5024081228515932
0.5918362914173564
1.4615899423908774
-1.3712315944589752
0.7404655960726111
-1.4439466559332923
0.9250869236521195
0.09589698886564628
-0.36311504981099413
0.8637979996487123
-0.7233383839683951
-1.1426314949756011
-1.7901886932459063
1.409052854137522
-1.4234568297548063
0.033710756041994236
-0.16051612047687194
-0.5244860519967695
-1.1293147524045848
-0.4141880796115792
0.06645664507959977
0.552189066632998
-0.5185673004956692
-0.34512170923006247
0.5775507717561843
0.6487738935515591
1.1355341678960298
0.6378599561494488
-0.009491086204078873
-0.5219188325071316
0.8195869646873721
-0.012666356604973719
-2.606244029735373
0.6034538284379534
-1.4349257889317653
0.09463362537870508
0.5212187576732981
-0.5730832309882792
1.1347226845509237
0.6328677551720433
-0.16918452046044494
0.3426667105481154
0.31230105455093377
1.4197024702860854
-0.6529481926553721
1.848470423278204
1.8325542491904976
-0.8619013909837651
-0.6385570514475538
1.8830282119642263
-0.10541427852101375
-0.029609338147367676
-0.7630893947423392
0.6650304720063268
-0.828361521058559
0.45043699802932113
0.4213193555192425
0.5242054068511333
-2.118762197658496
-1.6667551951499058
-0.3827012356565254
1.6156157675470604
-0.6025708951919894
-2.3374980721618828
-0.5346060215402446
0.8481322719491691
0.17728635021054417
0.9468089855980732
-0.5238583209137678
-0.6195922974278025
2.5974916455454347
1.8056407152088405
-0.17432193356213416
0.045091589416988265
-0.359365140527158
-1.5593498511216561
1.1187659877378675
-1.205081927476266
-1.9440773048391313
-1.5583039189952
-0.5612832848824032
1.1669920658552373
0.7141643676292029
1.4281266492630922
-0.17289588357433813
-0.13461062599356993
0.5617944928660722
-0.2667080428527438
0.19366936613602018
-2.15350083070819
-0.004735240809079126
-0.08771533666945013
1.0085384447959327
0.9046028004160456
-0.2567682632634826
-0.33238350822063817
0.8947987174534531
0.899141488363957
1.5218182675732033
-0.15101419620228995
2.1493522826315026
-1.5799829300456385
0.8958314208331568
-1.7754107306354645
0.14833897341831828
1.5253009463921583
0.04293865037269523
-1.3027331986916386
1.1703688778551222
-1.5938156262239753
0.19400414248915876
0.2867602222676581
-1.0128590050480994
-1.3649736277831968
-1.9824084785836327
-1.5611940580200925
-1.349757039801928
-1.978218373159474
0.28300888073145
-0.7898445556939282
-1.118142069180631
-0.13934105341495595
-0.5307759186753892
-0.3285313616998687
-0.17915937049664604
1.7382708679780108
0.07372043031932742
-0.38891266745288394
-0.46673037460414585
-0.031566985023005346
-0.21997925232487112
0.031125729969974782
0.17199675474143142
1.3744175310226143
0.36736642389888813
-0.31030774329177835
0.8328843958414672
0.10130903418426279
0.7027528066913218
-2.3436314944501073
1.7230237211228827
1.4647050343813177
0.43839473605145307
1.9293471225951349
-0.23096614544270902
1.1316331115619942
0.7090977133945527
2.476587615286027
-1.113656906967159
-0.7725949548274624
0.36642938121621715
0.6980142582771567
2.0254469919177986
-1.3335694886632332
-0.5070427079935961
1.7040309504712505
-0.3511170996399178
1.9186329178928676
1.0880593571265567
-0.0833209485046855
-0.6557293249408352
-1.068214281149156
-0.4769598690360181
0.4419187728383459
-0.9402543567110506
1.18741391319008
0.8993503007740806
1.186907109783472
-0.8006299845233141
0.34673719195563835
-1.4714453807722312
1.552825854002449
0.824727507183647
-0.253460415399276
1.0018336661653093
-1.1595639077189464
-0.2766996039788532
-1.570930330879225
-1.8577203666319935
-3.1528384510832876
-2.0351010305783417
-1.4863449337967067
-0.9217094526262681
-0.01960715834199437
-0.5128332549422907
0.4536110124389168
1.424841492105072
-0.671182151579801
0.8075947296487734
2.23855629592228
1.170959466732639
0.027437655729048358
-2.142928371138937
-1.2858336406652442
-1.806027826475479
-1.6583519392664732
-2.022476086639395
-1.540326481466619
-2.1082063007185354
-1.990341565389718
-1.0509192074319438
-0.8062144246236704
0.8638128107694535
-0.8462948385483141
0.8700331316633874
-0.2553680466126314
-0.7366035236069924
0.24322634533025542
0.5006248705369156
0.7036496054260425
-0.039804228633343784
-3.6500001590730005
-2.034102920010898
0.99853891763816
2.4959293468313506
-0.29041567143648384
0.7417552877114696
0.3443373240403057
0.6868186799671995
2.0853523078158043
0.18619646361534545
2.8652260218794336
2.7174386631186502
2.2628804313615243
1.6952818434208887
-3.717586563098508
1.3354201795457938
0.019584092461155257
-1.4975435185474395
-0.8451507349466542
-0.05287182339312398
0.4495082819712778
-0.21071143004390433
0.3608597078088992
0.7347663641626595
0.9632330246483087
0.9544701204915419
2.6942665783608652
1.1408124422101793
0.7224397881480559
0.9753040569099249
0.3014659501558297
3.067433933696191
1.4808139527228397
1.0878070062745333
0.6714555391728932
-1.0811645379828039
0.7842439907265076
0.8191009807732023
0.9481243571917911
0.5128929548799527
1.9715941770069603
0.5680464506122898
0.14062970021235732
-0.19132920118231983
-0.039631536605892796
-0.3154262264104956
1.2663883696654643
2.0031175740143907
1.260317368092584
-1.8019089586336925
1.842448772739508
-0.05952949278408593
0.6398350145373634
-0.3261926891012484
-2.1132384751691546
-1.2329790342862168
0.9939229698767352
0.1247769472082843
-0.058498348934138474
1.5403672229507477
-0.7337067704202148
-0.14088461347292522
-1.112408907270009
-0.6227086992431822
-3.783188220218351E-4
0.035088239783816484
0.5789187748587704
0.2076808703193843
2.7281194911526785
-2.6253218585809077
-0.7532247169256607
-1.834941929233756
-2.4414138716110254
1.081927522691242
0.339716458680105
2.7775881961807047
-0.1460693678542093
0.0782307316233683
-3.0116744493152057
2.7947575922068992
0.6999860017780067
1.1608400531069312
-0.026977696402729
0.34702965942795594
-0.19304401260012644
-4.30324927555181
-2.0982567633650717
-1.5434349240808019
-2.170128015019877
-2.1338252901049337
-2.8666265950460237
-3.456805644352307
2.554193846424084
-1.6965655981133105
-1.7877846099802719
-0.4013435060079712
1.0423674636352178
0.14776972392890433
0.9190544335415544
-0.40201088261295465
-0.9674503032631642
-0.606924286825188
-1.3305501405356925
-2.4865628325510922
0.4519237402811617
-0.82613385371312
1.1125023441724495
0.7509029171576584
0.7225833029583962
-0.36543114113099806
1.1622512650831158
0.5446571936329861
-2.0583897371632096
-0.16399995980213442
1.3993578934726352
0.5053388945716991
0.30546979782583966
-0.8479601884574552
1.3736517420975562
1.7464000228038843
-2.0967622461578785
-1.4221128712869497
0.8340976753043706
1.1791794545781524
0.0751627130871238
0.24196123781474557
0.3211536362095512
-1.9676412834354444
2.159602773330509
0.8935092720831175
0.03433213467830638
0.3368487751380302
-0.5802635473198715
-0.17267854355445447
0.2154752113812945
-0.9142314198678647
0.21305637679143985
3.158427780380785
-0.47534548396447457
-0.3650702736448371
0.26162324724756464
-1.0067034677313882
0.11140363924396161
-0.7662982776475458
0.6743968986942404
1.4055091059020204
-1.3601510324012611
0.9938632221746162
3.246063666232
1.2396828500045907
1.6251458168635706
1.8772928544318686
0.23547750708068452
0.2909975619719747
0.38930696979746343
1.6137369878725774
0.816431243223164
1.0269671187298353
0.025680738875128412
1.2768548063337426
-1.177068335279173
2.1192570510394266
1.3217650430964463
-1.7051498745817293
1.7281673078307036
0.008245623204547858
0.2980915715804764
3.2897321595774405
2.1023480507511563
-0.2782078440490808
0.13153256188000442
1.350829948258116
-0.14190330121898212
0.3689532467393087
0.7285067899824852
-0.9832096764885726
-1.9618936104227258
-0.47400318499994265
-0.31236807071731687
0.5008952359685366
-2.0956927332952144
0.2570677400337974
-0.5163059488547294
-3.100873730555645
-0.2224200577944018
0.7913499702081495
0.8790454375827693
-0.3953125926098849
0.34618306354925804
0.652255990643376
-1.4786801211939131
0.2548087617033371
1.5493509045031335
0.32832624722753295
0.1135602764120737
-1.4837241108059989
-4.261393698432633
-3.869935200866074
-2.9472772383777612
-1.52670347896348
-0.17096283273179644
1.5006173433148637
-0.7517209251165571
-1.0412946487410766
-0.10913439229997851
-2.145864125073854
-0.12544652464333902
-2.202210006023933
-4.541477915627797
-0.49000599327227484
-3.1449386028335966
0.3099158881040236
-0.8579313465986074
-0.46658875330359123
-1.2011704064748647
-0.8825177317051836
1.7864237607035025
-0.04646038365601004
-0.9757386236808117
0.6980407118604557
-1.7818624854384202
-2.203370095114466
-3.4497253520880546
-2.953563105129297
2.9774681554386766
3.844370546363662
0.3147706455731314
-1.2247397825968735
-1.301363767219965
1.0748692120127687
1.045494112635612
2.2983065169096704
-0.909050294511917
-1.0563613073277924
1.3385492150941112
-2.8895416300553993
-1.2119908574671068
-1.0595556970996927
-0.39319838131165297
1.5867262783930398
1.994601413786222
-1.5177362875432576
2.172660568035852
0.925754886793761
1.0439159394229642
-0.21261236472516848
1.5386439216676724
1.6655268286961156
1.4708181090164363
-0.3854132472783377
-0.7558930020188559
1.1312556973162318
1.58201760403719
2.013553939299729
0.6879719190975231
-0.610028592415707
-2.0387068303854274
0.09665984848604643
0.13239229048719087
1.4141355168367808
0.7786428813763865
0.6000360889033698
-0.22856303965496352
1.4487337582918878
-2.0517344220877964
1.8127190117578498
1.2029173250950627
1.2656530712224088
3.397564601140243
2.837910112669085
0.867783887035024
1.7521857522546902
0.7593812237860155
-0.8192511558965357
0.2856205503642531
1.2228538851058297
0.640264557886594
0.7894550301267356
-0.32098131087510356
-0.8879925588246932
-0.5953183427775558
-1.8464979946361701
-0.927217390722632
1.880982337474534
-1.2113927501182788
-0.873607857283111
-1.0893764680367544
0.7577286270335326
0.7991545726485575
-0.5514528489512553
-1.3430913217395317
0.9200157512413645
-0.030272135863827387
0.49398655811232434
1.0691751164695469
-0.7231240943428279
-3.5423425479351454
1.5299515250719071
-0.050510053060711844
-0.7834818743273799
-2.4485675857415083
-0.8853968979058342
-1.4232129222800851
-0.7741517203419149
-1.4661062142226715
1.3370325996502586
-1.743071895014154
1.2369410898557782
-0.9326084767921812
-0.4543961236443151
-0.048444793297699344
-1.4446062131785562
0.3798544313984617
-0.5425451439090986
0.31780849881412887
0.4037369210218761
0.39895026962803515
-1.842139730077534
-1.547080225474846
1.6895208193501383
-0.9086484848178551
-1.0876862104127212
-1.053308096984388
1.5937232789068232
0.2016916108084183
0.2926372029893774
2.761367814039678
-2.172653697112629
0.18448295622004662
0.8899951541792752
-4.0921461019415135
-0.9732192577886094
0.8601606252053863
-1.6775564847713318
0.9362334864927435
-2.190383570239624
-0.32818105543086035
4.501141442446767
1.1737789855554284
