0.4379463882880024
0.38512025788719223
0.3190719291332927
0.7331267689982467
-0.20218088831621653
-1.6129144611821096
-0.22824401647120376
0.283788564994466
0.42252924394525143
0.2895771994293777
-0.7639413919343657
-0.9056543927460211
1.7053634349173203
1.3956564594126408
-0.7851002398531893
-0.3265803194122328
-0.1222450513291804
-1.1801778516166517
0.9384132649470872
-2.057508169625233
1.7795426990748817
-0.35485631194728223
0.06768017019112092
1.7141379795473464
0.08384205280239286
0.8834556307764484
0.9198708912067995
0.09316940197217927
0.5027610217825962
-1.1390403107445273
-0.28450786533017064
0.4592842034586743
-0.23276263774692205
-1.2201742237841304
-0.9939443746319089
-1.8476481407145724
-2.3756547361825944
-0.7401124885413582
1.1964018165686254
0.39638371223209146
0.5046367361786515
0.4307497354612841
0.47550966165827013
-1.8589043493009738
-1.939675440323602
-0.9232831892088614
1.0041094365420058
1.9941767228110108
0.8144088730855512
-1.161232703131144
-1.0881703144938428
1.6151959363104242
-0.9832806528190965
-0.5773388466585572
0.6130394480515412
0.4698298504855911
2.069559499585321
0.05397100398460362
-1.4825886297598334
0.06646200319414722
0.7679947163227413
1.8453898249383947
1.1366478616873603
0.24735064797145548
-0.39795342215099716
1.451956133150387
0.5214557594042123
1.6753674219709225
-1.5625084817901054
0.37555417006174696
0.20884169184292517
-0.9091078970971329
-1.0219433865590313
0.9283983187939285
0.475384874189322
0.27985202018827054
-0.2946144639692145
0.08616080690930988
-0.8174695714926388
-0.6501336276215394
-0.48148801444148237
0.4464917248088347
-0.9078223819787776
-1.3536712711267858
-1.334850700139632
-1.582437525542589
1.5361595627464513
-0.14021096294791344
-2.1852833641536855
0.3146532588626099
-1.0110101568366676
0.30467711576110196
-0.24657025849818895
-1.1585881121829935
-0.2062176380997789
1.6675445697920528
-1.1072036168114556
-0.07226370786219324
1.6371370659506157
-0.18783308572647892
0.9340275199332057
-0.4308686344736669
2.025834658976318
-1.7480867529373862
1.3047934920728974
0.9864811475423664
1.084527573675418
1.150896580995276
0.7590221365206206
1.314092388131838
-1.1713301922662018
-0.7257438917230705
1.1543899346283029
0.1360792608079782
-2.002666942425089
1.099329001710144
3.5123244922327657
0.6038066520870264
0.18502082619930751
0.2105204949505223
0.4859999873433169
0.9872261200799869
-0.997049527636604
1.0611033969668102
0.2239111247317019
1.514717779660589
2.3012299483861884
1.155765909827969
0.8659464727619678
-0.01450147569701035
-2.9643622851511124
-0.21766994342732435
-0.05606969061120205
-1.9639981736438987
0.19276451794508023
-2.631143842075001
-0.4029211115559234
-1.1433418971850642
-0.6923459024072143
-1.632110207383455
0.5009397724660063
0.9472885658292705
-0.3125605344460542
-0.017692247052392553
0.4876680783517719
-1.27346563117404
-2.384378170231234
0.9797625546459314
1.0082026614044892
0.569664469417689
-1.9700009334362056
-0.5676624072652886
0.6946509221597018
-0.01815997643109199
-1.4448927475935995
-1.2260113749368469
-0.7751045023796237
2.8417927019791795
0.05375720440799302
1.1350015472049284
1.3592451120283728
-0.5164113225244263
-1.6816435667708687
-0.33003661696835646
0.6246450472260722
1.2634743099531682
0.858497443194202
0.14468711620953323
-1.6317680398954366
0.36667426915282597
-1.840486704094571
-1.0157054588661962
-0.23940344643722042
-0.0027775142901067065
-0.7504317853890048
-0.868439295472898
0.42423939317653303
-1.338131776284518
-1.986510265834074
0.19115315668641628
0.003293012167781802
-0.2036020408568572
-0.6916352430668237
-0.6579285743073086
1.6057890639967647
-0.3511604974147763
-1.020008835712033
-0.8396664784812661
1.8575349059775985
-0.9870485116979304
-1.210390004335744
-0.29042595886953043
0.7114202306331275
-0.06466736181086774
1.710569522312343
-1.0130039566126163
-0.9267570558200274
0.6544001325087138
0.9108356991845435
1.6938846750182401
-0.12213732935839101
0.9834938102597145
0.29305599699836965
0.6432386362193937
0.7108029133521737
0.7939727114127554
0.2381614507536736
0.33983300044491943
0.8174254529176338
0.08681036111488385
-0.5490200412402567
0.2768957066082062
-0.9385185643778923
-1.3895544411946399
0.7248835045212189
1.7446103588000332
0.5902344083682113
-0.7395784118493479
0.189161613313431
-1.1509939473131299
-1.0096248798710434
-3.545944565179536
0.18430524930042994
0.4271119155883372
0.2944019063028856
-0.546142001931957
-0.09483683395717876
1.4109494861046195
0.9169256503314381
-1.551507143765123
1.2610200207126498
0.32665751315477876
0.8581159022702931
-0.712230370504336
0.745955096647406
0.10317384847676676
0.48712384665076436
0.5654943938507271
0.34954783215989843
0.27943354987357355
-0.8728641551037891
-0.14328241858259402
0.4174593073651746
0.656224026511411
-0.42181664641093
-2.751790467463869
-0.9129477355488919
-0.014288432666359907
1.3629175971319307
2.4033540841375607
1.0161699879697978
0.72194672542585
-1.0223459258976748
0.2107865078750095
0.43932112855653976
-0.8772757544525375
-0.19332157856604518
1.0392533541445481
0.38479422281446657
-0.4135484553149132
0.9312034472623051
1.5341354703740075
1.073307379629563
1.020706837077935
0.9021021895206506
0.3816124845075388
-0.6402874757217939
-0.7172139842974903
0.33065439414546005
-0.2408804793893852
-0.8752428591479441
-0.03930523586201202
-0.8512590612082448
-1.7664439810191646
-1.1006545527164164
1.4038001474472934
0.3529824640515901
0.24994163608074743
1.523756902886383
0.8584950100354105
-0.6242620365075598
-0.7126846191388702
0.4317106295671018
0.9290307634635533
-1.9895393212873054
0.7549910822398264
-0.09124129040935816
1.419037221640921
-1.1573534703210757
-0.8593900317798107
-0.9552029916548674
-0.7748816018175906
-1.7513273122672224
1.4477683548260591
0.10074204854866417
-0.9242894674043349
-1.5331089490410454
-0.4246954448168297
0.494485424585239
-0.7524163388787314
0.4047911149054439
2.8658781884711018
0.8211468507650787
0.8686933297459302
0.09269815783773591
-0.5801109586938936
0.24023045113525904
-0.536597906057971
0.47457835652464175
-2.1756163006085782
-1.2963662239144327
-0.7838948216375997
-0.5119418025789992
-0.3999205367610621
0.7070536549952313
0.25465563153204585
-0.3256873499586183
-0.5841830186876779
-0.21690324301369251
-0.821486693878395
-0.7530164136678816
-1.6355336042810558
0.32743901033027606
1.9280891365324504
-0.02658738798080732
0.245885436897234
-0.37635971755668324
0.18579438026907907
1.7685105882695618
0.6628954731965768
-1.3332265560709105
-0.3006293071367508
1.2825857541006846
0.5645497382851159
0.5853012788819032
-0.07865656069007348
1.6669852002160603
1.2923215856095103
1.3558410758371748
-0.13418714386465624
1.8074282704527882
1.2770050074041677
-1.108942549121604
0.1656409033873299
0.2361220611091269
-0.10056272138173128
1.5721404275700261
0.005719827199837082
0.6104378821739914
1.7881046889568122
0.9657869995810907
0.7207447072299736
-1.3186624650810415
1.5927422999321195
0.5342363561791
0.6860619471300458
0.2054613397814967
1.1489335952914748
1.0721233012555267
-0.6240063289151451
-1.3659766403982467
0.46832542632131086
0.9500497417190389
0.33856667736541146
0.2606381135704417
8.668807581296027E-4
0.4239049737158923
-0.6928488653821329
-0.20810537834024223
0.47124323987266054
-0.5649301760996845
0.08276593975592421
1.0870370265466673
1.908011206645764
0.5750742557552563
0.01931861095069947
-0.4111983924998866
1.3216254928829727
0.37698974654775425
0.0713757174010502
-0.3661761229847421
0.7267722382176303
0.7945358335978229
0.30026395810259293
0.78925763828843
-1.086137413134397
-0.5857181108193341
0.36075194063836585
0.041336817103703925
-0.9641513596156094
-0.34839381183497947
-0.6762519350013335
-0.4483151179645308
0.626543728392352
0.5423036667334326
-0.10415840511903107
0.14511125714656778
-1.2914668805462484
-0.5280476680935756
0.748538683780751
-0.7575708377701805
0.44166120850141305
1.1214259513178952
-0.06033434799696643
1.5340499625648263
0.9954579971501285
0.4063839535138218
1.3540424440290104
-0.604420456271571
-0.7512082090395166
1.3414555372399029
0.5975992926053703
0.09561830733129029
-0.29810469631127506
0.3608040700499428
-1.1115110153007255
-0.14752297192576758
0.40188311143328914
-0.2162989155069955
0.24314520272036957
-0.24147608210717061
0.32480154224823415
1.424869369817588
-1.1182643170303221
0.8721631134279114
1.399788105533485
-0.49062143900523586
0.007387938157675575
-1.1292128191435606
0.7895071156695698
0.43272077496168343
-0.5854330351474621
-0.5080280370752981
0.16029096373194326
2.6469228332122166
-1.508708558851614
0.5188695865835454
-0.37659010004769783
0.39698666547628175
0.14972177147995586
0.3395669726357943
0.7804080683277352
1.0256522869319347
-0.2513178927428234
-2.9032925505855944
-3.1369953247842775
0.4140218023414568
0.06899465829839954
-0.691683197931346
-1.1734415905072104
-1.2240459948145097
-0.750723821673129
0.5228532603556583
0.6596587561583646
0.6127063452835239
-0.11543109700453714
-0.28904311072010336
0.8385330928238388
-1.204143401180286
-2.267830880298619
-0.42544245173840667
-1.185408356091815
0.08882043184951106
-0.033256790847147485
1.3610740761138564
1.353947510308365
1.2119836364494894
-0.026883652218332374
0.4334298103786158
-0.048733034199214924
-0.6331742629367114
2.0187234126391824
-0.1967898310970499
-2.44525055258769
-0.5544211951147437
0.6467976900283549
1.0948106727297786
-1.721296900316616
-0.8789993541742196
-0.9553209445646416
0.2995111431903182
0.5033402364380918
1.4516285485172407
0.5530250728300162
-0.9459091675921133
-0.9874380771977657
-0.7835256336452289
-0.6361474698068673
-1.612106162511352
0.29214292700695466
0.11518561521271123
0.036250822224089
0.6212800644675042
0.5117554282181989
-1.0878928033212294
-0.13550113054914267
-0.20830236087349277
-0.48710665603979647
-0.14866265264563103
-0.3874500795750883
-1.973592601800124
0.5538727232466413
2.0723083856460778
0.5697221768396419
-0.9400784279659921
1.9585318638377684
1.0784947957582651
0.007629064207075233
-1.0424751971662538
0.1358897035887013
-1.9936837751983176
-0.8007361777067602
0.3153485814847348
-0.11082267506540808
-0.5836264469918196
-0.3364859179937713
0.42681559862223234
0.5271383272612551
1.1930737372732025
1.1897048935915475
0.36929098465667376
0.07223623443394941
0.25391905471711557
0.8079419495939162
1.9625460399377452
0.5993783207303086
1.1546391928684552
-1.6505926154788215
-1.3326548236063969
-0.25654315334850647
0.06686911036680751
1.2171595672658728
0.17864381807474378
0.8848930786059825
0.24392390703489578
0.30549389142079103
1.3687912163955775
-0.8186871646345404
1.2788239904355378
1.033804030903426
0.33610909640054193
-1.1256651493977488
-0.5558952945252168
0.6162252670306142
0.041088586281927984
1.41030063691939
1.1260389335257337
-2.000553784562993
0.30235880304553847
-0.4662233283698469
-1.1458524518705788
0.06502602550661443
-2.5546629061889563
0.918832783619371
0.30788373587055456
0.8097574784055931
-2.640737744468952
-0.48486255214648727
1.2734630233403383
0.5667440567689952
0.41230112752235537
1.959375248254317
-0.44170201263324294
-1.562917789152503
-0.8092267394918751
-0.42181714852679264
-0.6241019207979248
-0.6917897844493398
0.377121218435613
0.07052230692785305
0.42753119561223624
-0.789145341484519
-0.9503556417175313
0.9839414789318276
0.19697407760940758
0.5488921584934002
1.776198743705339
0.11703292021071225
1.0796839854168148
-1.4111061115137047
-0.17263271326623636
0.9801819263661157
1.2246059796562385
-1.8565091682871897
-1.77434655899258
1.2823923214393373
-0.7396912871731643
0.10166224880529673
0.9676259679331767
0.610764231434494
0.48312133911613325
-0.8131949974567091
1.2381581085521598
2.688600032189348
0.7473659917321461
1.6948348939244984
-2.1287523771515655
0.9707282874105423
0.83741470825166
-1.147726826323057
0.3358993148189717
-0.023664054762981817
1.7230442396945735
1.71698894667398
-0.15415050980946204
1.631177831424426
-0.9951895221662787
0.7043145800026643
1.6030113808483581
0.4508453216360597
-0.07128951347301375
-0.34307023734127196
-1.2390661087217496
1.2624506036244123
-2.337982085881909
0.8482867780122015
-0.6417110824061828
0.2956310706253597
0.8189670203184235
-0.31182848950081504
0.5883061669129631
-0.1868385773098946
-0.6330070385460163
-0.0707897327856992
1.323350257693766
-0.021991778787788012
0.8069535192596111
-1.2763460438396552
0.5206671106716775
-2.0146873827317653
0.5471661984898768
0.5957747785230574
0.26529203945827934
0.3358341650395284
-0.7423154623333524
-1.1081166217342764
-2.1021541839670213
-0.8349122941757932
-0.23391616735954335
0.7599109874268681
-0.06487989314587374
-0.5486463594804748
0.32321448853138707
1.7979408557905923
0.6105327888107295
2.3018560675759714
0.12828742226341872
0.35062209195912236
0.1612709705635666
-1.263391167173188
-0.18420067842155396
0.5560100719295427
-1.5822266314966449
-0.7462276443135005
-0.43011185198838686
0.19361785186369543
-1.7650675332074675
-1.7812563617648998
-2.5659648316420176
-0.77999317369725
1.9888807710001146
-0.6310256614944333
0.2955101106303975
1.047019595445548
0.8939503741944833
0.6930124370181621
-0.6553159773011308
-1.6419322906279352
0.644906911708264
-0.06914103903286742
2.035254295568777
-1.7481626449273264
-0.8156590556076907
-0.5912257614613289
-0.6979373096963555
1.6477715374581108
-1.2009051884484643
0.7065470903869698
-0.6470638381901616
1.6962765959476476
-0.8650133116427908
0.2678489180955207
-0.9278519437273786
-1.483639863036549
1.087052360704993
-0.9288460312401934
-0.5365918479592205
0.2945738678381495
0.40548102615631837
1.098946295219689
-0.6402752894316075
-1.38628730155943
0.8477655236951497
1.2358703998757707
-2.209562660913196
1.134011481932262
0.17232567104503296
0.25679700855884435
0.36465883820228445
-1.2162794370347632
0.5240634605861586
0.48226181553798586
0.31965773778178164
-1.1750954257066355
0.6065212437703893
-1.2828917102790032
1.6693974332643593
-0.4581718470238642
0.9317779109761698
0.5474266486919473
-1.988098957786621
-0.0734988386601014
-0.1153724937791357
-1.2703228252449927
1.676939959330651
0.7430806597547989
1.7877472038276012
-0.6131143476267576
1.3566602441453623
1.4749206396914705
-0.13797024559421592
-1.0011906599393035
-0.35245601566176116
0.01874924510483666
-0.14319410531171217
-0.658490182670971
0.9018193308348477
0.22226968907467146
-0.3833167190980859
2.2245471104872125
1.6898143353051447
-0.938902181160913
1.724995100931621
1.1396836538324973
-0.026263559535973063
-0.5848570336919493
0.8958959857237491
-1.1652573560747623
-0.30069338600327683
0.007398742318575772
0.4148964903704631
-1.3271705058942997
0.6796562117742561
0.13297264478526732
-0.02164981500554514
0.796587055349469
-0.018534911587539424
0.882021445103299
0.5367044417482554
-0.9661986684605488
-0.2841138880415872
0.7221976508071452
0.5197904933926752
0.8104428463896148
-2.0534947704196354
-1.399631620405665
-0.8844221898115454
-0.045131105917980516
0.3244606042220846
-1.227275411882916
-1.7075920055143516
-1.3674414644738624
-1.3236039422737205
-1.1508338020219324
-1.125290550011151
-1.010648938447677
-1.102573044207235
-0.3825849753233141
-2.2413160642282683
-0.3202991340353048
0.566428776957168
1.1400244811061515
-1.6297245078569862
-1.7403123692214815
0.05818993273242263
-0.6121305521666729
-0.021026090969212527
0.9305253149745812
-0.40802393071667376
-2.1339673515013935
-0.040979444331270404
-0.5454529116526304
-0.20729121445980092
0.11385088995289178
0.26663513429685676
-0.4499081753290696
0.7782806717192183
0.005354997824096146
-0.3440823573909632
0.8490123263645863
0.3348639208766729
1.15069382512752
0.4287194176997397
0.324657661020546
0.1428188362786036
-0.09934479478409593
0.05445474375884326
-0.1442995888549654
0.7681425476377834
0.603175528502661
-0.20563899317435946
0.8337207756049194
0.3113306704078677
-0.38197251275375904
-0.5401689325181416
1.1970520140755725
-2.6720029418569573
-1.1705928665710834
-0.31889493308411043
-0.9381406467319383
0.23386137659065304
3.2687610068551884
0.7553535790135835
-0.04181074419403647
0.668664895801999
-1.89060942246254
-1.3192273545874174
0.44034331045267244
0.0025707823828889707
1.9779063771346534
-0.11432658634328503
-0.4620548541890661
-2.0162022915511395
-1.2251899236588684
-0.03993589826696075
-0.9473795822963236
-0.6598626692356705
0.6253925671329328
0.20589789514120788
0.7024701842046968
-1.4669453958853516
0.4782509025487489
0.7589423779344294
-0.331338685892221
-1.112451520004266
-0.9378165320526027
-0.082247004598023
-0.7322791741028744
0.688749206197407
-0.96055998263211
-1.1658941334786617
-2.0796164005094457
-1.6895142199802733
-0.4012216785206549
-0.8441515274429008
-0.3275373235272038
-0.3366569120836668
1.214867271345016
-1.559848306769266
-0.899867728199941
1.0362670289895184
0.5165777850044503
0.013258485590353232
-0.3162638052354842
-1.118154172839023
-0.9679499927712482
0.6003530070919363
-0.8548237371050151
-0.21095410289250494
-0.06480105094479045
-0.5706740036366256
0.9328640090648724
0.0327778470751158
-1.2810826817074543
1.2720262726271647
-1.4345940414383536
-1.2707792022355995
-0.5665743765778213
-0.31186014422990366
0.23708622737372845
1.845001531394873
0.7574842163662843
1.0764410564904598
1.285883168268969
1.8304717902691139
-0.08772459998703973
-0.2917374537377228
0.29401625135716486
2.3467461882695226
1.7221943381829634
0.9735574832814897
0.9376614909162089
-1.3233920421997607
1.2501237159138163
0.5514890070052769
0.017614571883952535
-0.6447602744692188
-1.0513423324474331
-0.8595231055159558
-0.06634218470806795
1.007136573627284
-0.5459465969268791
1.8937043050847226
1.8293557352121201
1.541484847722698
-0.27300654462429214
-0.46548717116249755
1.0958775166656292
0.6383981088944379
-0.6919502841419132
-0.3559478481518964
-0.026741498737595844
0.7428732104474605
1.4658722904623764
1.2696350383192412
-0.7963336782613548
-1.5979318893631271
0.05023902407297499
2.274879803362853
0.36289700157518073
-0.09699741393504473
-0.9741440252214131
3.046232745409083
0.4119997947013576
2.567203165410264
1.1616907270283718
1.8487567204006672
-0.2877666485816928
0.8941387503522353
-2.0076613970997585
1.020985718659721
0.03796851286850683
-0.09899218074801502
0.1452315536019828
1.360099454041732
0.27397677822040095
-1.5366257495913982
0.40372772361524406
-1.486510196836412
0.9765253082138147
-1.0583952827039598
0.09920737271310003
1.056527341753681
-0.1778849570918229
-1.02762329955365
0.0959875199150937
-0.047744343940257616
-0.7267555235570662
1.4363431363983468
-0.35445846880384985
0.19349085635384922
-1.477091260531681
-0.7699990673096591
-1.470742525759016
0.3691739015225909
-0.7974382030847501
1.333167497266566
0.4919597247438238
-0.2337182451231608
-0.40401506566940154
-0.47472266660064794
0.6923284683585785
-0.7623351157725047
-0.12456660004915836
0.9858472305229202
-0.2624295251063041
-3.4796390553048036
-0.6725807336186412
-0.46599982691032754
-0.7094904139560054
-1.2378552373957528
0.7812293081405909
0.12069149677121392
0.4153318756307482
0.6414010043464995
-0.8615686302830616
0.021468745258459456
-1.4461070844495048
-0.08957495350829617
-0.4041073741241866
-1.0196632373668324
-0.11160084636980677
-1.0094908894312113
1.0222168418511737
-0.153627525192697
-1.5227028487518828
0.20982417771838496
0.06987510861121736
-1.3957056869144955
0.45892450096292764
0.15082406786890562
-1.7790780836154108
1.0633526020814559
0.5131351230986635
1.0833029105705756
-0.3935064201358797
-2.0239289103067537
0.3405838577074994
-0.4762332769460434
0.6441243271184128
-0.68481921986489
-2.329348288764866
1.0028805206228302
1.0917085464416552
1.1328422029391447
0.7161440070237036
0.799975110377981
0.4856743607831124
-0.2871352821591983
0.7138559744507978
-3.6348860201402755
-0.725406467277656
-1.4813756347297276
0.926634219159629
1.201085711255283
-0.7068061400317373
0.29094017900331687
0.7529974818507833
-0.3722309264418206
1.4004198998476287
0.6695584792428456
-0.975374738208112
-1.6698012482956361
0.12065507778965105
-0.20216547976481122
-0.47156217254208876
0.9430801648541667
0.2208986830448251
0.6335593351041924
0.3659312842492876
-2.18404896450271
-0.42158495497227966
0.5508535065177534
-1.793864177555524
-1.5572464950286862
-1.0069555205672052
-0.5664477076168654
-0.8589016464305181
-0.12169681003571906
0.13726690919258352
0.17865273679008029
1.482624207590306
1.1264370971131332
0.11643140589196636
-0.5117354708265415
0.16913640984884598
-1.0264240324116978
-2.10111301412791
-0.1486321884191289
0.8974582872732221
0.5300663622651566
-1.6401335742310001
-0.13704614423204847
0.23468379173861398
-1.2217504765232392
-1.7652564155705128
0.2668438386414552
0.6383109036649157
-1.2734765133959738
0.6194945051509996
-0.5640473312569245
-1.4501953303163517
-2.1613334480655912
-2.8380886772694205
0.5612417456868085
-1.4586621512943205
1.0178457882496037
-0.43820172746959396
1.0060071485829734
-0.18929845600780412
-0.889183691555387
0.4438431434867696
-1.6706846609292634
-0.9009610727619284
-1.981072251320601
0.7821983406108322
0.36383623647743574
0.42885593134757793
0.6462558448885515
-1.167297539824133
0.7581520234502924
1.5851456906794947
-1.7140305931642486
0.03809265625306272
0.10935396707201032
1.3099545757933442
2.168813190116784
0.3296272948773386
-0.3914375530261436
0.21743600064581767
-0.2708299101107541
1.5609278194804046
0.13423516247566114
-0.2657518886176706
0.15671966861608916
-1.2095135070033871
0.13888485329416117
0.8010125661095208
-0.7056569788432911
-0.26934049327809606
1.969271321329871
-0.15104836458410179
-0.5740698803956342
-0.8508765491120563
0.7637641242196653
-0.3487132659424082
0.9489903129957405
1.4841901440469458
-1.078425672722524
0.6888390478801972
-1.494325336727953
-1.034601062316023
0.9128866919695584
1.153640750154389
1.147467602905335
1.6922266822784342
-0.8655049935089463
-1.4028916293233664
-2.1928414817592192
-0.7019817763230175
0.41494766075088824
-0.05129217795956571
-1.2018601117588394
-0.17231632540320832
-0.8296040632104255
-0.01685676690014944
1.5010293080278578
-1.9659570461186924
-0.5295915604954006
-0.06249997835488524
-0.04629276471797857
0.5505393326944077
1.678199211297694
1.2275071020648518
2.1267997765553024
-0.8941416376341056
0.7381071372628869
-0.52397157587967
0.9253470209294671
-0.37134171171401303
-0.6596543770726159
-0.6747678068996047
-0.2841891994512165
-0.4488785620936235
-0.685013323479462
-0.08850340102378824
-1.2339999768989347
-0.6594260667144993
2.360894757124267
0.23498478532216496
-0.6569367674297699
0.8064671499048369
-1.214987501559155
-1.1041492761961762
1.3989225604629913
0.07977457588720283
-0.1146391311105909
0.5339991582783162
-0.7949218920811102
1.2849874289650198
0.31780917782613116
1.415164894632474
-1.08487838682244
-0.9849740003514251
1.1613393578540168
1.9582756406550672
0.46631816335881626
0.5336331033539027
0.415563373464177
0.16647444771676745
0.23701907022727176
2.1018738360066895
-0.4506395894407598
1.2643778321050898
2.005049539673595
-0.2520481537590653
-1.3469793867312447
1.7276618814805969
-0.5378183631897082
-1.6153364054125945
-0.7001026002800558
0.5106996103812133
2.3392394847430826
0.08114610905129921
0.2944000857372891
1.9678352515758717
1.3240632074026988
-0.20805322027374445
-2.154328554621591
0.7141718775829465
2.6092279761066095
-0.08873601297112849
0.648109516458912
-0.4903368344640174
0.9681723209225331
1.0605240751771086
-0.2969082693251884
0.6749201207353211
1.4041679205926427
-3.7077165160258527
-0.35685199021873976
-1.7167335427293673
-3.094430028852072
1.2375573633990413
0.8450820738120418
-0.4654399485561978
0.4409017427669244
-2.108705599696479
-2.006430804453084
-0.2798274268571446
-0.5393321308860297
-0.743873030393801
0.8742573370272358
3.581673258335277
1.4607951291971402
-1.6721244782008258
0.2836261997172194
-0.9322095068719686
-1.4154943020652557
-0.3685411231327123
-0.01765504130638805
2.150308753130277
0.9889068675396766
-0.4063468777717177
2.610541686748779
-1.143119508893735
-0.8270053680020394
-0.3131557678606094
-1.2759935308951553
0.14905403196170047
-1.3228510128061868
1.1812051013041573
-0.6253675623883573
-0.24584048570336187
0.4473873482005714
0.7329297074349868
1.7996302511641926
2.2234613902733296
-0.6955750980636107
-2.6131033329937527
2.5605506950140486
-0.7334677068265517
2.6078879863402507
1.9352512277672527
-1.2423886921660279
-0.2120870133957236
0.5308073771743514
0.7953896717795529
-0.2821338660009694
0.6314493908894601
1.761121974434742
-0.6095226044297956
-1.1504008737121707
0.20204938429159477
0.30928699474016647
1.7021315658535205
0.2929934273397195
2.3283894589813094
1.1869595326871365
1.9452576385703177
0.45172418732592806
1.5379158525336822
0.24377628370216042
-0.7391729136484699
1.035861754618618
-0.5440879115159992
2.479812169899291
-0.20074458346829455
0.00349536149223376
2.7217826014315096
-0.42156369736042587
0.9539333508336898
1.7866958558759387
0.4088728400919865
0.15211347092095956
0.7322103650080759
-2.285436471667878
0.15477209963020383
0.24074782175302542
-0.9615716541050751
-0.34788824667963525
-0.1939782697011813
-0.9948703390073205
-1.602604665272067
-2.035026225621699
-0.03788885407900043
1.0486291277256337
-0.5263382537862507
2.6213709205489253
-1.5948152963497297
1.357827491674541
-1.103124810109573
0.8634843885177589
-1.442708598090587
0.0502999462204368
0.34546247050041984
-0.9608833212983204
-1.138640852145072
-3.9780600515986047
0.5692144292088952
0.9636102393039372
0.6864749277959791
0.3571215879076625
-0.6603865393080428
-1.772912925929776
-1.2675799251508186
-2.055707691910937
-1.4008020972048736
-1.8948642576043568
-0.4577494805826302
-0.10575797094294152
2.5874570665920418
0.9419126686961122
-0.49025183553025925
0.017742462309702316
-0.850880691439382
0.4138286473898444
-1.013530988507149
-1.0515316043317506
0.16831441751968704
0.3728159572045769
-1.7629814219823912
-0.7825977115257613
-0.9310582801102276
0.2238252013924372
2.062379328173702
-1.3826543567203482
-0.7795369743978833
0.28349217871997956
-0.18400544902329866
-1.5324514716024342
0.8344323179555652
-0.6473259007907498
0.8635599847632054
-0.8670020862794255
-0.8806258611245502
1.15275975040753
-0.1926342285260666
-1.8547980398232529
-0.1570721245289785
1.609364135129196
0.886326993365482
1.4185006842484476
-2.0984178995228677
1.6631682304600743
-0.04107696678005587
0.09653596607015662
-3.5965279831566757
-0.262913536195749
0.32125138749909715
-0.4315967304804597
0.010872786068127294
0.6924895774525442
0.6012790044777424
0.49572582707966295
-0.2043401150832539
-1.812784244334688
-0.5942648709699783
0.6745353075681788
-2.380868962462978
-1.8373218872138908
1.4569432972615046
-1.3075702847334116
-0.6304252054766107
-0.21974738558766482
0.8678903844232323
0.7228916449520469
0.1493330662793652
-1.2226793500856568
-0.24903274449060386
0.4815702458663884
-0.9817600219278435
0.026785959618380158
0.5922386498426034
1.8360476084483994
-0.9938543075087534
-0.6792778072386757
0.4819274229243518
-1.0693866177346232
1.0104281275948295
0.9937689919726083
-0.7194194488389417
1.825429793275289
-0.09863023484990706
2.442616611526193
-0.7669748095927369
-1.0463693144103339
-0.23436673683711134
0.420694713313706
2.3387646736046803
0.5605914556359655
2.1685586274934994
0.11714750812722848
-1.2579890157153895
-0.6426107518336388
1.3585585026922604
0.7748094093638265
-0.18227991872963667
0.9777743685330929
-0.5234871904514384
-0.2310054512734076
-0.8759640722766293
0.9403023822826161
-0.07783494997556513
-0.19162156213977993
-1.0920558709016566
0.2735976153944586
0.38611262152547227
0.8022311562387276
-0.6861963240926399
1.0115762697488064
0.6543869866034222
1.237740387045114
0.45053224876149134
-0.30714591213622955
0.6360426657772078
0.1350072946018054
-1.2911638151609564
1.724554386065714
0.6432081793560243
0.1890760437580821
-0.9776525952981427
-0.7329063498059913
1.1599400386826577
0.7260199620530163
-0.9128034503731838
-1.0205382816496573
1.6527639342508744
-0.993825753653349
-0.7436994805093065
0.07970400639424591
0.1417643519410282
-0.87231442633752
-1.0341584851534458
-0.13235270735197227
-1.978332111900661
1.9795889766533952
0.7115931592396258
0.7692256878192617
0.627984252635361
0.8643750593459064
-1.0998052292046612
0.8099278266261496
0.6727543553830067
1.9163479084927306
-0.4129935809732318
-0.9458972327743574
-1.7060008908725182
-2.594053097268754
-2.262684278041318
1.5112605484691413
-1.130627829797451
-2.0313344152505124
-1.21218811883212
0.7369425313843267
-0.015843786225706976
-0.7435477402189092
-0.5620516048764157
-0.4384869615901611
-0.7502882337932758
-0.8237409781047538
-1.2724309032011376
-0.07404181002449953
-0.39829692035158526
2.184359804432464
0.3708698945798386
-1.1032072189740838
-2.4349392605739744
-0.8407414086296596
0.17288936889685128
0.36846023548834117
-0.39699865066008355
0.8705424060931359
0.2436252153507507
0.8764896552015323
-1.3996354385595686
-0.12466999962906991
-0.6590017318662521
0.19813607669698094
2.968652117497513
1.1497281882003585
0.0873800098085211
0.714236192894503
-0.5785167676431532
0.2564602234158473
1.2119638314140027
1.285576135691495
0.6162634052867806
-0.3357595629289809
1.1122548504544134
-0.18162273948780744
-1.9088317239212613
-0.5847734820911149
-1.6228643883970135
-1.0033182849973241
-0.31354832350459544
-0.16046505591824967
1.2302649600527575
0.8026354421364899
0.6451829800831247
0.23158478982871422
-0.7530974974968923
2.314765215651691
0.7207072633779166
0.7316810642243042
1.3117418555542475
-0.04614007416772882
-1.8542204262745883
-0.998875789248374
-2.341730097570371
0.4444156501998746
-2.545216256092833
-0.727665275006529
-1.4496597618287514
-2.0871687818481774
-1.038685487179078
0.012342186277353296
0.9246485647749563
0.47764393951580064
0.547276463783232
0.5403348109117984
-0.7090901661266424
-2.3827206490949755
1.5585472351498717
-1.1277661926655873
1.675047386147135
-0.3655427415922412
0.09234741278100025
-0.4445754071370218
0.8242217564896092
0.5253420111600138
0.37706675767440756
0.9143936095791869
-0.8550417939988504
1.7541518217354477
1.4708861465071412
1.9342319103314995
1.1048833726295197
-0.39623388528805853
-0.5538064146610571
0.6280175675355028
1.637793722160577
1.4976165589294892
0.838102692571268
-1.2910845962017554
-0.021641641398515123
0.5496132429238294
0.14457476621984472
0.42869873581792517
1.5086035107062332
-1.0706420653037776
-1.6648459057445684
1.0860476332725322
-0.9560908854673617
0.31219954332384386
-1.1043122245832149
-0.5927617807546023
0.7864282815050204
1.4662545458543854
-0.23987884022565503
0.31491419728365455
0.1763636611508541
-0.8373544291530279
3.641426930990838
0.44438351960887224
-0.6155752851171956
0.6832655486118752
-0.28624422470220323
-0.6541578440632004
0.411251743655941
-0.9601201951370557
-0.775200918376559
0.9817359558432246
0.8449768053231859
0.6212128183558221
-1.1604991192998788
0.35992053116885936
-0.29232592856893325
-1.2686661768519099
-0.3540456057762721
1.371117285455939
0.023441149424935248
1.5999585695792888
-0.5598924037070598
0.5149467795008449
0.7231869895071645
-0.6147099105959422
0.6801391155551288
-1.4734163553210757
0.19444981163349506
-0.6477447482343113
-0.6405858145529528
1.5489034531991017
0.024619237108844144
0.0916280411798533
-0.6380192341774251
1.3433561965166263
-0.24302182337486833
-0.2250031348997578
-1.4574764980233377
2.020506154250058
-0.07458547368210898
0.09031867345002229
0.1203065241001481
0.3941026449520335
1.1017382157861138
-1.0732586570627187
-0.7972169940177838
1.0148503046953017
0.2138536503816844
-0.04305802003145407
-1.657118099360816
-1.0954866225260211
-2.0703994310023646
-0.4585782578009347
-3.311722634172323
-1.257663800162815
-2.2218920647631903
-0.711752532994471
1.929112306548252
0.7447646037172033
1.9045966827667402
0.30487516919436686
1.0172107006564752
-0.09837357697667766
0.9758071717029474
1.0782232617775065
0.7374182203016391
0.3209899010922715
-1.4670872145932425
-0.5684083864226329
0.023129918622466796
-0.46643388542864334
1.4324360331745518
-0.15014292950543265
1.9535324998259282
1.0596718194530654
0.41442393082934903
0.437283708489957
0.1481330329360523
-0.02427892329545555
-0.22696194633810204
-0.7617468018867899
1.0508697074459097
1.7582312797434956
-0.324449683702273
3.011208234613685
-0.3459550319713374
-1.6599955591882618
-1.3800897232471077
-0.21206354533876715
-0.17833012538439008
-0.9706784152255445
1.1507146807445812
0.4103777137452135
-0.7662041737831671
-0.9323071327161206
1.1787907138751674
2.0059263114655392
0.999739206137115
-0.22903992221508365
0.49159267282507857
0.3681224938620287
2.553415375504313
1.093669286354109
-1.4287201345112646
-0.0633961179677233
1.2504119453180162
0.29587635704401827
0.43864023328021307
-0.7230972234632627
-0.2660697964254091
0.8150098930313739
-0.28096429562404307
2.1778561192983004
-0.4591410740037097
-0.0835761898022222
3.7043817309432083
0.7338877941946058
-0.9414382310734247
-0.6089622206156108
-0.9455658840776631
0.2351747985748951
0.622957172353932
0.1625257518341598
0.18757835502729414
0.5127983715825702
0.7423555584135357
-0.16368625066093992
0.20184560539949703
-1.9161234630391863
0.9014048629339998
0.47959402311961546
0.6393472605841756
0.6347668710871224
0.1937050859129451
0.3818178523592046
-0.8318350948539621
0.6100969584029758
-0.5539244615669467
-1.613220380116388
-0.8161748848407794
-2.357199195555539
-0.623312954037195
-1.993610246110211
-2.061471252553538
-0.6909961734292944
-0.2699848081839439
-2.8964837094996647
-2.064215286280274
-0.38446360252286743
-1.0987473273933708
-0.4642099095408567
1.7335601374998248
-0.07001973681249522
-0.2956163334279538
-0.742961559785002
-0.7566931688659054
-2.3344327500906634
-0.030667954956662857
-0.4613560888810307
0.3862088503435111
-0.5784227376313696
-2.735453595786076
-0.13162064784371574
-1.7186632463437699
0.6094101775958356
-0.11963472650828134
1.3056718448583997
-0.7759945897345635
-1.2231572648560736
-1.3776859087084117
-2.5474556022019677
0.2637081495814695
0.9048470599099964
-1.1201967482042565
-1.6282652877479316
-0.6233650352539397
0.6771739115224789
-0.6391207253241615
1.889230839127684
0.22510952854322797
-0.16896683694794912
1.7016929431447985
0.8313487259065908
-1.022996383910625
-0.5413067208372281
-0.48429636025287365
0.6366370106897992
0.7935561275076791
-1.7974228842650042
0.06044793619932324
1.5962030024172262
-2.1525197390729947
1.6490629797079177
0.14745271525573905
0.027043314969577535
1.332147220839054
-0.9472852850920279
-1.6669921883389678
-1.0570916293307804
-0.04765672637195354
-1.562582329873441
0.4093105075789977
-0.4478643201379222
1.1214804753867516
0.9115726909531331
-0.8959524524716829
1.3378932591885402
-0.5333588069986392
-1.044150334656852
-1.4665997930872556
0.6992614080495536
0.6381853264000021
-1.0486230140717236
0.49394220354200574
1.1708659832958943
0.35805697284575105
-0.03105063716908809
0.8926048884259684
-1.936005780301709
1.1398944144213459
0.2904049176259325
0.0845503794602964
0.1701210212032072
-0.579946369492751
1.2114232423848847
-0.5608441974239143
-0.27894938368317473
-0.2859412531712647
-0.19397455120110596
1.881871878653045
-0.20455468802443405
0.8338714359786247
-1.5199530519053372
-0.6376798023255701
0.6244436136995093
-0.3099994348570234
1.1794121974454803
2.1814968506050207
1.1649704151162517
1.2853636367765258
1.3096036122386636
0.6362869491508921
0.3641072009371115
-1.6910302400216775
1.3081124023206157
-0.020691258858045476
-0.8586249542523384
-2.9925513931182093
-0.624339004998507
1.2681491024657823
-0.9506456081108843
-0.8774054986172495
-1.2309046553630674
-0.8528191483848261
0.43042262158874806
1.7459644861094235
-0.37387110747136193
0.9065907251867608
-0.6471844680321203
-0.7800291670611362
-1.179944251885873
0.532540871578422
-0.27831403413156336
1.2480115751446539
0.47582164557296314
1.9489949921608682
-1.4190298035090174
0.4272902302243881
-2.432757192080746
-3.209133873231808
0.03887812096293477
-1.998213595682646
0.04658720942270218
-1.0039116951890161
-0.10017545801442287
0.08523193783821326
-0.24208502169317667
1.0924969070008501
1.3855212950582187
3.0132703426915515
0.2057779372105944
-0.20718424353334752
0.8052060432143501
-1.3876322465031206
0.6846148480129244
0.36812740890714674
1.4882213141881555
-1.3940160981635976
0.2736109784694631
-0.5334488022952029
-0.06889866661636775
-0.3327756020582736
0.7177937845681647
-0.690524085295431
1.4773091454903582
0.4777253920609976
0.5686366716381311
0.2748069032337501
0.30149489498234
2.2315248333628803
0.37104556018928575
-0.03325318043107296
-1.3958922662953113
-0.26983884695831434
1.5641113634036046
2.430284632135219
-0.8231546981811994
-1.4014047405368357
-1.8089779243022175
1.3276289777549595
0.22833961495311567
-1.7437287762041882
-0.421039043165127
-0.6602422315651587
-1.003463188505528
0.6913040748543967
-1.262770645746645
1.8996116534996925
-0.2651861144998879
-0.10897286469177489
-0.02905678573489571
-0.044275136103460594
-0.4949759922978318
-0.1127107758249837
-0.12566683370665493
-1.2979628460992327
-1.4966298613268396
0.166592320148681
1.048163953737328
-0.3522744156769533
2.333433839063781
-1.2955441416786868
1.3302667450926997
-0.019681121323682427
1.9261618572092323
-0.3676485039544196
0.339765013528292
-0.6399038124192854
-0.2928747999307747
0.5561076214740363
-0.45161306309712773
-0.32085839990930926
0.7357756587284544
0.4541125782193495
2.543921613893275
2.326542323407179
-0.4917254935287349
-1.5756346779346442
0.5391859678035685
0.2847577387017187
-0.014927327163446483
-0.7796405618616347
-0.23236575338329804
-0.6628275803814527
0.27271022178243826
1.278455101700379
0.1387962599844162
-0.41137482247679685
1.4681690898484137
-0.8959158165519018
0.1319334228101262
-0.09638962993097758
-1.8286048600864635
-1.05799951387144
-0.4295759939603643
-0.7203334504201595
-1.610804688222125
0.7284896943309318
0.6548481439186499
-0.030005561255453686
0.22780281339082636
-0.9985793569833503
-0.4183937053769571
-1.6818764310238412
0.07624330735102655
-0.21947649181207757
-0.8081465004192777
-0.16060226695537866
-0.9809966679240348
0.4233490433571668
-1.5875011412880589
-0.30570562877890567
1.894289364789432
1.0364199504294145
-0.6513262502886771
0.7688061885778523
0.800533485925198
-0.34073487318436996
1.7976760245091867
0.7706466143929732
0.4983946214076593
-1.4445660571029328
-1.0806903648197805
-0.0036824484926843777
-0.3227992897183752
-0.7521114437590183
1.1094582341718906
0.6885080411362943
0.9298437870122135
0.9038653636583515
-2.076247106216641
0.9718337830909914
0.533095550962314
-1.5877784939824575
-1.1353790566422723
0.8655129844753712
1.3342303359854404
-1.0297993779437686
0.41154783742802353
0.6144753839640483
-2.576111178813059
-0.8402793236553528
-0.721893323560857
-0.123465656624489
1.427206769685967
1.0820644213237023
0.7378866555960374
1.4699841096544843
-2.412310400397653
-0.8364120652848336
-1.5264823660402742
-0.08530253375089075
1.0547898964397915
-1.5186258083192345
0.464105006424728
0.5762086099959071
-1.1486546254858896
1.0210150594563323
-0.5324511220590028
0.4380566653713808
0.6506651184867669
1.4960878746376483
1.8812069090955081
-0.6744699382749773
-1.5119110490943133
-2.0310188690639692
0.450437666685743
0.9642689455477208
-0.05803012589517611
-0.28121699238549563
0.440353444109619
-0.4412824014306826
-2.3336103397048915
-1.959659091664624
-0.7189906896143998
-1.2662667830013523
-0.7667485881629347
1.0842157547727902
0.352795529626566
1.7933804628106573
-0.7063803115136159
0.46677565365178963
1.2159605159132865
-0.02949381334990844
0.7357954977832334
1.3454515438340022
1.870374295653321
1.2072257144852605
-0.885393646529434
-0.7949226905444668
-1.0828047496993503
1.6070282762352297
0.802912304614593
0.049240801371784625
-0.17149538034787368
-0.6371545330689142
-1.4984625312425732
-1.4250328733664641
0.4800590115571937
-1.9488509054121153
0.6456953109271383
-0.16648146774091385
-0.0590758720001451
-2.6999121613101322
-0.8637154014851454
-1.1798349202007108
0.06155227472119431
-0.07884965345234486
-0.5282813194913556
0.643863852972859
-0.465561844628285
0.9454260354839882
-1.365102878916344
1.2067762867060288
0.7279390781981322
1.0979428837071141
-0.008082471562816922
2.6660480752581335
0.5022575954354321
-2.014100317395615
-0.6336743028510755
-1.4189929905774854
1.3734049573042868
-0.008780085127277768
-0.4677077848286378
0.0900551298579074
1.159805580183896
-0.7704040132586859
2.2683766793712397
1.3972265301841693
-1.6967814211771635
1.2035134791671898
0.6130549736210202
0.5173881977234301
0.3500541634090626
-1.8170831347117113
0.7522265887627971
2.119849871947309
-0.28963952601749854
-1.7159050682939234
-0.846729388247977
0.23137754331723828
0.2024066979045169
-1.9011770060374187
-1.7582254027685837
2.1390995942703364
1.4996100926828797
2.383073001737114
-0.27146787550023865
-1.7514365877375915
2.1027386550501252
0.27926320462059545
-0.04799284010467974
0.8345859942219643
-0.6779895360265146
0.9951078239568881
-0.6891003631345096
-0.5749687762379617
-0.6423299657676796
0.6075367887479627
0.23347871375785845
1.507263671134809
0.21459043005917897
0.6566151753701736
-0.668307579003785
-0.9215067563987402
2.4481545916804106
-0.9683173760483583
0.7143119492065874
-0.7898687726197756
0.1264380620258768
0.2368820373567378
1.9653111245074795
-0.4089029273824178
-0.33719098658773033
-0.09705448383465626
-1.676450480711708
-0.502508642053891
-1.641001515688796
-0.8505899691990697
-0.1570383736265135
-0.41924773177122837
-0.23785513423092539
0.20991330924265525
-0.33543783767254315
0.7456871965682207
-2.8095155301732713
1.0604032478961072
1.938222675146364
-0.7415095937516966
-0.20178510846241232
-0.19075119712195415
0.5208904725368908
-1.6472681385664405
-2.3750814079509817
-0.3804085455136211
-0.6268340839326797
-0.646887445864493
0.46522985955726315
-0.19155650791632964
-0.9057480849151125
-1.7893908950769417
-1.6255009065488828
-0.8272630552553674
2.8736995956392613
-2.9995986159875914
-0.712856473411975
1.0620552817242728
-0.4742577304110042
-0.9177494056318843
1.063465084148113
-0.14863119856289037
-0.648093794152956
0.7452711147734372
-0.7311999405093469
-2.1311233053343868
-0.33620631605523205
0.05436884345279615
0.8259493608641885
-0.010999881726530271
-0.3006808367870591
-1.9757883967524286
-2.570723483409857
0.593726788150206
0.6950286594546508
-0.09607196394187598
-0.9458217337863809
1.5139812232665295
0.32115987102260607
-0.11068687596920435
0.5980403375519484
1.155819472945513
-0.3787662952648468
0.7547897085875731
0.8024950306596326
0.24444576760654355
1.023193532851346
-0.4495830375641865
0.3350381847737729
0.6904692863919009
-0.84451969042043
-0.2430588356047564
1.9901073925786508
1.5113446479409933
-0.7651850450690463
-1.1784693287926336
-0.5545751371097452
2.901931068525779
1.1019177815419388
-1.3131260254351147
1.3961978696125052
2.6959009783566374
1.7956832272154688
0.7101348421116802
1.5943034863292482
-0.3854811894383736
2.1381620326239053
0.09122938367586102
0.6780894336443113
-0.20689904601825515
0.1099296393371973
0.10258785588979955
0.30872650467330554
0.702318130050748
1.8211110355736178
-0.4730343020142178
0.6560873326147119
2.1719556644849827
-0.13523412878479305
1.7263295843290316
0.07985293028642551
-0.17756566013646385
0.40663698885563054
0.7132417995637816
-1.3873123784351704
0.27431906752958735
-0.7363781672490803
-1.2885577973117321
-0.30038691041262433
-0.12968006404513957
1.644901262310509
-0.07721474087469074
-0.53532919842231
-0.48600550225455924
1.2741214849055005
-2.520874100412064
-0.9696764434163091
-1.2801575892853194
-0.26980096072010074
0.2792624421539508
-0.2705625660445386
1.8291423058106029
0.027535925508771066
-2.1118629262560775
-0.7483896935060788
0.05479014568224802
-1.371403303500722
-2.0889999178138474
0.7774649920839295
0.6357607844133376
0.4003828519811852
-0.06511574550974653
-0.945128604794473
-0.4273690990453661
-0.47173711328604134
1.7073724510867634
0.15896742976979836
0.5071505034135984
-0.023364962800888324
-1.4139735447842108
-0.6205066275647331
-0.2296806947991328
0.3544229675725933
-0.56016943552797
1.074461681890014
1.96364939878061
1.5420444285927217
1.8201312699336065
0.6960718429476287
0.09497545079960755
-2.326295265945724
0.27408553258359536
-0.589223146338522
-0.11671931171244396
0.6953114958167694
-0.3744791301663012
1.4817500930246703
-1.0777407784820854
-0.5215180743078668
-0.43355958157624785
0.2381646387550697
1.4021656440841315
0.3208795131015322
0.09872397490577763
-0.966243894976873
1.9132325520560318
0.3155479293695286
1.6515095550499235
0.3480454523535843
0.5941114116859627
-1.1548722545507004
-0.604487879399737
-0.18633236353537916
0.8607401783591926
2.496732360773289
1.3294077743417716
0.6252081795594923
-0.42650792292207906
0.24831464785964294
0.31432770085306894
-0.17318628490202134
-1.8897491672137081
0.6755937097743544
0.9085454485012943
-0.9036357313590471
-0.29533826376692607
0.655390124872726
1.0516017472594321
0.06453269180493439
0.6737302062931109
0.48417595303437383
-0.9229223003968752
-0.18949804138063936
-1.3651423172186803
0.43509103952349515
-0.1709794142632544
0.46265762019519197
0.7232320541485353
1.153553967082636
0.20018159243000774
0.4458534179003406
0.0740128141153427
-0.329317848689415
1.6051993303229894
-2.35395772418933
-0.6959070139634649
1.7620097989020072
-0.35745244044427327
-1.2565596516535242
-0.11834946760377793
1.5868727618358347
0.8825465303289349
0.7536800764606031
0.16898399221413116
0.3061315006443108
1.158256483871307
0.342657088645958
0.28923675107048363
-1.0453014850464042
-1.4781915087452875
0.804598800409042
-0.3615729740987577
-0.5910053690974069
-0.8756408094852192
-0.6275844034182343
0.2468840794837649
1.2545271803561038
-0.04708104470283814
-0.5179468354485155
-0.30905046732856856
-2.467622206769948
0.8695997812051857
-0.2764133051928448
-0.7034824943341283
1.616878683690816
0.885250110724153
-0.6191312539241041
1.8328837553914743
0.5229255727441796
-1.6277848887238928
-1.6408192756171287
-0.9421756728720293
-1.3200224161877447
-0.8735082503521399
1.1361875328105497
1.7044578163121253
-0.5973945689667866
0.21101406380773688
1.1719200419588114
0.6499934248284802
0.7934173796270789
-1.9622316454871183
1.2933350338112195
0.5135413156976378
-0.14675975091702298
1.4709197502526454
1.2938203212864747
0.23720135381920718
1.7258741541351983
-1.017410929887374
1.1519361651968723
-0.3077390799055387
0.6480412446781165
0.2780410531529349
-0.9118814348819402
1.0068573055702748
-0.485285429504555
-1.1263389015220784
1.0913636624987957
-0.5103853232519551
0.46316785539997707
0.18505064849737554
-0.5041378116945311
-0.3117305499572661
-1.1926308959032985
-1.3576781532248487
-0.6820516297262638
1.9574771094454424
0.8167389660521946
-0.7740677211980926
0.6431855074310256
1.1316564423808144
0.3554866028734104
-1.1321497802745042
0.5245184045297333
0.36213848650737296
-0.9417895803480361
0.3317484108251987
0.43667681362807786
0.31996720193106565
2.0096784778169563
0.2674684796141198
-1.1784216988733793
-1.7201389116580907
0.4372646265728816
1.1757682671686012
0.3350308862271963
-0.22271571047382732
-1.4770712736341693
-1.1865446751848066
-0.933627546575639
1.0625011255150563
-0.4016672096708888
2.1487119991782158
0.3549365705008679
-0.693945445615787
0.7912691004386707
0.4516145468753299
0.1271329882747757
0.9141933862714751
1.3779719130766752
1.5065109406143753
-1.307386311703913
0.4827616737660009
-0.5765972873807359
2.2534229154500895
1.9798999591380069
-1.5419839547135434
-0.03466327045255722
2.0213451613772286
0.8445750083585482
-0.2275330502391272
-0.5002902032883416
-1.552934793335433
0.3194583932938724
-0.5600449024913338
0.3214506084647019
1.6436337563763315
-0.09958023829370188
0.013268476644870818
-0.3763765681750462
-0.4478212788516537
-1.4539037524223553
-1.2787170624092026
1.0013422406943362
1.6120916372613658
0.6682549225034498
-0.31568823799642476
0.14487414795100276
-2.115523311968281
-3.0753011209793337
-0.22454426551128048
-1.8852407618540343
0.009649132941136467
1.1426168379800539
-0.7843732449329496
-2.4887611390429436
-0.4686642771158627
0.6144953391573911
1.1214371147444022
0.5865375495707814
-0.5349446763786765
-0.974892366025374
-2.2894862890914256
-2.55852237350967
-2.74730987006759
-1.7401710543098747
1.686301787053916
-0.7710675407076252
-1.2502087838970581
0.24190044670653943
0.35109096961333336
-0.15844038769004992
1.2497767918326628
-0.9442428640075604
0.041918859369928244
0.49257992715948695
-0.19639462037698188
-3.212503914908473
-1.1688286038855558
0.10593531364774868
0.2898557452829132
-0.8183244804141433
-0.09022104924952083
2.8930672638569215
-1.0833134793887889
0.5982388587425393
-0.640370795773648
0.8403066171256846
-0.41572772870978614
1.1517731533948021
1.9328804258398633
-0.819406967342448
0.3325387194954076
-0.27689924055892473
-1.3676794533011876
-1.5489114963969308
1.0552007740291782
0.5347935053159083
1.523110993394816
0.3964447608774152
1.5428772378443345
0.8892209744885103
2.088997730069712
-0.6161142970573001
-0.5104283164620842
-0.44909142900687693
1.361996999092264
-0.5225949360104981
0.7937743825075464
1.583164381527127
1.4070397331607325
-0.1725247377627039
-0.40745049348981255
-1.3475347805955553
0.8578271719607217
1.21290167995962
1.1293251691886674
-0.5512621202770434
0.18551624817060017
0.3537262942277378
-0.29583800151476924
0.20575477082040705
0.27324509317402973
1.7268952735945473
1.2750686716082404
2.132725180475059
0.25341301483573
0.23560777281997242
-0.1693425200240311
0.2724259927780847
-0.4944526038631055
0.6652185404173185
-0.6317102220748769
-0.14245070896764364
-0.8188911309160765
-0.7287947160106658
1.0234525936895533
1.5146304281526066
0.8153989183792996
-2.381948221491666
0.47674281334779206
1.4443874918995319
-0.445993529926392
0.23052542356995798
3.616268455917703E-4
-1.3371856594394769
-1.5428283553465927
-0.7328128835985064
-0.8348074020739282
-3.7965558658820036
1.220987047967237
0.1967889072458718
1.1918231983230045
-0.24036383240647974
0.5709810675629311
-0.3103566079438227
1.0539214108460313
1.161314182420565
-0.08886007003608348
0.18547264845537703
0.05218644186452992
-0.6320633776124247
0.2659343984555318
0.7276509379751381
0.8574611178890443
0.33276155240116734
-0.9146943523474916
0.6200906754546723
0.3574654739245118
0.09057219230255155
-0.8981749666859148
1.577058390458317
2.5414001287012336
-1.2859084679275214
0.46698174859566977
-0.8174626752433601
-1.7985022505308261
1.9235604216792865
-1.1431879810023455
0.1887993504276786
0.42413420186872
0.23281841101001788
-1.6074059091419384
-2.12153342096603
-0.2653205787062146
-0.14367558718913173
-0.8076128479479673
0.9312818470066693
0.31879764196341187
0.6339192206160811
0.5971509316326477
-1.1263912644118295
0.29693759697032485
-2.094031602765543
0.3752031223698755
0.8284372726811201
-1.475445039009313
0.40281845748607703
0.6110234239284192
0.35020698200192135
0.09601824311414962
0.49033750415239935
-0.18826095570510007
-0.6173358263672494
0.6807933489533806
0.6996930617290601
-0.7671470212925712
1.3021507264158187
0.4847977054724233
1.8450744444525846
0.24306611721441757
-1.959085679804766
-0.17372792210070384
-0.8201775894842096
0.057899311634049835
-1.00127050034011
-2.5491356507352703
0.031219555061180366
0.4711062138336253
0.7899325801993826
-0.8837649076562426
-0.010247493700493656
-0.6490252482305267
-0.23354923572613648
-1.3803910529214758
0.4031739839169928
0.9938325396262871
0.9757040433167282
0.0678560414206571
-0.13331019161266716
-0.5012573098474657
-1.3279189570765486
-2.977673280363398
-0.7300931733473137
-0.07572057095015253
0.6801433960053003
-1.9959328255829665
-0.4339404733309819
-0.8966598841938672
0.3695410756959271
0.6963253915239077
-0.3304390547577809
-1.4632816824896884
0.15132926119185103
-0.9914817238833801
2.32540361631378
0.04402417110493844
0.5618754573195062
0.6606048433521355
-0.1997257370758345
1.7647751701323968
2.5600722032661944
-1.6432558613364172
-1.0599726546830108
1.3730115114017856
-0.9376415738544052
1.2823235341152392
0.1426385852345884
-0.9553456489547856
-0.39907883039497505
0.7618078254606245
2.0152595729682057
1.9666973521239037
1.528206139601124
-0.45301372825680986
-0.8740772166764373
-0.2864046333055056
-1.2486929377377096
-1.4837762344132408
0.30687185006425755
-0.35504072087509864
1.9368398969255713
-0.127671060723426
0.47575154327086744
0.32669568355766293
1.5450338976237716
2.100148227190043
0.11885138949371281
0.1934544731149827
2.710734902476719
0.750718249384513
-0.19511319241381717
0.0935332746421383
-1.1386508417698387
0.05321248010497732
-1.1963327002245394
0.4233702269333105
-0.7368882886124498
-2.1765355431772786
-0.006492639562784045
1.2217002301270197
0.7916237981984073
-0.5006957620427978
0.390669183071958
-0.582582506727071
2.033210285238015
-0.8090480077231459
0.0603703547032547
-0.3398466666138695
0.8504422246583371
-0.7079711805078587
-0.5028148753522466
0.37393590113194575
-0.03562158149046003
1.8038751096990908
1.3249087798510057
-0.6050331010611175
-0.4941471611522787
-0.0725950671187345
-0.49860712471777574
-0.5752063622808803
-0.016443549157062896
-1.576413471815106
0.039774643703221195
-1.1361231473940936
-0.4976930696806474
1.1362745582933476
-0.29841909908881786
-0.6529082116571469
0.3169628811286298
0.26901430693823836
0.013184933560812078
-0.5326464607525581
-0.5444267617958634
0.8986535074330749
-0.5187911305932829
1.5413231247023291
0.22441146164173056
0.13819657617999126
0.5745100351770153
-1.252795937266873
-0.79717507468784
-0.5053733489665554
0.3743180884611404
-0.04702142243932391
0.02508125548921908
-0.8437708504057159
0.7404618957817243
-1.0362113741204886
-0.3398060961966876
1.2735242594432452
0.8507082481333195
-0.90213948969492
-0.06685625836402871
-1.8363466264386996
-0.5274879427105027
-1.606073638634207
0.08807840584524541
-1.185364842421463
1.1540628731169702
0.4899937798817182
0.6797701006830957
-1.1612595050616357
-1.117776359034607
0.17622609957471302
-0.9470748556969552
-1.4008481893571878
3.1051911126391283
-0.8349857729094937
0.11264697001955208
-0.5579011976185774
-0.7295342544349629
-0.7494549104577323
-1.4852505045668634
0.4938154243196926
0.03475712754010488
-1.8556604188426646
1.439598086776291
-1.5647947304979277
-0.8411561766094969
1.151585968398576
-1.2440987028830166
-1.9861549330120372
1.307077047793504
0.44245444522087674
0.33950504015974414
-0.7062246999905645
0.15032455009390988
0.021443593522342444
-0.8145300325820756
-0.46025041217826346
-1.6731701181148988
-0.33385539284042226
0.05867393325409388
0.854241544469131
-2.598072439615298
0.5439876395219175
-0.22594586603566408
0.8613906424029355
0.13944566215107496
0.04236039797691033
-1.8930923141730853
0.40849387144106053
-0.24070305053074437
-0.691613327885998
0.7921360924455959
0.5918431891479262
-1.1596097287351192
-0.23243493606801335
-0.22464306487222024
-0.0026917130588344656
0.3669771929539933
0.2724188606523477
0.753701143619525
0.7990440998046618
-1.300175172899617
1.180695535931336
-1.90759675475088
1.4606381137434272
-0.9158950662650022
0.5082740749434252
0.0680558179318308
-0.14779882234342354
-0.5266593053803276
1.1716655608331066
2.201338417883072
1.0721305097673766
0.7840206643724933
2.1508926091018297
-0.013718486407484454
0.42919671204981213
-0.5408274564202175
0.2802076017374411
0.1739620742560929
-0.7614463364682994
0.014718662173633375
-0.09402638346082258
2.123699207177103
-1.2930441040480563
0.6744611337472048
1.2949476198902923
0.9717765288541778
0.28117142966012143
-1.3669905107809122
0.733573101949886
0.36950850125060697
1.2336808189218902
-0.13097504724477016
-1.1661058799488584
0.06207828451409483
-0.10685518345335421
0.7106718356070696
0.5507718439842915
-0.7277270100293606
-0.9128370339419587
-1.399458237021681
-1.1027703989002529
0.20552156634620783
1.4369356043158716
-0.21357445480923937
-2.345783399795016
-1.6681097854514826
-0.09754353124891367
0.39346919789936474
-0.6628797746741595
1.5023747106328715
1.4515752037099934
0.19501937554874346
-0.5906222537065596
-0.5106762783145914
-2.791145790519742
0.04009742909290473
-1.0031694918166028
0.522976516145453
-0.6474624723978545
-1.3045064507623756
-0.5853787209772031
1.8533748539155572
0.8717623409209568
2.209169129593822
0.4296347064778863
1.5740485498626882
-0.03785286745811101
-0.06676848958162222
-0.7110760364245753
-1.5621482394498483
0.3559674715472292
-1.3251095666649768
1.180814799516088
-0.4961435216391675
-0.7247028244414765
-0.2364039629667138
0.9197974200392857
-0.7240800839172613
-0.03417013375008883
0.4517133273603077
0.12567980438176293
0.6485766543088903
-1.3362533407561115
-1.3098883868001852
0.1873167038054265
-0.5418643649661535
1.1066531276025078
-0.9464792834474116
-1.208270652522073
-0.4349952534130326
-1.02644273363614
-0.03330206809177807
1.3978267281406236
-1.2799602568795327
1.990675258058065
1.1807655537927986
0.24764192093271578
-1.5338127901302723
0.5882562422440113
-0.9529228696958748
-1.6520305647298217
-0.6361566662593127
-0.37986145532353327
0.17808120625816737
0.18030838770766966
-1.0943746349934684
-1.5836402117977226
-0.09089509022075773
0.9015665509614929
-0.9239924856421029
1.628496409440331
1.7653441786536692
0.7275831852407288
-0.15027295365844737
1.372767610602711
-0.07473705740891326
-0.831659740489118
-1.3330151799961585
-1.2357434139314878
-2.5225974605008115
0.5358134056003544
1.03770466608326
-0.9447842099793801
-0.37882389115441456
-1.0303893479919224
-1.4634924764882
0.5669461981302806
-0.19862937758777685
-0.517745933137282
-0.5207091840346791
0.21990000171013904
1.1766524765638096
-1.9712004255570155
-0.9351232855317076
-1.7843432566404995
-0.4531931399823049
0.5047471485762681
-0.22881616088035983
0.2096163932780153
-0.3502614681907492
0.2383117759721437
0.9337624765765288
-0.6657338977652609
-0.7373960628216512
1.0373322864423655
-0.6110970791181071
-0.018793262850899627
-0.0603065465180739
-1.3501962284402758
-0.2906507816950874
0.7380811332128526
-1.0659204164055385
1.0098839223027367
0.1894145004409788
0.11224518786620266
1.0640522212696428
0.40879842714557446
-0.050273193351607334
0.4955947413873415
0.49175519206872154
0.22682000506988514
0.1870070492029599
0.530556927740349
-0.06896775397881427
1.282170565653932
0.27020584692913563
-0.36971797431370335
-0.6441421234883464
0.06211366685584316
0.3871425245682306
0.37478990147822544
0.02166653933153891
0.7180951622897972
-1.1304873484125932
0.6140243893599859
-0.028354572392873322
-0.37404155300061737
-0.08202809399208885
0.4170659137077284
0.2706019218108917
0.2175405570686038
0.5678085432870417
0.1803753733603874
-0.9566078070259467
0.6755572587412958
-1.4657844828557158
-0.44736998564739133
-0.9404229226039053
-0.3296840479435071
0.0494234624955395
-0.14189508006424345
0.35247718942861156
0.6370433945347078
0.05392803700369424
-1.501317759988449
-0.5248063932122404
-0.6596921423612114
1.7506669289543102
-0.43214356108966934
-0.9602215652787207
-0.5236338304015813
2.3265299162064674
0.036506329066482934
2.0762272304933838
1.2623909261256256
-0.5609866284162015
-0.17872755531710713
-0.7846365889039963
1.9363651164829285
0.09275447229078673
0.26529130590095606
-0.3178021506594978
-0.7464983013251909
0.43277373489072135
1.4245510370567882
-0.054527855380862085
1.6184509083693461
1.0122979857857772
-0.8854174635317622
-1.167629549072689
0.3028985295406093
-0.08626205718361621
-0.3822447146760751
1.1993855146405452
-0.5540871254552742
0.8492236991259625
0.40529447754442016
-1.2956232457748338
0.11361021392983445
0.10326024067789327
1.8632007319054984
2.4653096501441403
1.4869253664614568
-0.5071697377371803
0.24952878955191612
0.4401789784988034
0.5041178355654612
1.3188671509503112
-0.6678502705848209
-1.0222346595964182
-0.5829505969828639
0.16818678103417894
0.6907865035198313
-0.2648052017328991
0.21801536708441316
-0.18701574707876298
1.6411930052434884
0.49332212127944497
-0.9703132236564246
-1.7815384657746818
1.2553434689038707
0.1742266003160979
-0.5178222379330206
-1.856408574483801
-0.8482403377025511
0.8169623164041235
-1.0100396159971583
-0.031522181032492935
-0.15805049598801868
1.5725868808034547
-0.20275307315779098
2.0258224200874957
2.871192317469239
-0.8143354693826977
-1.9427926973912077
0.08284008033998048
0.725414319893893
1.6974596034823053
-1.019857244828726
1.015945318892145
1.026684733800209
1.1243428756651994
0.7473777446912797
0.9269215155362807
-1.2043660836994363
0.7901790282560686
0.5067135880858326
-0.010138819454704823
-2.272269427552987
-1.1228095608705035
0.9024527906864802
0.4165032338952234
0.6322532332352774
-0.524156379798819
1.7356287871200782
1.1524567756023032
0.20197339713204948
-0.9274073586060689
-1.1949828185336182
0.3480633161180038
1.6362450814966962
1.5887701866737098
-2.0111269315283047
-0.502462457197062
1.402416515643467
2.168324672946677
1.5443326365110017
-0.6346453138050521
-0.5377125905265504
-0.2865598393521124
1.0211538288240476
0.3296026709255945
-0.08800660272656713
0.36565952706869753
0.13518766347715488
-2.0414097612373836
0.48140578782214577
-0.24655979099061506
1.1321115907492956
0.2740682407176733
-1.0170313838368412
0.16872691872888712
0.468388175149755
-0.5028320066965781
0.5751573762245876
-1.3681229495692993
0.5694842229323256
-1.8223341408941964
0.24902046910417022
-1.554227889261746
-0.34010899791731886
1.0552042913373905
1.2249760692565022
1.3950037477456279
0.20192381583901878
1.2083389273261858
-1.6839646078686963
1.1865626476486977
1.5352446735331218
-1.213368011176239
0.2645189123641899
0.7816977128773372
-0.18347612227898535
-2.3470553444309203
0.2902384875868482
-1.9490158939063464
-1.0706798503237447
0.5430264173035187
-1.010348578319304
-0.9579967285450217
-0.14177623348655835
-0.36773086486752354
-0.5037065902110447
-0.05890909411081098
-0.2897490563222487
-1.7709177612403644
1.134363184992977
1.319824502412612
-0.5473267842882448
0.19748211401184962
-0.3220191919341888
-0.0020181850668649372
-2.2837802064699377
-0.21619981916004344
1.4644735365634216
1.7626150853049956
1.4302789685382795
1.2709902334245495
0.4205878234590994
-0.7028276917292408
0.5399616137289935
-1.4165919338639443
-3.328812525861849
