0.8193346937585192
0.34068297587542934
-1.3134053209861667
-0.4640991775970808
-1.0704586508977167
-0.5372779082210033
1.4372790753078797
0.7370015393829159
1.2396013179031673
0.12561979819001076
2.8575260306445442
-7.26031049819037
-5.085852176720937
-8.60157950706351
4.834744778255778
2.5883596631298214
0.07037713437014578
-4.098200772110038
-9.754427753464455
11.00957678029335
-1.913896243397913
-17.965026978783936
-13.1338733620293
-0.6085370415925221
-0.6034619206317473
-0.6364756571480067
-2.1979315187459734
2.0169909627521134
11.457537238682972
16.587175199314977
2.3059666167597968
-0.8156086032680987
-1.190144426954121
3.9698084268025147
-4.9473638933385695
9.214072376960125
-5.534739054914344
-22.115576479214244
-6.264315609478573
-1.461350040058549
-1.8411942585415768
3.928152584348948
4.083779729675702
-8.070327517940342
-9.350422376697251
6.044485306387647
-0.5681568802965978
-0.5104822976845382
1.1493912441658176
0.5781842497580034
1.3521468349706507
0.6650019942975292
-1.385728029939061
-0.6051171619751219
-0.7607888513870442
-0.999173109977846
-0.6671077932603087
1.0284711659278634
-0.4685199772116868
1.4820272618072068
-10.817480591020573
13.129011961269143
0.7810665343660785
-17.537562068056562
0.24030806717081843
-1.146798922049161
7.282433865423331
11.71182657351939
-10.571794931512498
20.6654105009858
6.311788785160517
-1.9272440528477564
0.5714711987505237
0.5094232705452331
-1.098596456093175
-14.164099356147746
-16.3373620975608
0.7617754793266241
-2.9227038466626696
2.5377303415191443
-0.8038398291112114
1.5128726045076348
0.2779127340612191
-8.329644919609402
-6.527832125081826
0.9936994660766038
-7.447217832001666
-10.928118214376639
1.1169971575399529
1.2129870453234646
-1.764173897832861
-0.49800465305396724
13.754801282901434
12.452158066208263
-2.212621640586098
1.2654656297330056
0.21614208472485255
2.4811891598481313
0.870162350432743
-1.552470975106142
-0.3969136707525552
-0.41217722077734814
5.558523184834515E-5
-0.06966983951182872
0.026159812075770065
0.6426988142525736
-0.30385440564435917
0.3720707249149348
5.460923101613211
12.289516018653977
0.39420228493481285
15.940541069844118
-20.45252961691942
1.1931173915318902
0.9879147396523698
1.1830772454374343
-8.085440721610885
2.3474353126948118
-19.11472179461322
-3.5484126208591062
-13.619670414375841
0.5406862271552598
0.31367915197566276
-1.1356590044955464
13.59298831790788
-6.939991545908542
-6.610136930946103
-7.1200024929693875
12.854854177384446
0.5842317225605415
0.7732996313506683
0.29379021291152835
-6.390585238729779
-14.861899691526546
5.359886511067418
17.351186735152307
11.264934028587048
0.17446402487001922
-0.42075103168470696
1.7353188453065913
-0.2936006511441117
-5.549545788082655
-5.1246011788854355
0.38284194050841713
-2.5381833525877
-0.3511152095174763
0.4758911407971458
-0.6176975452784708
-0.32746774532731837
1.265107073258411
0.9566112820042358
1.24063300346014
0.9487449438861183
-0.019327895535190372
-1.0121586103673716
-0.9470465337230713
2.219356606950096
7.140605052078925
-5.689444609701916
11.787609223320294
5.741749630222089
-14.903301183676389
-0.17164124816189943
-0.784390401033493
6.924363302299469
6.21589467162216
18.729987305555017
-5.483865486771987
22.826232297994974
-14.695531303139107
-0.034512506883448056
0.3456429650483946
0.03226305378962221
-13.148001042690487
-0.10313318007202997
-3.3552332830546834
1.2561514060867258
-4.620947170352655
0.9406947874954477
0.39015797069553926
5.094351323156255
-22.703346559732175
8.356502537878638
-0.18637880984545024
6.243341779256686
1.9094178427390402
1.231390351223652
0.4296408730067685
1.1296340221029457
3.816949578719397
-0.32388963351022476
12.134889424383704
1.0100908780879052
1.0558818746337768
-2.300076420677659
-0.15234611022984199
0.22870809655352603
-0.2784580266712929
-1.1119001430227327
0.2474567744899781
-1.773953683229934
0.7721670460947433
0.7638933018727583
1.1956228899125354
1.2271297391576736
-0.15512915003033861
5.4329840914225365
-12.456028982406554
8.290326021644354
6.932812766149458
28.623231558767102
0.3314593633793465
0.9843750270334255
2.726826920599315
11.552865223888556
-0.8183266552723931
-21.46808409654008
-9.339398111270448
3.1888948903313783
2.2302013762144695
0.8559007656930667
1.8096658015635605
5.84505056051353
-6.475074150336991
8.239576498705363
16.923538624759182
10.732652600298866
0.7129900119243058
0.2641516934311236
-0.6078714721112709
21.36287290779819
4.9924926764684185
0.1384069626286169
5.297830545015326
-0.18647015096077726
-2.3535384110896476
0.67706304650701
-0.49523131394784803
-0.2838470523457564
5.569034573748927
4.998295383562586
-1.092767698800483
-4.604485079260035
-0.3510136707844362
-0.2671376964612771
-0.4141768542173688
1.0104657888885566
-0.36320327573351163
-0.12290544886283719
-1.8555168444466332
-0.8293426637994634
-0.15376648438360113
0.32148657680552895
-1.015404327981399
1.8914795517815968
-13.747353668806216
21.05350288379653
18.2243128226843
7.640251270394363
19.942530261811594
-4.1889386946631015
-0.6882148735838061
7.619239774091864
6.501927654446769
4.328318381968388
20.25709076648456
-9.29033607520579
-1.9371881191872278
-0.6303755342114079
-1.0582051781409312
1.9343911248418522
-11.362986873129232
-25.768863722554272
-25.742270173712416
13.118621791133116
14.371201932876431
-0.445498519482792
1.4350150502738261
0.7171758450403001
-5.677265294526325
-10.522781501470352
6.157077860893799
-7.115702140872664
-2.2947478440601197
0.7631109187996676
-0.6831856073999558
-0.9329025581975414
1.3381157743734882
26.77909521416647
13.596267614397242
3.1488983020831305
0.40748318508233017
1.6779201225858145
2.146297527763457
-1.4447551007912764
0.976879861477845
0.7511685186836031
-0.711428781184953
-0.7669158970963484
1.417880127736755
0.7598987433425697
-1.148595935083778
0.136254442303679
-3.511746324271697
1.661286862300018
-0.07820253668663256
9.2008498286997
-3.953390288546794
-10.258439030434674
-2.3948858350186377
1.3968568999867637
-1.052390124029711
-5.16261900999635
-20.807669103112406
10.52396730170574
0.33132573717783026
5.633891579792316
0.8717098362391422
0.39448831515331967
-1.019198072493457
5.67605806400317
-9.514987230017724
6.340416619199992
-3.7417854672760713
4.206942708092764
4.100750687637884
-2.047714532252871
1.0843863484818064
6.134599294666817
22.69517671141859
-10.34953897379827
-12.265235707259983
16.046859987303943
0.7150562596629569
0.5585365778180359
-1.849458128102375
0.9530077490020159
-0.3688523098835312
-8.31491066405009
-0.10695613708010279
-0.1294211992016654
-0.857251139648654
-1.207294662599994
-0.8758411421584066
0.23414173584493145
0.2709715439619906
1.443120525028889
0.22809016358119916
-0.8333206091517359
0.2747478511759036
-0.051998048012953914
-1.0268403736220333
-0.5022094020428676
-5.928064196056943
-3.376881583911128
4.877719074629914
-2.6424109281286823
12.733981657785385
3.0253318443600343
-0.23649715338147004
-8.835758571521207
9.970395121095452
8.173308605927772
-3.5563305984510847
7.471623205290432
-2.7442706972881035
-2.1572848206829334
-0.8980346729818728
0.7226364975341092
-7.876353522566576
27.176266094451616
-3.1681486722459073
-18.686315884301834
-24.907522077360813
-1.0044263221094427
0.8232758365145671
-11.09749949732462
0.47161922623537944
-16.330109797270186
0.2583754385082786
9.25811538353568
-1.2586788248748644
0.5108319982015452
-0.2965158235360276
-2.085930838411245
-1.1367649467898777
4.4323317158706335
2.553528239647659
6.4821653738235065
1.216213880893348
-2.0620479015118485
0.7559308581663559
0.8124655578369406
-0.46871447131811095
0.8081310974927874
1.381383379115988
-0.0024079304923124542
0.864006337677548
1.340462354239787
-0.5876809822703991
0.3637507959926652
1.1639894054765136
11.708568113840554
4.80518623308457
18.598017818822044
-0.29686123767806677
5.866171291059907
-0.3553990817484359
1.3223882117351307
-3.194604208465929
1.5692165098864084
-2.4911383848724586
15.519722029051783
23.992570971839896
5.6539011580830865
0.6108860320851303
-0.4356084030272148
-1.8555803162730649
-11.182178063192575
2.2836052145951147
-7.751106724590831
-5.64493402045927
-2.171074129631504
-0.33716221081708314
-0.27903102342630803
-2.4037450257685387
-18.806649248119008
0.858235480486242
-13.488297603189727
-1.3681067340626811
6.648428859757929
1.4995457500104532
0.33467860444742353
0.08400039406217309
1.3255800897214047
4.3400960017684715
8.231394380308076
-3.2356918206078915
4.464685922668042
0.7613238282985677
-0.3948000226366181
-0.531032911589728
0.15895611673261342
-0.5599963445325182
-0.6085203917477203
-0.6052269681233704
-0.4953666135481222
-1.3189660759216326
1.142674197617097
0.10716719054850919
0.3402483472985388
-2.073953704667814
21.46995978412245
15.195354849655155
2.8960247721852523
0.7973059101066375
0.529484010653378
-1.3939195758596445
-3.666868191436333
-12.912453219985185
-2.7511548045221508
1.9561516138387893
-2.5258586501360862
-3.5423815018184674
-1.213960816451214
-1.5415712851466043E-4
2.439209241976529
-7.69222183641743
-13.106325361944638
7.539440158177486
-21.727609638269964
-21.974386923490286
1.103508730186444
-1.4960587750738925
-2.8072091041449507
8.63992653589821
7.58952463740029
-8.585138504743204
-9.974860921260246
-6.161848908832632
-1.684842492171969
0.8538624551591062
3.1315496357727097
-2.798690131524592
1.3793876407090377
-4.0731760737350085
0.47395726086923357
1.110879048098513
0.8838704198918008
0.6152909063014687
-0.5650648407683723
0.251501394397944
-0.0782484638728627
-0.6789724420494297
0.32949633496484765
-0.1496653965938477
-2.1482783877393667
-0.2865458294739475
-1.4682449924136745
-2.3273544447606644
3.788456155684603
-6.354757884200815
11.491919641345577
-5.991822905124223
-21.111078745878203
0.1317078888982096
-0.36581741297557174
0.3750860907003466
-9.269224093296895
-3.48852215727535
-18.658615251691145
-4.728168996067285
-16.719902703601388
-0.074554236620849
-1.3058794811067163
-1.8456623822824052
-16.187726863370717
2.1153040998500563
11.871946326848091
3.7017627413622773
-4.351263956469804
2.1569913253044315
-1.5609567340963832
0.7233461482643603
15.44465586537928
10.085986061451003
10.72373932963542
-6.917772384028846
-2.8202837074921114
-0.7403782911214923
0.2279700650479029
4.209873303830562
5.314969910793791
-13.608631961815535
-4.62907114381653
-6.002515901619699
-1.5117525726007126
-1.4979546324275352
-1.190549716828877
0.6068447066437386
1.4636088826979778
-1.3624355927832708
1.2740066237569652
-1.6901896243485377
0.806811560233562
0.4195658196974632
1.072801830950447
-0.27880031200734356
-1.3319047525990015
-3.39601306754581
22.864643614220444
3.4190033149050576
-4.487965786168947
-12.85389429678177
1.7023039367987416
1.7405388255770462
-5.732685260420376
4.395010339866864
6.791639048622658
-13.672030760563702
9.352736359653212
0.021153071515529368
0.7177966208688489
0.8618747927504333
-6.239116276705308
-3.689756992369115
4.759605048297558
2.9574055558518286
-14.843473056382672
-0.1855305855540476
1.0172132732282562
0.14338052422702197
-2.1105624827632834
-11.581352125986802
-16.73431844798037
-5.390575544294277
12.809989807328826
-7.299099143139148
-0.15195887470611405
0.9941116885309409
0.640444786032559
2.991728419834153
-3.1242508556986857
-11.956155030297447
4.068292282591876
3.165669909544189
-0.3897340442659316
2.519538300131993
-0.468408578891782
2.7852263000436692
-0.5237408876248796
-0.7306337063634778
1.784949871359162
-0.7708754785659767
-0.39642953211651305
1.0560615308949348
-1.456776634979399
0.9590850503114189
0.09832443200887718
-8.919303597430766
1.7247188002214808
3.9641309852687536
0.2367989585531502
2.536795425384788
0.9002289151724033
-4.414759714790271
-9.339143839824793
2.3095895808963958
6.464437572976544
-28.147515097817482
-24.002884774799455
1.552047844438353
-2.011279411057383
-2.024712749471349
9.019572840221734
16.90922851587972
4.984936318229266
-0.04885630900582667
-26.154752112907214
-6.259395126705342
-0.29459814838649345
-6.254391235866614
-20.019188502780867
-6.839251049495313
0.8155895303271157
-4.677333574336828
-3.9216618014692046
-0.2587309160694914
-0.9032540869076029
-0.23737929802151528
-1.5319976238652957
-4.95021879898654
-1.818935705245239
1.5201835594012376
-1.477075311238384
0.601044854362229
-1.0608052691303043
0.25382258036531496
1.1375427334134025
-1.183787738366231
0.40022695296154265
-2.02668904181864
-0.06714581450545386
0.5100322831194142
-0.7007796793677589
-0.5205138836164301
0.24072378875321884
7.337604542651164
-6.9629270516137005
7.881563909912607
-13.593507135140017
-20.30836856723319
0.5875094169018934
-0.16929885208311704
-4.757423147657032
-19.685189895097892
9.803804375491817
-20.352060038221293
14.550609963649233
2.8793665769647463
0.7919682880253256
0.43472800457588223
0.6217686613778614
6.759963928735409
31.700501279665215
4.735857387480903
7.6144908486703
9.514048975383261
-1.5894399185711685
0.3060873811988723
1.1742109128236347
-20.052474298814683
-2.4611669260221603
-2.2687606329819356
-5.032004336861214
10.897003723795281
-0.5126720836310895
1.9125113948631687
3.5033592248794654
-9.87815663707501
-4.774183255457135
-6.5757505053060825
-2.2640328201598114
0.1801024110100241
-0.9021209518814208
-1.2167222842611343
0.48241108081843503
0.2551754908391436
-0.6489226020063351
1.8939493305665813
-0.297602119494834
0.6693739987227629
-1.1172303828479306
-0.48477937053066134
-0.2558703760934989
-0.9370694203011023
-0.9696739442823318
-5.012806666114632
-19.40540462314913
6.931806933821956
3.1096919750082233
1.0634608067998113
-1.5860476038834939
0.5943581741343341
-14.85508123792502
-13.711634730243027
-6.575277862831308
0.7328073237915492
6.127006789985346
-0.3215254415351387
0.00575137333931786
5.81563974578557
18.17065497770155
-2.5818423635346104
19.888225119203184
-7.113278462733681
-11.164188878099441
-0.4605619121143931
-0.2710902801110719
-1.9325520216117982
2.5353034938700683
-12.592941549002871
-6.887093655811703
-2.2935695712319144
-9.17708917721046
0.5779205097013946
1.08425694774998
-1.1079899940685913
-4.725434802306057
-12.923710226862717
-7.974611823409163
-3.007447779020105
-1.4985845649561105
0.17935033672252318
-0.6349687041404407
-0.7009623908806237
0.19062787350806695
-0.8154064181922763
1.8344716093814764
-0.8022883226873627
1.3909660454762143
-0.07510773267508852
-1.2441026311249956
-2.1741963872542205
-0.6888088327887388
12.10506848791491
23.551958590683338
-4.0169398502073035
2.7062451077745546
10.498038545203174
1.7741683978600247
-1.0116795533665002
3.7079553353340082
-14.598260537435182
-22.007733656636294
2.189056515017223
14.950113471177163
3.4933666634460967
-0.1909015339424438
0.7465446617462255
-2.7842077194727533
-5.062524081228762
-1.627513120441327
5.969997736754286
9.047407803052428
5.879792199734989
-10.175444320153895
-0.10823487194413085
3.6503187310564793
12.689039395642338
-18.64142171981603
-14.87237024810302
18.69608921013112
2.3059752453605675
-0.5664835248719023
-0.5698532821198792
4.858968679408864
-2.1043408861264927
-6.945049203765795
-7.587018935187061
-4.6564948354419
-1.5049433928295153
-0.22682399895429603
2.5804024338664973
-1.1629298526073713
0.07607654717606026
0.7327132490340132
-0.08865543529389713
0.03881603476315475
0.4721935582577894
0.41880992053543065
0.13828689898280458
-1.7124050732055172
-0.1430454638751799
-1.5276414711012407
-2.129189370320607
12.770818325955785
-2.7161481417468734
5.014875261365665
1.6746085359439447
-0.28550133244009135
-9.821006305007465
4.040693053903257
-13.629636236181682
-9.350088266590964
7.969464153783516
6.928271897339165
0.8817902284872184
-1.4592075027956894
-11.059864275989161
12.773611861706545
30.074883112769772
-9.871090159496095
0.6515778031543512
10.690461866707723
-1.5436599033594132
-0.3825658143975183
2.7459401627649918
7.936030932133424
8.070682953844287
-8.268373717683957
15.453843744090518
6.967049150117555
-1.2044679036493462
2.1918481825314564
0.7364207378508937
-1.307573775667984
-10.204873817294308
-6.974454116166017
-1.921608301630048
-12.769889875434776
0.3186159764292108
-0.8354242722532418
-0.8586217762446301
1.0556373590249715
0.8802272941822396
0.9828415218836399
0.5708832929536142
0.558471197476253
0.9673946523072698
0.7859431786382685
-0.62050785710565
2.117838391162584
-11.257055728098189
-16.73963767966939
13.677087076321854
-4.089431323815144
4.245463478974689
3.0696829573744515
0.7377950098190312
-5.239115329511155
2.1527770320164077
13.857207433402852
-4.944989944760985
-1.3417886767453948
-5.580669665926533
0.5547190922068589
0.637714202517423
1.2920649017629553
18.242032343924976
15.607873255356408
-18.71968581948498
10.120241696183733
-6.815279421815906
-7.03403232249238
-0.13812866558573575
-25.683711319110934
-3.807981977132854
-7.558125289748737
1.3752380775253077
-2.532932152768347
3.65886563584386
-0.463541212265036
-1.3512721535728758
-3.774361374319916
4.483182380285072
2.2577098072682396
-0.6700991640043635
2.7121161724620926
-1.1239752638206297
-0.4914124608113542
-0.05671440162775796
0.845606820651612
0.5202090203194074
-0.02341431420482068
0.28035755296088166
-0.7251277292597463
1.425005456473591
-0.32606470711425783
0.7829076286260025
-0.4585330498536558
-2.535426745525324
-5.210906494027706
-9.05648199912412
-9.12598603108005
-1.6671659687448424
-14.73335139106888
0.4864480008559929
-0.27597779843255404
-1.1069207689024883
6.086251316487125
5.175932369291206
-19.201381369552415
1.8228736249676598
4.804832259600125
-0.9997445337258164
0.9502146791371168
4.754374836039656
15.941933467629696
11.843291314417772
-9.546286729445864
17.814096001233054
-2.239935934795161
1.0521437122326835
-0.024550300881286888
-0.6496341010027953
-1.4938565068012626
-27.084142123598212
4.285746423188581
-6.118574220505172
1.289847091655124
-0.04555811405210525
0.7865368078112949
-3.3818947679962568
-2.3567859762947876
-0.18588841685990806
-20.78390808154957
-1.513044583654019
0.5111745778587046
1.6718380892690496
-1.2317499405733088
-0.7680119064535268
1.7443428726144197
0.7183792877434438
-0.10581785676931212
-0.5578566013781597
0.4671482293645046
-0.3209872518525656
1.2018484149271382
-0.2226020444613986
0.7246903240943509
-13.33993181628876
-27.39158219900761
-30.737404484431053
-7.251224317977941
1.6593179675184049
0.25154640931565786
-0.6918693952587054
25.09410806142635
8.386456280271792
3.276461860371207
-0.46482552176024344
23.58920558565477
9.061746725463985
0.40109791782545356
-1.0050204212618934
10.481079834789881
6.718273344529255
-12.78702865489817
13.634108595832917
9.165496895826514
-18.471839595474197
0.8621836188647807
0.16398534127917053
-15.650354439798008
-12.112371575753032
-18.44383226518346
-13.623055949076374
-11.668329468569777
-3.86674099545857
0.11790615519786685
0.9219273686500754
-2.328970423370456
11.39359112936276
12.040087934057977
-1.2637428527064984
5.236338508571552
0.3571409000184351
-0.5132364484654643
-0.5650068965819381
-0.32889095362358944
0.3262733560446001
-0.8505440759320394
0.8552405854072292
1.7010632898155826
0.628723498519076
-0.5530615434508075
-0.13084909581071438
0.591801490770953
1.5964699662768593
-12.508866138144429
1.961804741981868
27.426670697096657
5.174165263985116
-13.51610994661962
-0.9138054246588005
2.590481172519723
-14.538431397463
7.57743039927235
7.116413270312265
-10.219469302135439
-5.912983348907253
10.648347741951751
1.4738904096399772
-0.8057613431817646
-9.969285073201739
5.655397581089051
-6.5040085718323475
9.182798091755448
-3.229690114646174
-2.9718337596339763
7.669155992115745
-1.0274834937374122
-2.683004548651717
4.550336672755719
2.5595429878861964
-2.001486667708645
17.605625336225255
1.0192096001949158
-0.9537249118051397
1.1505065638787124
-2.7176653814756553
-0.049213538911638724
-7.618489478931793
0.9999708523877151
16.489264112953585
-3.4162425413483044
0.6157822688534998
0.42815552136437907
-0.7473515361954818
-0.5813800530165689
-0.394123602529145
1.1595014411701037
1.2882653709467968
-1.336785572813563
-1.0513418337252523
-0.1156454209222942
0.19137318358181
-0.9765082841527288
1.0722801096765222
-8.228432006546992
-13.090686365746919
-9.309120104996916
20.0270675306686
0.18379322605119766
0.6239812316417235
6.120454756649354
24.382147644536524
-6.359327115334917
-6.294143095212128
6.776342696533866
-0.09718353306090603
-0.7941150262275477
1.330617890582535
-1.2929512739053306
-14.241218209232414
-3.906255158709247
-20.143375553099517
-10.093581393974382
1.1902451295615522
1.4190737374397184
0.5351235492122625
-7.449599036084955
-7.681151832853537
3.3938190367760575
7.276756852056236
15.976717760724616
-10.041083719675672
-0.1263330405477946
0.5383843524363786
-2.4406384459794745
-4.631999542332343
2.87654164242595
-9.539084469603516
-6.848083830125052
1.379284654791669
-1.72049191011532
-1.062996900774946
-0.5815106996108169
-0.5172741418605104
0.04992060989086182
-0.4693363372046667
0.9002203196659313
-0.6527088308496122
0.4355747630396296
-1.9625742502952634
0.3370215071951817
0.7535529441010809
10.502283518238492
10.651332818629054
6.76510856234682
-1.0624791604388404
7.626686597780465
-0.050169222248408224
2.021914632535328
-0.27311583345779383
-23.598400653971485
-29.91583440699271
3.8659961415659994
4.356821103019805
-2.6711028614359704
-0.057023893394069304
-0.14497573958547277
-5.117351031890495
-7.09315900066136
-2.2491601689929253
-16.79595533522778
0.914329687833593
-1.8430505306848806
0.23039332238783605
0.5510783479742063
-3.7591682779734406
-17.81401344036473
-5.190785102432431
14.32473865814226
8.58206509558045
1.7270288972006231
-1.4112916273048912
0.8987280724365935
0.02595660981128618
-0.12394126320886151
-1.775282637576688
16.451812734357254
-0.10205623555880858
-0.680668978996038
-1.3056520880201088
0.6851341702278554
1.062415262832616
-0.8257532009443869
-0.12015936576717808
1.6250899603908742
0.28240596177658384
-0.34890012229357936
-0.42458048458848385
-1.1379851897826734
-0.1935901222107962
-1.0879124773701712
2.5492043578553627
0.8198641488612921
-8.543219577037265
-11.616031289086589
7.689102206897206
-0.24808782077945132
-0.978224262384409
-2.6574997828299844
-13.023746362113783
-6.261890165936785
-25.389570534303147
-2.6041945661918535
22.413348548897783
1.1502349201223259
0.1285683675318096
-1.46773609349799
6.956493555818144
-16.51491288599132
-6.908977654456034
-4.083035271890105
10.436739241786501
-2.161773049867783
-1.1098758274113256
1.6497590173082333
19.98606822460472
-16.215823790265002
6.678190727725272
-0.09208213713740723
-4.608102266240742
-0.8118366482165941
-1.6273862358564388
2.8407398085366062
-7.53301824109904
-19.00494664409869
-15.714241870263058
-0.7973317878907835
0.556945209398226
-1.259185068693258
0.20343608433848792
-0.20455022978255077
-0.33109598957332936
-0.6235903614561097
0.6768874460003015
-0.9568279747617787
-0.8642635221612798
1.663442448620496
1.2242837180293478
0.08595574512578498
-1.0340519530875991
13.043292013775668
16.640301894739434
13.51199287499172
11.805885872133238
15.65504062016178
1.1603874493668176
1.0841313894506839
4.68934701134979
0.4385376330466212
-8.014641250877478
-11.006145808684167
-12.335883646662177
-3.4451061932743468
0.7406435687960137
-0.6259454324865655
-6.4801266634799966
-2.0398492530408743
1.2271757935252467
5.029034825292314
-3.300985592554003
18.40521188706447
5.132342935280498
0.9657350740877555
2.719964735681875
0.8343581218597267
0.8075903251094086
-5.657803528173149
5.504606221337094
4.431125032989501
0.14685264991652758
0.24295477162310333
1.0799804717415815
-5.163272412826186
8.424322938750462
5.3241519553106045
6.898397820811593
-3.887921408709486
-0.6433323587816597
1.2144762171029038
1.1871126714401103
1.6349024392549576
1.017892949821543
-1.0387044295822971
3.734198966423331
-0.25252996081758905
0.9455003111171085
0.7677292678118048
-0.4432651861892802
-0.7934194663146392
2.894988546308657
5.184880034322765
-3.8808506851421627
-15.111493041536416
-23.24839228419111
-0.9528095222414809
-0.3700530594130977
1.1104282885702805
-18.43830517510236
-7.6791685064443955
0.630509740946582
-9.946040575139572
-6.412580080313187
-1.3050559439176992
-1.1876935945477227
-2.2914504858751283
-7.946250128908741
3.9303568078043822
15.279111425868809
9.120328312574253
7.371257920079606
-1.7437674388017217
0.36129451612285823
0.8702443944362537
5.6608844129073175
-6.369135749796497
25.75013570864186
14.204831925000313
-0.9872405654506176
0.9560128157120041
-1.0745101744938688
-1.7803466754699742
-0.7116470866891387
-12.018531816685712
-15.79989592835318
0.728291659228908
0.8873423016235127
-2.501858651119189
-0.4722872344268974
-0.5956950618429662
-0.8082675418219003
-0.6003709447966074
0.23344217223825028
-3.2107943033188246
-0.9539064969241984
-2.668914737645372
-0.70589418074106
3.3452428282943605
0.045386113851658645
3.9733193111553415
7.633478441506887
14.730861912284055
22.589589328930405
-6.578782391556333
1.4025442257752674
1.6636878927008176
-7.609245934097936
-14.81224792396929
1.621062494354921
7.249717073183365
-3.142303418685835
1.5305872305788042
-0.42862161411771693
0.48329540993655873
-8.12362926710614
9.276036976010404
-1.7800707590678737
-33.87820627655604
-12.511919253774678
6.6694238090158695
0.3203362548083434
-1.0841317289773669
3.822167070577316
-2.840809360990143
21.017391310794995
-12.439201448393089
0.23419533603537326
0.7443767903794742
-1.2965808008070816
0.15079357735424098
4.8538253747738445
-2.2293139478862702
1.409568230542461
8.091667672984356
-2.51691721111826
-7.976858289075537
-0.41852132029104744
-1.0557247459928027
-0.447959567514842
1.2773535228900668
-0.9211193857178873
-1.374009933763568
0.5294949396687342
-0.12368126966523908
0.7222815613182147
1.170868223158473
-0.03826802658663252
-1.3071501589644914
-6.301173632502156
0.573474761346079
-8.853127586741154
-22.17784783120109
4.418361363892468
-2.6188829581525477
-0.1656541704335557
3.932790172317018
-0.8582903687489503
0.48746200088263597
22.527740085795184
-17.082495413276792
-0.3351775440564661
0.25162039798106106
0.031870338831886856
7.329318820654781
1.172084578534949
-4.766725463772209
-7.396570193569287
-19.772220918308616
-8.528583162392342
-1.2213570963714218
1.381215743197553
4.010114871188004
5.938227037987876
13.31350869898864
8.194994455960359
7.510381685322001
6.219567192777644
-0.2927433436671584
1.9595904230808783
-3.965415127546435
-0.6894611593345902
-0.4056153168069686
1.8975890192588372
4.235846683679567
-2.4060489416079784
1.5744118066586734
-0.7598544813774362
1.2790480075898347
0.5385721452033041
-0.5489432753334939
-0.21997287920331612
1.0109474960601077
-1.892367378461326
-0.7089981196212323
2.08214434172948
0.5971132465577867
-0.3143711467394117
-8.120642780830206
0.3638320599817978
-14.869546439419269
-0.35255195642215975
-7.748943752398595
1.133376163511925
-0.3247517200687118
0.11481762461197643
2.936770336237024
-3.9018304303426827
-6.0311477459781235
-16.131808491278132
-2.7537109946354947
0.8909317888824377
-0.342449818559674
4.753154623369552
-8.806393397877569
7.881138805332575
-2.5854262456149457
-14.452649005185364
-5.597060853866302
0.18479894304864952
0.941299262970061
0.905680569383183
-6.391998071360857
-14.58974049694761
-1.4406650952943578
3.014425196946154
-11.410765894599884
-0.8329661699210147
-0.0962529353589482
1.6611781773604861
-0.4979673003854592
2.489771944641546
-8.477550484283205
5.570732409369675
0.5018407591632065
-0.9051707253021088
-0.2959250809121148
0.10528305595269609
0.10899838584692305
1.628675229017618
-0.06929735946135722
-1.1524480050103154
1.837613634568909
-2.0533142035226355
0.07703726530066554
0.15443486253619243
0.07018105778160047
-6.011534471045649
11.441629162251873
-0.09274466487669797
7.585948051731449
7.0936417920644645
-0.012365434286592886
-1.2486938808151724
0.1445442956138601
11.18819639657807
1.0888226801539227
-9.632110413462966
-23.3962265394584
-0.5624602341164556
-0.3076728211003205
0.2292316958162579
-0.935755279747457
8.462975305132673
-4.176846925573497
-10.48852404732227
-1.0162902460668717
6.9248233377635735
1.5577797709031955
-0.20351223219379685
-4.522808274394396
-15.525282961162489
7.099228470544819
-14.007705581493358
7.90811160700316
-5.2155693072121885
-0.7972963857293175
1.1127841984919145
-4.160300968495083
2.031465948718159
1.2410494532675351
-4.233957096283825
2.3029339494592413
0.4425947714304051
0.8745118618872507
-1.066177059982728
-0.543289156707417
-0.28123394430082654
0.03458036401852296
-0.37308637656290006
-2.4582326714504155
-1.770782125725177
-0.5662343753267707
0.11492580586912052
0.4933924582344546
0.9235149064860824
-4.619358590017948
-1.2939636531573222
5.234628316840766
-14.541998137607676
0.7539275652519398
-2.8727755276030886
0.20929971742539294
4.766510053442902
11.843867431814042
12.017959033468916
-14.361636494988801
1.731196730223049
8.11331370849867
-1.4974293269099719
0.8111183389671317
-0.6887067246693683
2.367811072784012
-33.27686105308735
-9.00156755077898
4.452773507782317
14.65435841468429
-6.162530058099199
0.3789447707143525
-10.847352950363945
-11.163812559752994
-8.23838904018375
3.980798334429565
-1.7190399037789914
6.5689751168414
0.6133635313350501
0.32238830444264205
0.7460088909494947
2.83987566144298
0.6457589909046263
3.1724071467822017
9.54815295581805
0.09637778317920119
1.1732583795064468
-0.43778683533653995
-0.6605417893834867
2.2227570585354313
0.6522504799449744
1.6521804212381674
-0.3797688034538535
-0.5620220325032256
0.8037996046726043
0.034602209153140884
2.519441110906428
-1.1040151463925965
0.11565221357563246
3.6036104946861176
1.1729597552730056
3.524482217111572
-7.491975979681864
-0.355882922260933
0.351384935568107
-4.66680276111633
10.218509852979649
9.491441159397219
-30.553208220998073
-18.03928373279583
7.302961141996257
0.08264248389568357
0.8563740516927456
-0.4834065555883788
11.255832146809555
-9.626623641833568
4.808973514601788
-35.76243531082117
23.31359104247377
4.022150391525833
-0.7241944020367798
-1.333759586794117
-8.936147147980337
-2.6643929686382952
5.064107395132314
6.9519096414509
0.8306656362820518
1.5595977383966126
-0.9151224149889363
-0.41984058099696914
-1.628517953112794
-17.980011012923843
-1.1040510275490767
8.036086608744244
2.788757510275748
0.8653499431299134
-0.09349466691365207
-2.239329035443705
-8.911314283971057
-5.5623306749235715
-26.9161984215763
-1.670711630174882
-7.057282747601571
-10.914292550450014
-20.884311225339655
-14.505037542929998
-2.607587026051574
-8.128684356748513
-10.276029139688843
2.392376261732706
-15.687950719082936
0.7816382692186986
-11.01565709776001
-3.5568879665334476
13.777915782117082
3.58849057850215
-4.329897863673687
-22.91407073869389
10.68526240824869
-12.7254565461431
4.163404815454424
6.922446747382457
-25.88416416242275
-4.197447922035155
3.83736700592512
4.755726084237735
8.312255119761655
-1.793186534917719
-0.23469306275472057
