0.2059588622480919
-0.8827804295686456
1.398089677150806
1.2748856907951913
-0.4972042650339997
-0.4007460641217083
1.1396378120979538
-1.0865726551524428
1.06530608463531
0.4414740322443858
-1.0266193255555442
5.265284518748333
-5.83794996835665
-2.8901420491387255
1.4577517229839294
1.569040956097847
-1.2983062097624214
-2.8284966122122377
1.6771000508770897
-5.078383354394088
-7.045565132594267
3.0519734396278597
8.544034077085303
0.012746753425489116
-1.7554787881966623
4.734544335602775
12.03805355564131
-5.452020751599953
-12.989712345958816
-2.6046051483935724
13.516790983869043
-0.5513968881771009
1.4991414209817264
1.288330774688885
-2.473082402108264
-6.422369658579072
3.64709515209928
11.096347591535586
-4.962785604974039
0.05849773151628584
0.7406708424976769
-1.7171550978051937
0.1772820069722757
-2.041905220001811
-5.1699846424478135
-3.032092779617491
-3.4318235134337542
0.5291223852189152
-0.7563595466220235
0.30935242528974377
-1.5921683550985626
-1.4220968986763594
-1.4887717043925868
0.5771044632403479
1.2974937518516485
-0.5842560381125852
-0.03687096113323289
-1.6583383700667627
-1.5182735844481585
-0.8540189961263132
9.724290467426615
-17.06145158490983
2.1102759761699255
3.2887468046972104
-1.3981240965114448
-1.7768269944785777
-1.0654443233852995
-0.5163218269820506
-3.6063517014235864
-2.396433660802335
4.946770547448979
-0.6504972671242046
-0.49399610454320275
-1.1073065240130635
-1.0205928065531884
15.240292512610793
1.475866561403783
14.7797297983041
-3.256664389299356
-8.516787119642617
0.20220002185426544
-0.5919871875135122
-2.985509268985106
13.330460543479159
-9.28790508196169
4.2234451436466
6.315666689414185
-0.048257778877269446
-0.8611218348180765
0.08384649297333767
-2.227993782038121
-1.5908975745354872
-13.209438417634825
-8.157669566058246
-4.463579404490584
-0.051264559768141496
0.4116943141588692
-0.45191687495532995
0.26951435668062584
0.8320082752892918
0.485015987458978
-1.2120153353765557
-1.629630471233548
-0.1947640543385451
0.22599104687710697
0.13447971708626852
1.0118130474780125
-2.773374176217086
6.859124264000325
13.243390872795429
0.07613039761278927
4.302294770959003
10.450130159020818
1.1426794487188296
1.618826061714891
1.4319478190626718
-5.178201623103428
-4.880961502660731
-6.299270534462748
-10.441778972525448
-8.09880221395294
-0.08786311419910114
0.7172476887930043
2.48313779482291
5.959993637848199
1.6153089009467914
-10.53906002838525
-13.354912833442407
1.2881797075154149
1.9543389155629158
-1.439342460784739
-0.7636868841312112
-14.282794943538542
3.8576942897194875
6.51538151787084
10.457092151346872
9.306729453752528
1.1796966989623041
2.317682926068309
1.1293531443151208
0.3677323943102821
-5.722586701990134
4.915645770920696
1.0041391180239638
-0.3488793757003353
1.0761147964319056
-0.506528070051808
2.329693212643419
0.08589437050624862
-0.527124264037512
-0.19072497316422093
-0.247620328820593
0.16473604847307288
0.031334699968918786
-2.1316019921375147
-0.5188804310176253
-0.32337293543019924
5.554340544460761
17.91042523488517
17.159968490869993
4.748064408218807
-3.294237343579472
0.42955941255492724
0.1299889633806419
-1.2389733802851814
-3.5337079865098624
-2.988635662469571
4.253532500842134
4.833103310222773
-5.273276899222223
-0.7027261247327967
-0.6647491554448756
1.6106823813502922
-2.2331780409553668
0.8753610206895188
-2.5144838703700847
-12.968229917573638
7.114048284388984
-0.01349291026418255
-1.1646028858835382
3.033056931992936
-2.241577228551673
2.095472484487879
-3.2443346067056775
10.171525042192394
-1.102076400957077
-0.5378830714976006
0.014591453472704699
0.5281352849456787
-2.869249839788283
-4.091343186705719
5.223964995332968
1.8377864017421865
-2.507225933657487
1.3997915841615416
0.07637584470877155
0.32024503724333125
0.01692429542517949
0.9437557581198719
0.15499332749865613
1.0629231993122024
-1.5513928383474347
-1.4137078531228708
-1.4636531633478342
0.12761374828897873
0.3737207094372131
2.4755245025977306
-2.398875783580415
8.94769496385948
13.081061643821549
10.982772937963961
1.0860550901797443
0.006656256127827136
0.30011165319491423
-7.010409315757023
-1.2268200600891617
-0.5642597639560437
-10.103479299126716
-8.346225330404485
0.009608308792209379
-0.8233510441885751
5.695883889982292
6.7994753537007275
8.014968844716376
-19.753710744745526
-7.143696358931868
-0.5487152708216576
-1.2645433923604865
0.5318401113641563
-3.6028251088257432
-1.8263423281721105
2.6931924445876443
6.593621193275955
5.395721928517247
-2.14436419135808
-0.6927250690129305
-0.4208098961865179
-0.06345136764587117
-0.9798415420133548
-5.5344544199225645
3.229315718800111
-3.964913737515023
0.519452987840247
0.3573332779311448
0.40104882003835196
0.39347749215740774
-1.1372740149341776
2.1985917611025014
-0.2042301653638042
-0.5465800904927915
0.29346979768486503
-0.7269232959616976
-0.8288487908649158
-0.369084224627353
0.6595632302429785
-0.0055081218166032585
-5.336692012909654
-8.744885414943122
-1.7335209862742647
14.83057616779263
0.0995439580072222
-0.27519469727365786
-2.9400459297343953
4.3710769391197895
4.915789340981906
5.558175136657602
-1.268998740523851
-3.7300332109877408
-0.9701052724569565
2.73459942744239
2.418613682757712
-1.218028363569963
8.872653237114491
2.161654681756272
3.053765741214891
-1.0454423432882556
3.921980334099012
-0.467565235849437
1.3345841810143337
17.678024211939952
-3.7480526920369286
-6.747226519149225
-3.8799341823502385
7.346483335189174
-0.28160957259787034
0.05460251933210491
-2.769573489124148
-1.841099892235624
1.639012968962866
-8.306716279305686
-4.573573729498243
0.1780836149293784
0.07401273192146747
-1.1648116171209986
-0.7265917000885448
0.21725235692172706
0.08309273972939026
-1.8764108643542545
-0.1321691137897995
0.688027209617474
-1.7035744011556648
0.25889173259740594
0.21817290260555908
-0.4950704148810273
2.164325020054547
-4.883352663941113
0.3659748324026921
5.640006215068379
-9.086590011002084
-1.1849147159164226
1.5034923916065066
0.3197473981506763
-7.503180759707549
-14.664833905573193
8.33475571110484
-4.484635447576347
-11.206169642726959
-0.3648090948629051
-0.24801736193829974
5.457978026958181
-3.492839623727512
6.962908635482222
-7.589812902440573
-0.8298880981954636
-0.03766108548442055
1.6354591789909225
-1.9885195514795353
-1.0290898093631256
-2.094543573706199
4.767222129147354
4.875799754340306
-4.164119013617411
8.489743055961645
-0.8311886883190626
-1.3184571473541242
0.5967072015011821
0.8197550314927303
-3.5296940033952344
-0.594285817585893
-0.6713635071236534
2.4012357650507585
-1.8328279356167798
-1.0666500705463637
-1.5372671158740367
1.196130255334488
0.12485344604854409
0.325975426698808
-0.2767108086403087
-1.2998851184435973
2.052458270157535
0.05830440551995098
-0.42138038964276586
1.0676049247379327
1.0251880404870026
8.541021861087799
-10.479200755425325
-10.453347434290567
-6.314180880260572
0.1219863376758291
0.5747227943178532
-1.0311487385288323
-16.131597046320163
3.95825310423421
2.107357876360368
-9.430336018261057
-4.532904873839239
-0.7498478936962683
0.17383067837467012
-7.89306433566249
-14.656719527606997
-12.292220575450214
7.040800621796325
12.673613597555931
-7.17706136892131
2.39711202658272
-0.257818997317657
5.224234018706323
5.603458359077785
11.181295182615777
-6.333356451216538
-10.809242293766694
3.030418913185047
1.1378417679767538
1.211770081852768
1.6794923126952892
-1.6591292569712721
4.366704116460288
1.1444469840435072
-3.5155788200277134
-0.9067882503533248
-1.1318975699077285
-0.3403343906995491
1.0580216714798192
0.7102260523930437
1.0337576487855997
2.118517531087393
0.39859789352098496
-0.22719001659777344
0.5859424441252397
-0.31906445294468627
0.37230502417367045
0.9677600440738612
-4.935295880712114
-2.8239541790434566
0.24614333298125485
6.684337108516773
10.48074103281396
1.5569882062522993
1.3082262938536868
5.624857637279699
0.7633677490050659
-1.0296591170208589
-4.2146633889884315
7.2873679212138605
-0.2957960829875972
-0.4732282823962324
1.610937975248271
-1.799350317611345
-10.27664751949818
-7.3526201127938995
-0.315692348007462
-19.69581136000484
-10.135206566157565
-0.17708873374439646
1.0402159480397848
-1.6801715276046645
-0.033636169745365645
-2.388673192267802
2.5497395059113215
-8.070073467882084
-4.798059899078891
-1.054786615801354
0.1594581128493871
-4.187190817027655
-0.14785915571891356
-3.9543484871436307
0.0916182220702595
-2.1786576432842737
5.706773489761775
0.6327899694570899
-0.3713293776768425
-0.31538054091182066
0.8522715062438609
1.1705535135073635
0.014864277898894515
0.5061456119836686
-0.1669019325217632
-0.4774533801926442
0.16002925547334337
1.5391012039978955
-0.7373419474278975
-9.131951929407233
-10.86568449125219
-5.179635594963917
4.579644836234825
-2.6050453347583136
-0.7542029254282526
0.8724463793233593
1.2722086312057224
-4.94603544318565
13.738150810068406
-10.802758633760336
12.02335422512844
-1.849951528589283
-0.7130045567137318
0.29008798692109866
-3.363738485451303
5.2786476994219225
-1.9459376545968727
-2.80568373465759
-2.4002020578011183
-16.080976130203666
0.8643113114584896
-1.3364587228646323
-1.1824277196784778
-1.086841904240176
2.227915853427116
6.689664595234214
-2.9625700669896453
-3.8584072766841593
0.3571716579426858
0.6327158054093927
-4.067614094169152
-0.1864729446021611
1.561242534743268
4.762886748246964
6.7530609287422365
-0.254900069081621
-1.085062530552377
-1.61332240093021
0.7743017064206995
-1.103220925989578
-0.9572557517218856
-0.2532366145242394
2.078850419442008
2.046220677192932
0.3558597823680459
-0.5518002757174341
1.3806506269974408
0.9746281730332971
-7.78350967119862
-12.616970166869583
10.839888618054971
-8.773610325568148
-12.915614128612729
-0.5757501031427406
-0.013305041618598318
1.2282624237596416
0.3839459682709139
-5.4134249386082525
-6.804902746814095
8.210394858815057
-6.949276652006041
2.13977198922988
0.14246813448192006
3.992523715967406
-4.681680559086971
16.41626168865086
3.1469294641001553
-2.585067784044337
-7.319362292610804
-0.2710050355086198
0.35168396076911873
1.4212896717622918
0.997683415547911
-4.471902944644556
-16.008941214268138
-3.7085583972248743
-1.8226098841355542
1.541383273993433
0.4206391904849424
-3.7048527695995452
1.378757599669337
-0.4771092211233658
3.150829618424425
5.368797639808564
2.178079510861
0.26258198752101297
0.4583244419285659
-0.2121124657162679
0.7899121400864432
-0.04169616282023379
0.9914577661845727
-2.182003198911438
0.3089632411393261
-0.6907980102531991
0.3861436635732804
0.7870743228739724
0.5458876066952836
5.877347105777801
-1.6803616384503992
0.8065591716349237
-1.8591460894249463
-1.2345098913271961
-0.6974647467906244
-2.02448996635374
-1.4004651517075997
-13.103760244012662
-16.299797294439507
6.071158221930941
0.03614500060225122
4.6687668724379945
-0.8343315159696092
-2.1466804185221875
1.2625820358806654
-15.514535342978569
-8.076352136109628
-4.788067515652578
7.247912659098544
-5.110768601718352
-0.30563502193801984
-0.20972516284214254
3.9425645546084365
-5.454451936952147
2.95594759725504
11.547625132462723
-5.822746666638217
3.4371588983040646
1.5603220375824876
-0.6111978516453577
2.6380154310710955
-0.47512595093386994
2.383364464593414
4.1680650770359176
-1.0776783653545627
-1.4354399410944936
-1.298836116805193
-0.6081727805796975
-0.8229385727035409
-0.8137668811371307
0.15337057380385832
-0.65464470115143
0.4658571353621885
0.3040758577157617
-1.965027771257012
-0.7899361123304744
0.5996078052005945
0.3340292960462772
-9.407033594950507
-0.06972896773773296
8.332980121251339
-0.9743398330614247
-6.339148431835615
0.3362353873923818
0.11072675420414542
0.1373521697463285
2.026398255198275
18.33938613643151
-2.1987656990355244
-1.0926179433787078
-1.9398442644865437
-1.417694688382731
-0.7275928634355148
-1.274481865640901
9.87518295142874
-11.87265311820399
-6.152545515107783
3.5824033511204596
8.584206906795844
-1.0782223290953223
0.3679732672484085
-0.6802446270557645
-2.614094844155389
1.7808670232792425
8.156714503805249
-5.733871608469193
-10.457060851620968
1.1109879551363624
-1.4237488133234903
-2.3017480502165077
2.85213124055792
1.1257021018767064
7.422277774155452
-1.6229096103808651
-2.2750224356111444
-1.0055905508152236
2.105959056968075
0.028019636461870282
0.12199995983073385
1.0719729763097912
-0.1259573725569634
0.5572108083800641
-2.778959512631151
-0.6697504062045635
0.03747354431991115
0.576707282527787
-0.34363765778288274
-2.0233674334151126
-4.715301675212464
-4.28489366062724
-3.187988792559007
-11.559909818295147
0.054195703381703667
-0.07467058480760588
0.9272700242649665
-2.965525843224077
-6.6489107965359855
9.15264812182744
10.04138074034994
10.044943816718137
-0.38130307987271955
-0.007610456185542048
-3.166750005426034
-9.596794356716856
6.723264295669766
-26.00598924531447
-0.6417580514490818
-5.807340221668327
-0.707293764178069
0.6913632674115953
-0.48745472549091945
-0.01555779430635733
-6.4179392008504506
0.5258166304605368
4.135460696848514
-1.1060822207256211
-0.7566360341742365
-0.23055026402184947
1.797769564925178
1.4062139348782925
-3.120906683355267
-3.604244129994506
0.9021651273186694
-0.7400130522608137
0.6551101661421256
0.27667514225956386
-0.6066981229114199
-1.2434352495698346
-1.1063091335567201
1.2164267654922807
0.7069892829565022
0.48359809149533056
-0.11163111863253078
-0.3646916488186428
0.25800360064739286
1.0369826565243003
1.7166945646290301
-5.600068308373158
-4.888013819767599
4.165174294559977
-13.093560048795862
-0.913201511477715
0.32752368338509036
-2.6551388347300895
-4.02226190429974
-5.193484871770438
3.0426297308728474
-13.272810648244908
-1.651124147645695
0.8901125085942956
0.7717601562728938
0.18174286602348977
-3.968695158171353
-2.8990043432203927
7.513620354659041
-13.804434813559942
-5.09281559606751
-1.0991176329267163
-0.04611729805418891
1.1312425753667108
-2.926442141883177
-3.9483837980661014
-0.4983457839576381
-12.776854081891843
-2.9306006392858066
0.5092524021276934
-0.006513268482852639
-1.6920737485092134
-1.4882857342647875
-7.29587856250184
-10.98983849955572
3.81654224538646
3.8038265504972695
-0.5848963332677747
0.18035518292520736
0.22231379413343605
0.8577011848204451
0.7334671441247325
-0.6405940151899332
-1.2630878077735614
1.2461869953900162
-1.3212778529341953
0.695429917804703
-0.8424069454368083
-0.1286026330268017
7.0256534697965565
4.766110780821104
11.033381401585567
5.2067160172095495
7.918687860641869
-1.9932613309826597
-0.4165688063056024
0.04865052272921895
-10.040282297886698
-14.00199429878524
11.661957223548406
6.317510170978588
-8.188591204417126
-1.111276626093617
0.36023290266455377
3.9312184436593376
-7.015192389139428
3.2250489351107148
-5.959183702525726
-12.74481191049014
-5.9194754060267725
-0.8416914845471971
-0.23481585951742479
-1.787365811054687
-11.316781233446367
-1.6015037070890958
-4.585147028889461
-2.493163623757859
1.378026136529329
-1.7445768821502665
-0.5712006253588174
1.91375840397918
0.052643761885039234
-0.4719552198686791
-0.09603549852536761
0.9750942794249284
-0.8836734160506955
0.17813596533547282
0.2911297516534377
-0.7568737731553296
0.9313506926331026
-0.7978079531407857
0.6891839129985643
-0.9271814622355204
1.154078468903795
0.1838650570457126
-1.7688066784589096
2.4426196608469186
-0.46892374974025613
4.890392133681771
-1.0727675658843314
-0.7744836778499111
-13.093533905550157
-13.932505212478073
0.7884938479392701
0.14207023106470232
-1.6103045110090164
-20.458991919651297
1.9872188198942493
-13.611057866218779
-14.807076890401081
-7.390036558756799
-0.24008634683057717
0.894312483599428
1.697643173325799
4.815801154845383
-1.169945012919892
4.756005844913403
-1.5803631108601237
-3.992146926681625
-1.6944204117285349
-0.3617318954987751
2.288604685245016
11.370849940372784
4.859743717568751
-0.6249104200606944
-2.7955370922418044
3.1118678239117927
-0.27029497409908504
-0.5102412659265849
-1.1506274914607646
-0.7395153516863943
-2.4156612634496284
-5.581932805834408
0.22524623250479794
0.9562246772366347
0.2506557024952902
0.2562444756515857
0.7840447110984731
0.710617122238967
-0.5730242650281742
0.7200418148049348
1.5816590272578404
0.166993018867479
-1.3171046173986927
0.7227198712316153
-0.25517735641890216
0.3922555521826475
2.481668280833898
0.4612975094627397
-3.923643011765933
9.296513070598463
-1.301903627459025
0.1895391246099371
-0.2326465243998724
-10.001834171418201
4.319773910729407
5.827214290618625
4.833436560439922
-20.166400755750416
-4.227103934796361
0.37789070512990147
-0.5832241696471697
-5.910170470507893
0.07912857040251958
-16.512918310776712
-6.415151533665033
-19.666916294785334
-14.43703293823331
-2.380523132764715
-1.69347923280564
-0.9092908172181572
1.7587467946302773
6.402499011158927
14.713697581126642
6.718313003528696
-1.038428972847325
0.30851220791180717
1.4591313530306207
-2.2076664992138944
-1.253744490949116
-2.535027014136261
10.554863234640802
-1.001278957916157
-3.334339976363828
0.8739079136690241
-0.4506465722340217
0.06085729464735223
-0.26482787956250364
-0.2204965456225495
0.8615532673219327
-0.07608399074774894
0.8199615296242108
0.0810183778375333
0.8381240780699134
0.19608522824838343
1.0126319812459692
8.625822568987918
14.956332859980881
12.024936741118799
11.715771733575835
-2.642107505077776
-0.14865772127475552
0.7504640182229608
-4.567826738660273
5.172944097331277
0.5682701474365767
-1.3502275975078257
-11.657198016993732
9.098321334195274
0.9972317350638982
1.0258683278442133
-10.060154340173929
-17.91926481465794
7.3027601616846525
-3.2558847792676766
-4.642758108594295
21.36713125346041
-0.9383254711518992
-0.7711896906751906
3.132827286371001
3.409095280581335
12.105562608097362
8.469999269010598
21.05321872115994
0.4133948357376683
-0.5747832779577042
-0.02036432939749986
1.387438872135061
-0.9479703341315793
-1.8928019254373691
-2.1656841928212067
-8.444668674779633
-1.7893505623562425
0.027147428114029058
-1.7542067784657105
-2.1033667949064854
-0.23833739390056077
-0.5667432552724968
0.5575187463124005
-0.1325800198053784
-0.2486178205037658
-0.7381365207970515
-0.15981693887632897
-1.2989415165556069
0.5232606397347116
-3.903356174498299
0.7643691458178481
-6.912318527737079
-0.8012424902010084
4.245666323803775
0.3266220762307023
0.14540468746619206
-3.150209541573449
-9.369420109081942
-0.03721428049966841
-3.95962902453397
0.7863077879661357
1.9977647366197526
1.4097369024017667
1.7956554283460027
4.627829699278916
11.025257591034178
0.32712249722470355
1.664440908779679
-1.0334732777349442
-3.8319052414779224
-0.41871336357155353
-0.38589656297992875
4.9587746583890215
0.9603465437535709
-3.0223977185526776
-2.2678868284925477
-4.318387543867869
-5.123515832279109
-0.7197964772513761
0.5710972918161833
4.8934336661041575
0.8319773712838114
2.0379005361962013
9.646782275834191
-3.3732244766688764
1.3669297358125931
0.2852876002696293
-0.06248034102824538
-1.2509657121093458
0.45436123863390593
0.3218222283286697
0.366747977525863
-0.7924232195168642
-0.2288898183838597
-0.21257500651089095
1.2178530469192799
0.29584004408980197
0.4548662518160396
8.649008241696867
3.1003170652536727
2.4428488018171683
-2.3053124810087553
10.459108165738684
1.1385020859259345
-1.4084285980343147
-0.47041257556489724
-2.420006990859703
-6.999428763666509
2.5613201747904464
4.902846323119699
4.261533394820386
-0.141817781399058
-0.7326616903575025
0.8429780649941675
2.665388126091736
-7.821120352427541
-5.55421572240984
12.574328287709227
17.721440204605102
-0.7821826631180364
0.05599496120558383
3.8913610525765416
5.161976471190762
-7.94665394239967
-1.1960264734393056
-2.3692575056784015
3.1811638665296624
-0.4250031205906142
-0.09296478757589696
1.4286197824226003
0.7177237760409304
0.4387386473303578
-5.8778677964740655
-3.9075400287553532
1.1836180859448535
1.0722080434460048
1.2722962484353821
1.7589977793338352
-1.3740944984009342
-1.1224157131522015
-0.2929645399789548
-1.6785977802316345
0.036972989220633384
-0.4568597101207188
-0.0034807371806499115
0.7721837892702293
1.229218166951592
9.051731317391384
10.590189616157675
-6.265646206138391
4.900068972238607
1.317024788654106
0.4255536749061489
-0.30872601317621473
-3.297470994142518
3.3594291839976047
-2.0212201346140866
-11.475062728331402
4.147815957987468
1.692606167365699
0.10745716356467701
-0.11962652312178197
7.3724209017701625
3.824438925539834
-23.89421773627497
-2.15746649845114
3.515759143888553
16.286807019739996
-1.2983755297994037
1.3463837365531113
0.7114325573790071
10.10149842976651
4.55218863713658
4.536206311968146
-5.707197216437666
1.7305933977596362
0.16381399716672312
0.7467543719723715
3.6126247533524247
-2.473657473075107
-10.015913366448114
-12.02516718248859
-6.900220702829376
-2.0694262930069365
-1.3722305474006622
-1.4530892199308492
-0.5536401069753226
0.5037917079653993
0.667581557268349
-1.3566736001851527
-0.3024117005819643
2.6140104741930723
1.6935626054618649
0.04883540392501473
-1.1607000482038399
-0.8820781152268702
-6.652872220077468
-5.693955737957304
-13.926618400876768
-10.925147455682946
-11.945325156911087
1.7374560875879157
-0.6124939011544798
-2.8726565563283266
-2.739580277141932
8.381009085514139
-4.405418150582443
1.7033667964700296
6.787104606779602
-0.5043599770705927
1.4671811380048405
-2.156462613919466
-11.781721831382477
-1.144995191753003
4.89627581050049
0.05646940930210896
12.720746736158437
-2.39576529110315
0.11203030407306006
-0.08036304773296174
10.347201612739147
-17.183710013060864
7.580488478807272
-9.87493433801506
-0.18567118640180932
-0.11652578624258678
-0.15761006195565558
0.48171237851749044
-0.9097017211049473
-6.466447508677561
1.626616527817765
2.2711879878372474
0.665510545470563
-0.04605343673637734
0.3258402526420157
-0.7675534903390571
0.369780091057452
-0.20562787897121015
0.8458970202073417
0.44435169525983403
1.3562746464638293
0.2905911526589184
0.8630636375260181
0.5189309688237616
-1.68441499046888
3.557900568839983
2.976502888522356
3.7160795890110774
-1.7734612319752314
2.8939296816359814
0.9573052303370837
0.6563149180053321
-1.0392953211646359
-10.98916692207726
-8.155855942427678
-11.086085691776459
-1.1460263598319016
7.2663673973502405
0.4454212898661703
0.7089632089029078
0.05158994175918162
4.009682879465461
-6.824460760459103
9.305045130042146
2.501088047470745
11.005465144392035
-3.3673822404547753
-0.17082395845912046
-0.40392521721557645
1.3275143299155798
-3.3272563309234213
4.740945805332072
-1.1017674159774418
-2.417633788099844
-1.3465409204080454
0.8904012172125699
-3.003265264705934
-1.0002369629710364
-5.983609489875843
-4.848788970662547
-0.6334618344687213
-1.0843256775087902
-1.477897945416814
-1.3342857478943564
1.57622069122759
0.3790861316185218
-1.492363292536565
-0.15503046636675893
0.4829418225985958
0.4721941645079394
1.8867434376006926
0.13246090788863846
-0.5642684512282453
-0.6954517608209112
0.2617917111180323
5.466445228182818
9.106449307649788
1.955148092619699
6.763972036130464
0.7863498900932412
-0.290542337861434
2.511182619842146
3.5235418625858648
-11.826543789466987
9.092121683726326
9.591045120891977
-4.235888907017458
-0.13613256412533226
-0.5162120940990583
-1.262254023868477
-14.412900258504122
-16.47649062560563
4.092788131473837
-1.9034390473627336
7.952790387376468
-1.021978018811434
2.3772037999212103
-2.2886380628280354
-0.8598095795925171
5.3733837283736
2.8015757011944573
-2.488978997588246
1.7002581447749143
0.23571383273099036
0.9152528268038008
1.408646691919839
-1.375307718523495
-2.766454194963369
-4.378270870615339
0.30627999194092703
-0.8395675085012402
0.4186594390633497
-0.3953028975939236
1.1544810469181557
0.9726013025514244
-0.8736963545498834
-1.5074091756372006
-1.3731574195298204
-0.4661333152760437
0.23152248877682496
0.5241552333697811
-0.9906351298037434
-0.4152227874933723
-3.443331377843157
-3.7732687446176243
-3.569180845446274
0.15192016781886927
2.1725433897168327
2.1483704743075913
-2.4959448599987777
0.7158442396647107
1.6973109713118313
0.626498731026978
-15.426054040670756
14.92438552967148
-2.6660264700531484
-0.3669796328078113
2.3634901639856944
-0.6490261220782665
-1.9047455722385949
12.125604196670771
28.67013779224847
0.30419442220815146
5.376882911842381
4.237148601183609
-0.21382070028648276
-0.31191274073375114
-9.536653641358026
-5.107369841939122
8.683552376454456
-6.049654297560307
-0.3557989827693253
1.1389296184121354
-0.9800706661746198
-2.2523336995384438
-0.9331420332470642
2.644192974777522
-0.7610594065021771
-3.5075301301422757
-0.0668888862750849
0.010922391427859028
-0.06489653269151273
-1.3852755889194723
-0.7480171204496985
-0.3625456649471542
-0.1760771509275938
0.48434890848847423
0.8972696716695684
-1.1163263666823329
0.32385836283625286
-0.08179436344047385
-1.1579704588917505
3.7569745732759934
-16.77777952313162
-5.158856243964417
3.795047399425327
-10.39246173869825
-0.02475821461407391
2.3211863734554656
-4.0967242734096025
-11.125229840372416
0.046831378976142694
-7.581703396010964
2.7082318777187595
0.016278340001750016
0.6983867686526897
0.40936441766467924
-2.0295200158144153
3.9815667714753546
14.355937324657647
-13.969979376918742
7.941907483339304
0.8014501875440238
0.2467622330073906
0.9915649637617789
0.48065475075596853
6.545872232754998
-10.727622834396216
5.053353273691565
-2.902384115969968
-4.303388950593202
1.0400680682900874
-2.851209546453644
1.6571678692708562
0.38066755779816497
1.4097989802257276
-0.6980803604557065
-6.119023488240297
-3.71431513176314
-0.9072063661849789
0.2112757314124313
0.3080404105771434
0.4276717437698113
-0.26047686137658166
0.3195964293157295
0.09752839646939698
-1.2326294930871429
0.7180596681051695
0.3678995334616343
1.5008046071880952
-0.8920587682550186
-5.884831201692784
-0.718658017607514
0.03907397346622379
7.630247126620293
-3.070945972843594
1.9979690217727677
0.9909880035194627
4.005140714886798
7.86918469081143
-1.0278784547491013
-4.409443776472782
-7.567481028172918
-7.507965502677464
1.7362171020106236
-2.282237362734026
2.7137421969433873
1.2947742514964804
-14.00643495138871
5.903257519709127
13.316451023367444
-1.680492299848119
1.5293181641124736
2.0923896966986124
-4.600636824270801
-7.6702341901536455
3.0219968317744095
-7.8600983101536
7.339695019398679
-2.4128613307719915
-0.3700149108670699
-0.35962909380216235
-3.543388083672021
2.4215869613961045
14.007400073230665
-0.6566452272298567
5.444243719400712
0.6386165316894954
-0.766371638787219
-1.849162206207979
-0.9524861680053365
0.6280284807282441
-0.7417136336211383
-0.9641707004510275
-0.5223474682391833
2.9085667738010668
0.44184051753007697
-0.8493420915220585
-0.13082730302444087
0.6636387511097794
6.655397317823412
-9.185198665185569
-18.176220190257943
5.469498108805384
6.508311802597723
0.12325973436386503
-1.050020367904594
1.5474283954781511
-6.930707668533518
-12.469388705268878
-11.086383310973059
2.4099514693790356
5.295093635213791
-1.1607593073285651
0.3440544903298916
3.3963672467341137
4.815248644917301
3.8242248028144425
2.2687256345418607
4.764943021353435
0.5386969325398729
1.6212144336501073
-1.6371072275529845
-2.765562406202486
1.327609718478554
-4.308180282982926
-3.5619624698510908
-0.569694103046091
-2.1357342825820225
-1.733365677436874
1.2107941259172097
1.9184126774052155
1.8780742131231007
-5.355380234542587
3.187398396662947
-8.666300760119073
-1.2094450924542968
0.7516194480671152
-0.18025811671643086
0.2500160793757279
0.6851268993861266
0.8510583853430855
-0.10530308407037227
0.310552024659076
-0.013737502034591039
-0.8058452731929793
1.676702288404618
-0.1252543396262055
-1.0635472533057708
-2.3346126046276945
9.035318312300591
-15.799268781586411
14.799838829359626
14.797733879962781
1.0364873937721242
2.066166132285427
1.707583495934004
11.516127105791123
5.5840269428234315
-1.6531772825669315
-1.4362293908769652
-2.041496986188165
0.29497389118100437
1.1881434097265562
1.5519273491458156
11.625386580862571
-5.47497241223388
-16.557130506530076
1.3860409062547818
-2.112415555345752
0.9011540666150075
-1.1215899536927145
-2.081506905400905
-11.746686879122153
-3.5552976652845625
-10.124092666919658
-6.520017513150058
0.5245310963506137
-0.703322192376233
-0.22785165457946022
-3.11702853959266
-0.18885181286781524
7.055770586009498
7.254157569284188
1.8836248870310817
0.4212117374680057
0.7049480626032939
0.8472638151200641
0.4920094505141104
1.2724478137730042
-0.4359706800640831
-0.5137506181460966
-1.8384584128396755
1.730174309542117
1.88198592997912
-0.38101278011568723
0.5423058683194721
1.2198468593460523
-7.37913263103172
-1.5660350484628227
3.181299084390451
-3.201475560240603
0.20016066315571882
0.4800880994476763
-0.6780305880512186
2.2016206047821627
8.927812315026639
0.19183251981986588
4.172091502877956
-0.8062873761359468
-1.191016353097128
0.5615507266969438
1.2946501285430008
-3.3292297361470635
-13.208679927014563
-4.1879328150082324
4.400985648378003
3.3463516538590556
1.7469618123201307
-1.9717917153513362
0.6725067838756025
-0.6780582764757591
-4.704324919882392
-4.225427000935709
14.089069285069368
7.374335734021487
-2.509585026478639
-1.591985498738432
-1.1722658484239072
-0.7177780179054022
0.23938304078322412
-1.9809367197194243
3.0901064191087535
5.1103983724819955
0.5885340645359332
-0.32190137323657986
-0.30330833794891254
0.46485639843837084
-0.0667333015649848
0.06138411744155818
2.083707407417273
-1.2363166469369786
1.3054403475680671
0.7982156046235063
0.7981806961799393
-1.5038259853635934
0.0438712278511975
-2.474505741700018
-14.334922920210731
-7.37142343712781
1.9436570740140284
2.727823715988108
0.055983161255521906
0.4061916446582223
-8.275321995186268
6.101210035307396
-10.613094325538919
10.39110660961031
8.336200433029456
-0.7578395452393514
-1.2790327986692605
0.4108045116242595
-9.16086654225689
-14.94934212155681
-7.186788766541724
-8.438991969958469
4.193627840843149
2.626544882977295
-0.8539821442931821
-0.6459933844056425
-1.206501084245269
-8.329944043806655
5.762276505379698
-4.935454434381805
4.968419066746098
3.174643534631229
2.3451558576851523
-1.14256971286379
-1.0176568144729978
1.8279083415632411
13.646947647533583
2.2964889156090376
3.715274459615112
-1.9018275937489921
-1.171321585761043
-0.7077865661862349
-3.881535269288223
-12.452036834449418
0.8132776364506221
-5.055378505783007
-5.671451020260594
-12.997893650214603
-2.615192311938538
0.5513179523877255
1.4948152207109142
-8.970377050998767
3.5810580264934204
-2.1246419218842396
-2.7949167516180027
-4.56775166088357
4.917078443161048
0.7238211843964206
7.4223294925706895
5.136242290835658
-3.6600958435143167
-6.440754204407354
-3.680179949721801
-6.879521527582765
-1.2410135571548715
-7.558266326498234
-9.921575514323228
-2.538607733359459
-0.6490914888515698
-3.163840823937661
0.4145875627303943
8.42557182064768
-1.2661195737708943
-10.027233970189247
