-1.0752971481644509
0.7833286660583592
-1.934685454630715
1.5136755291241737
-0.06265999978866746
-0.7236273921632741
1.521808679867488
-0.706507978345604
-1.1508021054281785
2.8033921732508995
-3.388885514081218
-0.7284580541518004
-7.242821000431498
0.27814505636929754
-0.9094966610367158
-0.0791110097914938
1.2574657179955129
1.6040931378118757
-0.6565438165037988
-0.05804755528586241
0.05315356724649246
4.334253745875854
2.70757699428282
0.4587607194161477
-2.035833671336534
-1.045734179857373
4.982737292449081
0.21005047971396315
-4.522547472146608
2.5533660702288943
-5.253907282904807
0.4794415104999896
2.2931622432789656
-2.316728441505745
-4.594702241199061
1.3672412514562573
-3.6517937875218163
-4.9606831303051795
-1.9026431504733916
0.9240038176341767
0.6800335215236873
-1.1448367364153338
-0.34574126125574045
0.3514532441284701
-4.1514452954321115
-3.5156157261516654
0.053609857248395426
0.48490364114404844
-0.15874575596693918
1.1283620067783073
1.8539720442932341
-0.7830795152986502
-0.7592883499074621
-0.647843617646551
0.30941327671287716
-1.4995650506358797
-1.5058857750746943
0.9248885798162496
-1.2228970711545901
0.3754226563998461
-0.6189851362319214
1.2658089823555474
3.801422270850052
1.903158220462974
-0.3810150043204077
-0.7593292649667924
-0.2684028556626837
2.8364605890835515
1.8532479295605613
-8.296705032487534
1.2634387791474258
0.20578924702554305
-0.35319325842192756
0.9791636768140637
-0.455703852454638
-4.728867485015233
0.998528048463494
4.782901598548417
-5.27326847537707
-2.509022052021297
-0.3305118761770436
-1.270831047537413
-0.11628300878249657
-3.053711403453153
1.067133479617647
1.9509809289728195
9.53977581906009
1.1583933686767647
-1.7528752930797387
-0.47135711529138796
-0.11627511094108955
-2.6097691286897375
1.857058881963671
2.9343603638959475
-0.37950608395682733
0.1091810190978514
0.2738889489751253
0.753087928070249
2.1814432813879856
0.5694886671193441
0.2911345493905558
-0.6092869861300823
0.5776027580825915
-1.0898128593195024
0.8144270652036816
-1.1521095850429768
0.23859362320233576
-0.10708263207995168
2.1962518953254424
3.672031232006612
-4.7391166184666105
-3.4268206142298565
-0.07334124929806836
1.0102051144119404
2.15391458343748
-0.3251244526332171
-12.617220170475376
-2.42171058668794
-3.9091079534047783
0.16813525155505038
-4.121684318984784
0.8219628720994939
-0.6644536913344365
1.287301020058778
-4.394234472636524
0.8997200351311128
-2.658488900429971
1.8839531860133794
4.272438830418107
-0.0486694781292454
0.013051422346224638
-0.10288132760545529
-7.067773419179937
-5.100656206104978
7.110978304023176
-0.2120172938315589
4.102725338220803
-1.837200845231419
2.511617532471162
0.3531927637802211
-1.3190720573741492
-1.4289230679075327
-3.259305518423967
-0.7449635019496184
0.11116017545869594
-0.9285996904585854
-0.3370149527895234
-0.8171672844915449
-1.0022165517554593
-0.9807216555983846
0.38617300299260576
-0.874853099102625
-1.5096296026843032
0.27913998302633825
0.0359974028767919
0.2915836155378857
-0.03964098340173459
7.828729342034062
-4.253427333645185
-6.8876002466968
0.2765665657608301
6.1907257490229055
1.240168627082859
-0.17462921069420723
1.102569930884972
7.459673610950668
4.113850806161028
2.6646156695583127
-6.438028815363065
0.14481922257813384
-1.6379133675708961
-1.170638110446298
-2.0230964560821767
-5.00623943662856
-3.595451974437746
0.19887757864361072
-0.5898826772966742
-1.4638955597914383
1.0638762263783788
2.1019530584583808
-1.235674785079773
-0.33139249965584333
3.533073393597344
-2.5626472440281622
-3.4323836860161516
3.929121800669633
0.546013434523108
0.5564615930731949
-1.0801675702055789
-0.7460368472775519
-0.5327479688103902
1.9205182598052266
-0.3685126629010764
0.8261934320883512
0.37742086426815036
-0.5746311624401016
-0.036794545203070635
0.385405688886833
0.026114116331943875
1.1307514183534444
-1.408818455899162
-0.34953865721974625
0.8116740586372886
0.40297168533667754
0.5690868395086498
0.9146723454655797
3.557721804380826
-0.10281424087945232
-2.3869905625893093
-0.8976750807465828
2.821233087151529
-0.6847289928504607
-0.5051628114196959
0.19860882546798722
4.372595579836406
-8.087042083315437
11.96847005978159
0.05272081096246798
-1.039742600099607
-0.7469811299407715
-0.25810526419305246
-0.45978767742158794
1.7082755412057073
-2.891787572308013
-5.618256649565192
-4.29966704343972
4.480612513326366
2.320295036492803
-0.04954649391667125
-0.949515234491001
-1.373200461036861
1.7678532583433835
2.003331597793865
-3.7059046719402167
2.5707653351294675
-0.027486658044221523
-3.40103895292733
0.7694032168162491
-0.016466012657564134
3.8419755037835777
-0.47802321378732127
-0.9678658695345218
-0.3912018023503288
-0.4871703703491253
0.9008737706901684
-1.1379560880096644
-0.25420115345956246
0.8083089008052946
-1.3278453817740525
0.19029852312470613
-1.058405824737756
-0.013410414073579586
1.6484644826091057
0.4942242532522648
0.9175179224261013
0.19657913511109099
-7.791228129412559
-6.176759455924401
1.8882988292629155
-0.023585898588627374
-1.2614992984992028
0.09074458130045245
0.49459426435575266
-0.09931794997455877
-5.986824768038041
-7.12489307271432
8.100351349060057
-1.7599269764439085
0.24419790646020606
1.8740810837287551
-0.9605179091390339
3.971039442708959
-3.2930120151117106
1.373485550222005
5.4001499833747015
0.4367740077320146
0.8201131479498893
-0.8799944092247143
0.19032311709026584
1.4968462240616611
-7.176444647047433
0.8372047824559106
-4.792290372621334
-1.220413088701927
1.926239556252073
-0.6080953163087209
1.3160241052392119
-0.8622860130244313
2.8829719722158296
-3.961315409127218
-1.0336309367685104
0.1781243417468161
-0.8296914946971845
-1.6708726734449584
0.814154336044824
0.049924652404337105
-2.0388115652808
0.5704248304009515
-0.8426250867824195
0.7151541543776994
1.8445827423264396
-1.6384713244975733
-0.38360515795220484
0.08339662298701586
0.8859236727777587
5.169673022592254
1.3743951768917435
1.1645195141474203
2.8738583677044476
0.5199513985153071
0.31620678009894715
-0.5150059494142729
-0.3587671935866524
0.13240318354799863
-0.24269390220910633
2.523293157935681
0.6866746462614552
-1.6739496198239279
-0.9890756201767813
1.2354407532944247
2.0674294539186002
1.8878539529386287
1.6552052352405298
-4.018742753609783
2.719364962164918
-0.8888289345004609
0.8985998747661705
1.530628045206791
0.9439154618888523
-0.6815577055946214
5.932510775903262
-7.450615573414975
2.3967412979522162
0.12442079964856716
-1.074392009649383
0.38924604257909207
-1.0318132681670114
2.824293451574002
0.8282928641703893
-0.6424982736121891
-0.941050175716406
-0.044656694822152496
-2.905243839485123
0.4835597583196844
-0.12850120120561562
0.04741522590502957
0.1841927156329017
-0.1918221475000492
1.740954532489716
-0.09187161426936638
-0.19877667288452364
0.11626683250235818
1.2598989947860153
0.6042095065384807
7.197910009037191
-2.7779226526035403
8.689882154110423
2.7567677411194436
0.10224656554463486
-0.07588942687323871
-0.355275778828423
-4.94528982730311
-5.1104041938515214
4.892206955217487
0.6906324188355704
-1.0814593716998007
-0.49358106261701085
0.8777937719859771
-0.8455429888240291
-10.703913533725627
0.2628502367409298
-2.864986794457307
0.35061786946942936
-6.195447030108293
-0.4316035069159084
0.011395043628817207
3.8293950033210473
-2.7652714978423356
5.753940661872831
-2.7309922067990184
-1.1248673035584578
-2.1601894769230876
1.5520903978679312
-0.32111363197784143
1.3036523081985518
-0.6652553550616127
1.8755234442251938
-0.023266598969633706
-0.598851501588328
1.0039827166613573
-1.8620535129828109
1.27954363239052
0.031397451168062335
0.2514160850712538
0.6910060428851581
1.0009693926638996
0.8647672463978037
-0.8622668339819802
1.0508208565062747
-0.3453657845631393
0.9293156938064969
0.5607364747730209
-5.619768906422646
-4.771996363179427
-5.305640034976684
1.5824025448199108
-0.29449290546814066
-0.5027983581351652
1.2320222332401096
1.3751122216134777
-0.6005063598955834
-4.10936526635062
-5.867476604853927
-4.478716331613122
-3.8838762009487717
-0.7260918396235004
0.6262355131613598
-0.2897273219084825
8.616059401738749
-0.09354478655984083
2.1990725890275744
-8.613724010672597
2.7957457502539795
0.8979570144333796
0.4957619438213419
0.7889194574244706
-2.295695800140061
7.174982332010907
4.335018202362306
6.334750833353162
-3.794518622367477
-0.93402223181764
-0.5277027550694136
-0.7491005061408845
-0.8061012126785205
-1.4923762521173882
-0.4680879523889881
-1.5934426307883158
-0.3422155888030893
-0.38878155138942183
-0.4874877521242053
-0.5851283035879578
-1.9306326877392785
-0.8398419895309698
1.0857650282731062
-1.7192169981405296
-0.46447298109484675
-0.5854305670708634
1.7918275090416556
0.5082168524503478
0.42164827370735697
-0.861200488110994
2.8400085782022177
7.795940954479783
-3.7750236928660477
-1.156138173882489
0.015416376843977548
0.8062501153164475
-0.3886764134058987
-0.8233538486497781
-2.88716670159174
-5.162983760570405
-2.1016907342099374
-0.5864694750542276
-1.8788139019279617
-0.47663063403050115
0.6778107082171025
1.1600756464736661
3.2506550744304494
-2.6477056793278853
-0.14014785104615216
7.578686127492544
0.7097357303352023
0.4446125571008175
3.7196469600292548
6.779102337525079
-1.2225795420416596
-1.301459365974309
5.940981878232849
-0.038526995250326226
0.7540202833240738
0.2913322652822108
-1.830842198990256
-1.235364383412207
-0.2194407709395393
3.0365920616321964
-1.6055473408364256
-1.0569744119867077
0.8321782840293643
-1.9618547725829762
-0.7529893966793102
0.7423199448212694
0.155819205336216
0.6030807864745049
0.3169407318261139
-0.18666332806219765
-0.4754083349333812
0.14093580588737076
-0.1228227744072444
0.7423881298586674
-0.6139398021874231
-2.017563912683767
3.401164262643579
-0.9829113469457047
-2.3056736380395146
1.2510956754766231
-1.0305758568073993
-0.15756057266734202
1.3686615031801248
5.316264747205936
5.955449646791351
-2.6878536957952726
-0.17407809554732495
1.7928318615943304
1.4528033157664102
-1.0942146789207225
-10.441687451477913
3.6445305509439447
-0.8037169240853499
3.941129847107779
-1.193950570269184
0.7631308685571809
1.8978153011813341
-0.8046856877420867
-4.382366360389224
-0.5378032642148797
4.4495470074197225
2.2318403901827883
-1.8128435602721842
1.1558125989620895
0.2923370933474394
-0.34512722741514174
-0.3997360243673344
1.1989342746594585
3.0700624798336613
2.3649081179594504
-1.490320253628195
0.3943392115656998
-0.2649184031095952
0.14571392550730736
-0.8383034270118158
1.0240552192718555
-0.6531752556191464
1.8302112624413742
-0.06714894101062095
0.8061062279252204
0.6953367049938424
1.0887710959229973
-1.2364263090367977
0.7690749840674688
3.3633519177328646
-5.636881816872537
-0.522139264391499
-0.8791738897554767
-0.12344947456134613
0.7533667000051035
-1.5887227871459284
0.3515676499864326
-2.067440174472908
-4.161327905419744
0.7589078422895401
0.5287533772130221
-0.9384277120419423
-0.44415379226650764
-0.677182408519023
3.7077859582390857
0.0736395680141228
-1.1485611897922225
-1.6164537332044893
1.6963158701901722
1.4133834295767551
1.9474049133780065
-0.2504913933984697
1.538757430862267
-1.564441279386392
-1.408311025472378
-0.7652095137513892
0.8790902751672509
0.34161676661431023
1.2134873501368524
1.5821092722638086
0.34884833006508154
0.9215434227655146
-2.1000076492495072
1.1513747482432095
-1.1022834290058265
0.1417970788392917
2.1841024527291246
1.2329736450480029
-1.2125746110152114
-1.7339972327790691
0.12024461196483406
-1.420309880240267
0.17194933779340285
-1.1911060292530333
1.0102920165094968
0.40178691092483154
-1.5813759043734286
4.691752015310161
1.6376297356882414
5.012141973955889
2.741997749027559
-5.074122342402292
0.6099907960024243
-0.3996174854088173
0.060143264915500254
-4.911148782918389
-2.0093999787374357
1.7611368643525163
0.3635345988222128
-2.248160730224626
-0.6442721519022577
1.5365863927849366
1.2336749143208559
7.9149927867126255
-6.761227664911173
-4.714531992196788
7.945004242693807
6.015724015478565
0.3553447350479322
0.6186223582458746
-0.8452542351016021
4.3026725935243855
-2.961535369350764
-4.26367721367703
1.9765668902763023
5.103852201227385
-0.11592153511465744
0.645982147305127
-1.1527116363616814
-0.7201175510119233
0.3653932763742185
-4.189713332739974
-2.3395342572440105
-0.11330998015135935
-0.5083915800191401
-0.241705184310763
0.06883760717990342
-0.7433727110388778
-2.230611804388922
-1.8623788439841313
1.349571326213569
-0.6295526705378767
-0.01896459450224132
-0.7730850736309816
-0.42930193175197484
2.0924846265031967
-4.083187473900558
-5.7467924697956185
2.376991508081698
-8.107097555848918
1.0797742143232234
0.3428553706079057
0.5117055286927276
0.0669148332335268
2.2377833510576712
-2.7586662689560075
-6.65437746458939
0.38706082589774526
3.738195933381624
-0.4932358126712611
0.4701435454821167
0.2848847577693298
3.8817309477319
-9.825644291079522
4.499359489382836
4.954496105913325
1.665921661323124
0.4110457287248622
-0.512973904592866
0.1904191618920544
3.022218354071485
-3.5249730138923097
2.26904016499354
-0.41556274853060754
1.4508203465480782
0.05922675790514003
-0.9843239596220337
-0.05380950999944385
-1.4268308147516493
-2.0528272666957332
1.5482758186728283
1.3875776433604992
1.2260453921423953
1.579305720124373
0.4127471662714042
-0.5996575201116653
-0.644630631072667
0.1736161540741884
0.902838170756412
-1.0091364060535561
1.9543125484869825
-0.2454944669155069
-1.2520563008681733
-1.267523184374945
1.0317375937027813
3.197935264546318
-0.9790701169403786
-5.761037948719623
-3.557436190126997
-2.296182064375763
-0.9944514411095229
1.1515196068049554
1.5539569302712282
-1.6723375308372332
7.690660090855728
-6.345246687382722
0.8924827063800156
-1.0269987699762106
-0.5474538659541868
0.6000107320609197
-1.408909807383987
-2.1487159033970937
-1.722428890298614
5.987607753465199
-4.348407146744396
0.5712777124839791
0.7840981912817433
-0.546908085778355
-1.064176285610358
1.0292764240994383
4.527278526988123
-2.83513388048099
1.7194158121623793
-2.023230832084156
-2.466652260888825
0.3401087254341119
-0.5993338902218082
1.5205259692861823
3.396191623591144
-6.114897303855196
5.153634378758274
-0.06937706275052644
0.23645395781658082
-1.0869624140490708
-0.0879112793496504
0.5988393494047629
0.9403912136692041
-0.4674365307966798
0.5837222200608305
0.5602255390604597
1.1789397225494744
-1.26143270444539
0.04613849062367612
-0.031098487476759584
-2.3206274919808108
-0.7509455293480348
6.426176672563414
1.1229047194733355
-1.8522771758768837
-2.2863020855179745
0.45577799885019893
0.9298925165199614
0.9781819740648657
-0.8012250413292286
-5.171701943506099
-7.3730913197403
1.4059845596593232
0.774946575012418
0.830459285159382
-0.05111900174902913
-1.081760893984096
-2.2915960623633564
4.972836325764
-2.585279613821295
-3.0644586313104787
0.3117707570584795
-0.6282226064589771
-0.8626202900511919
3.6355113954468665
-5.964373980116621
2.6145251155913862
1.0001287435272816
6.383480679965957
0.4293579127977188
-0.17529765077053017
-0.6316962537542513
0.6874008305251617
0.5933970483501725
-2.3898176318328863
0.9585999734300522
0.06599895158149992
0.8804913551014587
-0.18793424436915898
-0.17103447214584477
0.9523473450936651
2.87491007505617
-1.4983410806574031
0.027984830184466656
-2.510597668013732
0.41849997096335445
-0.5255167982981453
-0.37068291039208984
-1.0827696801997524
-2.2197467725717335
0.9700549314986714
-3.4850565268736986
-6.671972423971663
3.4383863910285637
-0.5126516588276161
1.154950946589763
0.038644909107617496
9.502093001557952
5.460098422929756
2.3754949297440007
-2.5623850841343616
1.1328489874657357
1.0095878158492562
-0.0946890212289681
-0.4274284583603233
6.0776332214481545
0.2829224874190584
-1.3727974433705625
1.1935271366524292
-1.022814275220376
-0.6179780144232294
3.0323447445269927
-2.562570005195921
-4.874902103190981
-1.8152766569196672
-3.417417416376327
-3.7627259775459434
-2.068995247874049
2.225926479160668
1.124790275648338
-1.1677112697823173
1.085488258652364
0.9305818473027124
-4.757653492700059
1.6846286607553842
-0.8536458058846715
0.6267072266476255
-0.6614485827874474
-0.6413794619714952
-0.8011251695294289
-0.6437324156016109
-0.15446791235739935
1.23866930437464
-0.9598721645829702
1.6219699885034016
-0.5899003630273906
-0.7732935719202882
-0.6886954725931065
4.2525957240961585
2.3409900727914907
4.137734532299421
-1.395727078551991
-2.254955143376976
-0.6559438428107484
-0.80662125053866
-2.517954126631277
-2.552701434797295
-2.127751606338355
-5.363035398469263
4.3475781176072195
-2.017370253713222
-2.4496838934931238
0.21440356447768086
0.05297429717186453
-3.324653146621058
5.134808784785245
6.610816668643999
2.354269212755223
-0.5174196709038115
0.7906013272056704
-0.9240083782738185
-1.4203220307692548
1.2027524416987874
-6.487781361292158
3.8319223561682496
-4.524048062115183
0.5178404000741842
1.2167982555796713
0.037837062546116774
-0.6508022395206554
-0.2991139254501979
-3.6430656064325353
1.9404134564065776
2.1085736334738114
3.353233251876957
1.2957537519824112
1.6082891691602355
0.1586426224368094
-1.3507754088129558
0.88889685307067
0.12863991949198475
0.23687704191451714
1.7645619645484392
-0.2717394741667299
-0.9961027723394417
2.2990904305978197
-1.8630315677694984
-2.4785411512871582
7.192272073326696
-6.880371864737162
-3.3463389630961684
1.3996693697284082
0.6758739376256012
-0.9500236820413335
-1.9753958362225765
4.380200213428777
-6.789005980819526
-0.9761768532487819
7.421552901980732
-0.35957707912181164
-0.8199754310583153
-1.7093393124298646
0.6654670566095212
0.8918643667221012
1.9078797018301432
-5.80639914820345
0.968131089099033
2.3410891127731213
-0.7302573769955311
0.48981036858244803
2.1465525441967137
1.2829030634940137
-5.493999358466535
0.027321615475161175
3.634272963085317
-0.1220300780681489
0.66719911740777
0.0931469196957045
0.5130201315653923
2.056519968417177
1.5757962935593899
0.008739295220615676
1.0812773081980707
-1.1063199176719227
-1.7357900330939338
-1.1095087009177456
0.5990753460823774
0.14122391695294173
1.2025974013924363
-2.002744050989633
0.5755181223676079
-0.7152018162253584
-0.020528222500886005
1.2368879049330053
-1.4612286883396404
2.4499850005080384
-0.8300065214580916
-6.589829647781783
-4.990673428525207
-0.6524281544421855
-0.3366683133847764
0.3399303370483401
1.1638734687401415
0.7602038540421313
0.08392668223479478
-5.230906576547125
2.4212281855661995
-0.25393522418633235
-5.908123370866383
1.8999914540857488
-0.9369343018617227
1.1236976055819474
2.713834783117227
7.199208044048909
2.4206826528027015
4.923152745460256
-3.9393865538447526
0.10689668370496028
0.5675037369050379
-0.5370821826444241
-9.903684335589608
-6.640068446134326
1.12547094176653
0.9298738605521284
-6.319351582097974
-0.4889340469597122
0.24955136966396352
1.292050116024949
2.005703372633393
2.713217523215861
1.5427048880934422
-3.3487505666931505
0.1725662233104939
-2.3967744357545393
1.010869171744377
-0.4201921627455964
0.3536601340843189
1.075845162501913
-0.9711268682213883
-1.2133858099208243
-1.2687044146585726
0.5135462460219342
-1.734026372016056
-0.8284722834346622
-0.6209926172406037
-1.4567345742063866
1.1378414262470753
-2.9151676364082975
1.9959938020967065
-5.526264557649419
1.5759503886350568
-0.019645203666135317
-1.5756282892720235
-2.9844143663486924
0.46600805700839926
0.8768684653189477
-4.23071543835502
3.735800011969563
1.5805549521952682
1.2765742397910065
0.05961838038627457
-1.7476380532560645
3.2084974739932846
9.98916845882768
3.445789250925358
5.589865926397811
0.7062520474911559
-0.1909415357963703
-2.3988378897732594
12.044221056052056
1.1011856568342322
-1.2725136745883159
-10.349489478008271
-2.4516482138674034
-1.2731521123709126
-1.1806695192358627
0.11756551166632721
-0.06301271782955882
-2.7602622259143264
-3.68635377840186
-2.234928292490806
-0.7612014641553119
0.43196165231516154
-1.136564745391733
0.331555954884782
-1.1289150170958007
-1.3813860122380617
-0.29313959036748544
-0.06800982547527748
-1.5757936259950207
0.5964561547865471
1.7660602945344772
-1.29598556533311
0.9949926067568085
-0.24109359573628436
4.837948217137172
0.4913265369999442
-1.1147212984113575
7.100812180073744
0.47154814968056047
2.0052978227692564
-0.10661981819250788
-0.9081743134124555
5.092643859710544
-6.521037604091242
-5.139654272769068
4.719175338683068
-0.19037620293841492
0.8315320497575583
-1.4224658317314995
3.1613603608596685
1.1269292028216558
-0.8752799399437233
4.4841315513199635
2.611404650169977
-0.19053296058181418
0.49067578891389463
-5.069526348994949
-0.7200476681575154
4.490218225122074
-0.6960659754911702
1.7222785008583241
2.5722538004815827
0.7638566208545492
0.4574272481192369
-0.38945365378056457
0.8561669027592089
-3.0675970073074863
-1.3466521497444965
-2.8475512245315215
1.4952279482452215
-2.0432518453571142
1.483761811788418
-0.6223055135360516
-0.26467992002186175
0.7531619041524407
1.0252967335881435
-2.7446613196351706
-0.4552569299581524
0.6172631827040662
-1.7355745735386434
0.4293926748371746
-0.3104650740370584
1.8729294802751377
0.3499392986967155
-1.0549211047479543
3.6029274826286466
-0.9145201681476846
0.09763717557621161
0.26735490951804974
-1.5604498219199112
1.3278694205151778
1.0019084700283063
-7.541517112947459
1.9285361503805984
0.954888340111043
0.21174893463503178
1.2645922453339578
-2.2248373319989416
5.349794413744774
3.1734384403405254
-4.28394308854319
-4.926862516234255
-3.5818565800372983
0.8678738383123891
0.5947604582036301
-1.876989103684099
-6.635040987204535
0.724263594389742
6.299180424120562
-7.319089121419917
2.002130168004605
1.4046340307594976
0.5330421767448918
0.06817616078983695
-1.0044970041410737
2.05867965793973
-3.468069381244776
2.7464614130132965
-0.4296315749919867
0.20727262987048703
0.5327052562094544
0.7375241969218485
0.6816979401412427
0.4744720551717605
-0.692357134114976
0.7457003092485128
-1.7567796168441183
-0.40428645588466156
-1.1612773497022524
-1.1948525949376132
0.031261101733221726
-6.743103695595781
-5.497614958043847
4.587843646063374
6.217020850525377
4.578085559771493
0.77065462648451
-0.696407274181627
-2.402489503192254
-4.5805030058953555
-1.9393742798413185
3.657831862354744
-1.5805283159193697
-0.9204264279512383
1.0697870955580702
1.077230791322367
-1.6437554452153629
2.6944385548559087
-6.9493839447150325
-2.0773258698890613
-2.9182052582221867
0.5468962436160876
-0.8953156431576319
-0.5408689907740901
-0.1644153978211942
-7.480381891104911
2.423505339525514
2.9361706484487393
0.21258094391504206
2.275672560554215
-0.6616889688332339
1.163046777052705
0.38502360773505456
0.23831141927418276
3.812650912898073
-2.9273024855092125
-0.2814469304872339
-0.0403573428335204
-0.5050784820433922
-0.09791582675766984
-0.22417340463324947
-2.0195577799319704
-1.0898056013398887
-0.08431082343455545
1.3597436020586557
-2.0780331209218423
-0.563476957421271
-0.17234597130802293
0.31766805027841444
-1.0334603403014297
7.028167962907151
-1.265384064119581
-0.9728143650061436
4.108443219435634
0.14207979900550616
0.6485527366671675
0.01604537757500882
-1.2850149516446483
-5.359150426621295
-1.60590664654912
0.468159903139104
-8.277786575418533
-0.04414826603579037
0.09635316896083942
-2.200716874712911
0.3623029626162679
0.051880670051737826
-3.6863947402733475
-2.1025073625461834
-2.1234059324958867
2.377563196117618
-0.6885629105928894
-0.12004782104895542
2.483237036471506
5.022179026515622
2.1707984603212402
-4.498258768920683
0.7526444811492228
5.344782374911442
-0.1843410487793647
-0.9780059435584382
0.8650881924277111
-1.0150322189090177
-0.535457856317585
-0.7529937320368773
0.7601305516198877
-0.7060166947599351
0.06832138049235419
0.8038864434996621
-1.331511765747839
-1.7106698080058131
0.7081482888168433
1.237358031238887
0.5263388391163921
0.7119238742669992
-0.060973240055446236
-0.39907630100455493
-0.34517854190561376
0.415947113251384
-1.23061065093856
-0.2555912844829289
-5.513993683215105
0.08540124406143339
4.609384246418944
0.5669490065377767
0.4748856621142933
2.181993522429743
0.06448088122143245
1.2210314461800438
-5.02190714723242
-10.373811979900081
-0.8698762802462858
0.99381130036695
-1.5771669484454347
-0.9522401714316555
7.549287531339395
0.5667717083499989
-6.4520889816413325
1.109600913670559
-0.45075848811653585
-0.6315922418398082
-0.6442674531171796
-2.9248869034412137
1.9972885232830524
1.4684534812457095
0.41180146869025624
5.002888304239148
2.275828980680517
1.139628081079943
-1.3587726047025646
0.2953274747559376
-1.4020797728987309
1.433634404490052
-2.276749405412034
-3.4589464874642815
-0.08025133325293404
0.3482915422589012
-0.5527928737028056
0.1337874442971672
-0.6898536064069721
0.7413649176994997
0.039955678661026645
-0.5038882805567435
1.2256125591892955
0.5348046064502607
0.29344715752885
-1.71296749849738
-0.7045322668544929
-0.8134694258909406
-2.4369129119014423
4.976207786442709
0.387010350687428
1.5113412251434961
0.5305248251050866
-0.6855109173808567
-0.3132510488593592
1.932562777458054
8.224582517607379
-1.1171615260721943
-2.0279377598035366
-6.771808809267505
1.175685345258988
-1.45431460265831
1.4078052632220472
2.9171824047027597
0.7703159325374151
4.34722826231912
-7.507702236185437
-5.089916880128651
0.1534306458462585
0.8517885191293958
-1.3144144927283925
-4.433157242620308
-0.617267330454599
-9.331499038135227
2.7985054969276657
-3.866805818999985
0.36798166258835147
-0.3963267689801888
-2.013606118127801
1.5442056812313725
-0.9115969956258049
5.767120706531707
4.2333831530884565
0.5296578418045839
1.0051989817367313
-0.4344613803876113
0.24855977111625976
0.6502889034654579
-0.4694777243068113
-0.6908985404796659
0.6223640089534962
0.7210493384017086
2.216454522663564
0.22060621099437333
1.676899190834541
0.7671607339632526
2.835753057955696
0.7229332236702429
3.287130250157565
3.26113821060994
2.0513773082887545
-2.4239645729968227
0.17028000727444823
-0.5114021291754748
-3.10030220980189
0.24309224316426517
3.4157610277054333
-6.72837930148117
2.933400605515867
0.43615629035274356
-0.2559900045156918
0.09702808477241809
3.261921430846201
1.657447526182772
-10.831267785879811
0.4506490610128761
4.000069186891118
0.40149674270609725
-0.6107652366564986
1.5447770236693805
-8.107810924612208
-5.338767367213219
2.8890178553646217
4.6559805841029664
1.524802568301126
-0.21038279142770888
0.7501925266834385
1.3358175899491709
2.137992075346505
3.479570800649999
-2.962011370788965
-0.2056961900176346
1.5751117390885196
2.782343556470063
0.21970678091794607
0.2941503012919639
-0.8197922147572583
0.9909648800978754
-0.8284627370142474
2.41477778529574
1.0624308918150458
1.548806133909911
-0.9083377015657625
-0.4497795384409648
-1.8029797516858603
-2.3750229841283237
-4.891831190160878
-3.159280963960933
4.648640365381761
4.138916112279298
1.2613184955687342
-1.5267700574982845
0.11831479662519997
-6.05805257806614
3.8822124473769675
-0.15023101236391131
-4.4723367461107015
-1.200349226946654
-0.6974889846852665
-0.26074975768707215
-0.5668344540555986
-3.861985390669192
2.5004767881905576
9.821968609891139
-1.9851399201572733
-4.907632303016093
-0.5991387677146304
0.4048018372244228
0.5720449233000992
-5.857161433073888
2.7261952908097897
2.355029267006641
-7.555003546699357
-1.4294085902067408
-0.6081498074180245
0.5622113375510853
-1.4512920144782875
-0.8073572894821731
-2.8077774576382315
-0.7782860655824636
-0.8214614241737608
-1.1999381571014338
0.07258550446961448
-1.1469217876218054
-0.15512726819435313
-1.294570047666915
-0.18628558157164113
0.6008998885893486
1.3264241481340773
-0.5717981900071203
-1.895697776405824
0.7716551814593802
1.2639993923716004
0.22570427354319794
1.1568098095425083
1.2200007824212102
-2.1612313976032635
-3.9462371209216185
3.0815762256172214
-1.376280516022078
-0.6021242648196451
-0.12755332566420352
-4.882569008965361
1.4430394832358457
-2.0538723351905697
-1.1685694998767067
-0.0022237702780468853
-1.3940294430628584
-1.368169790225765
0.5791849423415015
2.097759491450522
-5.411534598833182
2.88117373738918
-4.990793563926017
-1.8409972661495329
1.1356380805184674
1.6579015216087827
-1.5710474183822163
-2.142655777483859
-4.154869008809209
-1.670994011668164
-7.428163732889114
-1.0897002636900877
0.036484606503750946
0.45625131237992045
-0.6099245433502887
0.2841645234304828
-0.43480065553349084
3.4086625797650214
-0.7346889543667922
0.6591492121728032
-0.7202090360989875
-0.09546679028144826
0.8820445036937609
0.1959153626407164
0.26353668429772
-0.15372267308305973
-1.5868055988800482
-1.5206189412253746
-0.38300419808285585
-1.2489255384742097
-0.3394631352434962
0.8409071877314661
-0.8578999112356214
-1.4733140554847763
5.274806737413906
7.994659113157554
7.913597176333603
-1.039193811781211
-0.03731262016982702
-0.28252030971854986
-6.621884606519193
-4.97382841395722
-0.626038653353168
6.578938963429238
1.4261847701411074
-1.2415636433779365
-0.7632373966964023
-1.324007991456598
0.4292363434076072
0.18864927945102417
-0.7098462774863276
6.326045996015341
-5.900631955072257
1.478988969257975
0.24440592805989364
-0.6637060032333991
3.1847481359251084
5.304679236458278
-8.314855889992543
-4.238258959320997
3.2185096407706713
-0.9211117757743813
-0.6517794084691908
-1.0358042695777518
0.6687341301439486
1.4049586709587205
-1.2207827169758703
-0.02744531701733583
0.30592658554760016
1.3364010010443064
-1.1413884952959654
-0.9755510970956524
1.1613120383875764
0.7115538656215655
-1.4124849054746982
0.06182408349004465
-1.1904389185665631
-0.9067097997529092
1.6956237827196847
0.5056329533350802
1.210150854036862
2.376993084623528
0.40552681005124985
5.106698830065981
-0.3516645622011906
8.926798180909241
0.8987765316637495
-0.18750662607156438
2.7165607419541735
-1.7527338413819245
-4.385628855528843
-1.5754568698207023
-0.2247478410322909
-0.971419989043204
1.9187969069489506
-0.7744057518333264
0.7063449022359587
1.349410552578883
6.280834310541323
7.509851312067955
-6.119856761142161
4.991005758251071
-0.9905715720140347
1.3479808316108228
1.3742105345572753
6.854855314099114
8.31666796319572
-5.090620176995865
1.2904647946224619
2.257765740053052
-0.12528166269201219
1.7599845013046325
1.2524426017319117
-0.022886229086076952
-6.689273185613251
-0.8158271422653895
-1.031435789499048
0.8105307572926128
-0.01973874338823684
2.706165729774436
1.2134577587667232
-5.4382337227974045
2.705696099393316
-0.8674657751681935
3.0079477448026988
-1.9726339878926162
0.4337382032508323
4.835480837634794
4.163400577741292
-1.160099078818032
-1.2716957398724094
-3.1439717597401033
3.007792044427027
6.761800354346713
-4.196791246115233
-4.5269222321748135
0.4375528156816096
-1.4659900312405554
0.5313594131867656
6.442571863584389
-5.254489217226808
-2.4644120985079834
-2.054645152157583
1.0337848672461056
3.8798885244291377
3.8762780111870856
-3.3610734390874932
-2.7624670126142172
-3.5891749292258166
2.155993771619337
-2.5762166343679738
2.0696407048731666
