-0.10314923360632107
0.8875807946629851
-0.7759146222285281
0.8643923939026489
0.2353455234194854
0.9438227905221533
0.7526975473485601
-0.23509068510287895
1.169270580674228
-0.717998763543856
0.9845737967932727
1.2110865255768237
0.6463530388568371
0.3052117652111033
-0.628454647113955
1.3458210618057538
-0.9164198098461208
0.4358556843946901
-0.826244189977093
2.0242413159059076
-1.1777493580038847
-1.5788835991108965
1.65542221105903
0.7026565751662023
-1.1367859908790177
-1.7740344352157755
-0.1965570701749004
-0.03363508181612558
-0.3984909079495074
-1.0573693267698077
0.5639254321032422
1.0056719706287591
-2.1536216325207915
-0.6662405643160021
-1.647724410965919
0.5592926678975001
-0.17186302506518858
-0.26591068266048257
0.2465458104834205
0.059731340356275524
1.0533175662956789
-0.5909900827291089
-0.29057548358777274
-0.8839512695721468
0.8986398076307097
0.7504117970523158
1.0423768688561328
0.6056979965605813
-0.502237688773189
0.09460362779375968
0.9856560347293364
-0.4848926790570173
0.8383688457671316
1.8995006468991318
1.1871257062617857
1.7800750397921627
0.9185780031274783
1.56039707799126
0.6740427768175785
-1.5518465665535524
-0.35079195336806995
-0.6370429088389281
-0.741213262400738
-0.3231987447145258
2.32338371783269
-0.3225473469960111
-0.9855561278005169
0.4814613522672803
0.005492629597599098
0.860371896719534
-1.2575251087755317
-1.1873754669055785
-0.4363361938511069
-0.7398129224546123
0.617788288024331
-0.6997490881944314
0.5866546518676853
-0.28932128820497743
-1.9770165153653043
2.2224924779342405
0.36973081117609585
-0.008715080955436846
-1.5119322607205565
-1.2128227266300162
-0.8487978261007814
0.5364655044781105
-0.09901638501684447
0.28707598937422496
0.9016854234216576
-2.4216466946325395
-0.7753361816213292
1.5697972616771816
-0.12304184906701558
1.0889928909101925
0.019068788731143267
-0.12868756454207436
0.8364940572765562
1.2023119129979525
1.1314828541111648
-0.6514825176105533
0.7741365346040593
2.6189008666719613
1.6860599260091351
0.4627397549221355
-0.32415786998906776
1.4839467967585338
1.137424223125382
0.7810275581367456
0.6303440022448817
-0.42179467547484967
1.4072055224859865
0.9976284909061115
0.7885651593888847
0.014353733370271045
-0.5244806781231279
0.8700680731455338
-0.46268288024404336
1.4433165056336303
-0.9096479571543763
-0.8098282719803379
-1.295068684175348
-0.07211058115540768
-0.4810062970611432
-1.7481341033096331
0.06759253419127903
0.515337494089052
-0.9787750772557788
1.126906414167983
0.5470734006302145
-2.4376011056476417
-0.02014206760357746
2.163247374997557
-0.22514522678684973
-1.486615711049141
0.1270582813832853
0.16352325346244362
1.7952133887614203
-1.725601068795147
0.4642894904952956
-0.634855299021993
-1.2419005908389618
0.17955199470254904
0.8513329977000782
-0.2455600888325745
1.9868073305690914
-0.7620324691002703
-0.41672276430157407
1.3261252969623134
-0.015826824540509748
0.7977226352467787
-0.15892225964893436
0.4563222216340871
0.5475771620135765
2.041826587367475
0.9033072379901772
-0.3340296817934107
0.6368364091237027
-0.3959912112393748
-1.51698341852711
-0.14867936887478755
-1.706004784023606
2.05179382645916
0.5685390641363263
1.5535603558712023
0.5481920871495093
-0.5459880568000998
0.6877130959765857
0.16059658791593712
-0.6227523495142521
-0.8189291732284876
-0.7711472381634452
0.7395788332116416
1.850430851090941
0.25389958374641064
1.1701178256545446
0.682296683862808
1.1682471726481671
0.21877568443281675
0.12155011725230551
-0.14106749550324865
0.8420878793019996
0.9547062598267785
-0.30228872592624684
0.3807284911563764
-0.7681424337375727
-0.26985340994809187
0.8621350529799837
1.2325347999988212
1.6662148823706389
-0.8606875270882122
-0.2723456995265059
0.9906351031033244
0.28957551003175475
-0.8603915623875132
-1.5919261415017338
-0.20156581194585366
-0.667666354965849
0.7437405210833572
0.5843013368259589
1.1790831745885089
0.43716989348991986
1.5671200563492202
1.4208704884617587
0.3534479981925398
0.13339498014155873
-0.05049674983709928
0.23054501759222612
-0.3413554750728721
1.2674797542705862
0.8074910880645729
0.5770376657891214
-0.3251442428662573
1.4969956181280186
-1.1153909805868834
1.10551764075567
-1.2993620741882512
1.147714703764655
-0.16665205175373027
-3.3051473709871675
-1.2874714320391671
-0.17163472194839202
-0.06454517285370145
-1.9458091800292445
-0.19107209265032962
-0.9420722201499412
-0.5393155935040042
-1.4224879524878502
1.5563942779435236
-1.6544305049798973
-2.235256812952688
-0.5787321893748407
-1.0074625197702687
0.21506925720521766
-0.38447613764535904
0.6964232048787834
0.010078001540630595
-0.22605210947862758
-0.31836695004332555
0.058298553149106966
-1.1641403254626956
-0.025316051622230735
-2.650526287697938
-0.3493811690607618
-0.4430866848357267
0.3435843986372227
-0.0011218976193262257
-0.5439197077731606
-0.9397410379350023
-1.0837972470868267
0.3254619311976925
0.23459674583338
0.6203719264243387
-0.1466360888533869
1.4555135035670725
-1.055097132051741
-0.10099042957712304
-0.3047621364298565
0.3087692319027176
0.04596755503093088
0.6360766303744334
-0.9411299356789221
-0.1945360485344388
-0.6834255331228543
1.0043957476175112
-1.4708645989271412
-1.4300636005301581
0.013855969156366483
1.4512437061238732
-0.8084116489114584
-0.35308868119269676
-0.6280626249771395
-0.17320007356604783
0.30233115645822145
0.1567715812035439
1.4675722869739651
0.7164088189579579
0.16806902031492055
-0.40759418608841763
-1.0602483742981854
-0.9163348887895683
-0.22939594649239006
-0.6610082431554877
-0.36669685099715554
-0.07752486755172762
0.9545072580059952
-0.6060454469240482
-1.6335010773648293
2.1261221262965835
1.276008692679788
0.5424399033357342
-0.20365673494591782
0.21520145790186446
-0.7058258156722228
0.11855725783709536
-0.8971500192712764
-1.217946184201065
0.42545837001155257
0.6734219427108796
0.854268236706938
-1.110268256401501
-0.5504161144668251
0.40579985541529684
1.3528756617762692
0.7797096683809257
-0.34308237395892766
1.4850489454861744
1.266143106537941
1.6395067730204314
1.6007292562150526
0.19193842248031687
-0.52501002989378
0.8721711871358104
-1.3597856785158051
-0.9944987360019713
-0.12876967490650956
-0.4298023885789979
0.48358086160289016
-1.2949143794413274
2.0792207068205606
0.9293429988164592
1.0699883725163153
1.6429085451394068
-0.7507972503488588
-0.0967667275057112
1.989271553848229
-0.688111081544137
-0.7744805140613071
1.2438022920855372
-0.11039719457418273
0.7888851993815975
0.29390676490147805
-0.5766317852323812
-0.12021158734686774
0.4179293977670685
-0.7306416241085398
1.6864104428293685
0.5518286150509427
-1.2397640538004433
-0.09816277626922378
-1.1356314899035884
-1.5593976423532852
-0.5524354676528483
1.3597860387731322
-1.2990575866210983
1.2405673252849168
-2.3862788963731667
-0.8729010528500722
0.038362473610883095
-0.1550173899466666
-2.226193043553897
-0.6925033446676394
-0.26422721450274217
-1.6044851649628575
-0.6195049002332994
0.1191735459668727
0.19466025094558653
-2.9696378849557927
1.248427794443797
-0.13774961238898376
0.046059270882124775
0.4718763833519627
-1.0783388470896305
-0.16093795964394458
0.6493894096168392
0.6281154642535145
0.6220426570286631
-0.31595430686681947
-0.29722106754605077
-0.4106418363050386
0.73117664534326
-1.2515836503360227
0.8732142819386022
-0.22899105868691422
0.6188727613484094
1.6450211117993707
0.02104558167355391
-0.37203749922910745
0.7096077778198522
-0.42071564209983303
-1.0929262240935167
0.8385029372283688
2.237310719248553
0.24992159900595054
1.1175968177132076
0.26137393729282293
-0.10672851347627035
1.4655306192883422
0.19679094903768146
-0.4902723973520918
-1.8886757101729479
0.8222162471883092
-1.7914957481810139
-0.16930203910662517
-1.0903357146676198
1.7437164066324264
-0.16860634208572628
0.6025510671015953
-0.5781570681413085
-1.7289835776991354
-1.0081062071665698
0.14284842404041465
-0.2820912130778562
1.2060998717866935
-1.540359659029226
-0.5521020379958538
-0.7362232481912908
0.43411105495805535
-0.787758979793811
2.04968597416819
0.28250755277754624
-0.20830019532746763
0.036182390894837074
-0.3867937582748157
-0.10883888501228917
0.35010303090740363
0.8030038772007124
1.502481063540942
-0.564377917082393
0.7037826673905141
0.5035584015930998
-0.6169609853883825
0.37684366237534506
0.40654874487355164
0.5620756276251527
-1.097210031334571
0.3847475901067933
-2.6257148159028336
-0.3593058719712461
-1.8135838539970977
0.6021115105401147
-0.8425484414441615
-0.32908008080738266
0.9622025790321722
0.44516623107706194
0.8294212754547109
1.6524550826913824
-0.22521070977345986
-0.7192891099035054
0.30244714769889147
0.7439479726480223
-0.8534153777895421
-0.13619432895306133
-0.02761891423182314
-0.9677819921744019
-2.4222897281916698
-1.5225578483199793
-1.3931002389819267
-0.7659224578428666
-1.111423770010355
-0.4285496990664868
0.5313919798325595
0.5856475297828229
-1.6405431196690006
0.6239095208125228
-0.8094590717837622
1.0605257054889374
-0.6041681455396913
-1.50598169877407
-1.037367900558447
-0.4521535272664967
-3.841220483765383
0.9209313619109764
0.6185360815281484
3.095451594294676
1.1819514336167336
-0.81397821442312
0.1609751623010685
0.13502719351717118
0.20602910825050333
0.4411701519887732
-0.8726908521610263
0.10805240496414281
-0.6175147104907356
0.8917982441469671
0.40402558136197647
-4.091367140303775
-0.9248012020603268
-0.9481666864577427
-1.9241112239367433
1.1516248001699367
-1.0534458950657288
0.06674347312508618
0.16020922117476127
-0.9858064528974797
-0.9588215406105475
2.230432902730184
0.5444137671797367
1.4872256796838912
-0.37662152282805356
-3.241535532152905
-2.414924572698862
-2.1156666881371757
-1.1445678395458423
1.6340297192694704
2.741534930170045
0.8980394680144493
-0.011512663285901585
0.8087660929530919
0.44128892312934953
-0.03864928799050927
1.861884854676107
4.382950931483336
5.783390166911503
-0.6855682918810729
-0.5326110436657651
-2.1315284530860823
-0.6106553587244857
0.2202566977966167
0.6189592447725156
2.345787562793499
-1.6871068114575116
-2.6433896257080107
-2.0511191716386357
-2.328385661340598
-1.1597798036309819
0.664552118514628
2.6580188853853306
2.6110122588351996
-0.5975376879425178
0.19613600044626714
-0.043527691373149296
0.3920388989244039
1.194176165418208
1.2629148363506442
-0.7509917355047003
-2.1233690168022767
0.25511355253105816
1.6749262659917155
0.14520246961036082
-0.8722559082632891
1.4908956770055966
0.3095052948496202
1.7769907794850521
0.5635848524960853
1.5944660953179546
0.5341644438487831
2.2032331515990435
1.5576718330720747
-0.886565858238349
-0.04358801237509553
1.9117789782271173
-0.48097039008312126
1.037639578115241
1.0281246860613857
-0.0031425446616408794
-2.12305811104875
-0.16918346930393693
-0.19908199285818012
2.159448790441438
-1.6259818997073794
1.332916300833957
1.10154078663189
0.559710832055339
1.3622638890351009
-1.3624226160003674
0.2827758581137454
-2.5804328332533943
-0.27442763056170316
1.181665923762211
1.3200250660164181
0.20292619422879693
-1.2967340173461817
-0.14837181693867094
-1.4475399740258992
-0.7753558581183027
0.5316021277846441
-2.0526335236552917
-1.004241060088819
-0.7393448894320255
0.5522590819343505
-0.19835798180310527
-0.22336588641348604
0.546693355720994
0.3611740236592863
-1.7177043816530975
-2.6198055646299188
-0.948363626328388
0.16009634947981177
-0.23310564497062505
1.0991462236209224
-0.7374773235120917
-0.8359961200710465
-1.759460505657076
0.3623076730411754
0.06654157558295667
-0.6131023003585355
-1.2884014625183409
-0.544964532070895
-0.8905576522521849
0.9010144097188711
0.7280451446371489
-0.3576111997811395
-1.8674987031891779
0.6078973176762049
-0.07502953231578706
1.335117395615021
0.03052422228296566
-0.981953064166901
-0.10583992219523473
-0.8848420818864714
-0.14279053402166367
1.4189077321713315
-0.8533795113813848
-0.9682110612454439
0.038764435173612624
-0.2858454352821406
-0.22505978277622454
1.3209963055551224
-1.112043947470647
-2.301548686564124
-1.259993448975411
-2.0040455738373697
-0.9565502795244848
-1.95545615607232
-0.9797604432177116
-0.2255342825542504
-0.794640024675683
-0.4108207854313403
0.190463981538287
0.28179411180464714
-1.8479994876679484
1.1056642117515443
2.3152105425494978
-1.0854669420510585
1.442945811710087
2.355764475829419
2.9391014837765006
-0.35819124627605026
-0.7178602881819781
1.2882443327256328
0.47156933764178466
-0.3339517715345274
-1.4264916080985683
-1.063347167698887
-0.19310769101770406
-0.5798736217155118
0.14970764324676308
3.552986882736345
2.384220493338472
1.703198174642931
-0.8926046680421251
-1.7058050452576783
1.360318486063941
-0.46980060610322344
0.9428708885914515
0.9566574301548594
0.4003240642461238
0.40238308979337406
-0.9814298519940033
-0.872686947654394
2.523402699963502
2.4675008166895007
2.562843034438695
1.4249112006764455
1.100228170684693
0.22457666725117914
-0.3904828756047762
3.60718442997672
0.457447372238115
2.2701317321236973
3.5398433706511105
0.10614462745739145
0.4591930075018354
-0.5964699623426429
-0.8050873132448761
2.6525844878600537
-1.8344073696063434
-0.05988963962369337
-0.2832830245875675
1.5413213979843248
1.514616662303911
2.2065812310874504
0.7580408926246796
1.2128571690265053
-2.4861123259760043
-2.554133674755443
1.0009781548167702
0.12827181266012214
-1.9753648556219283
-0.0053320707841268515
1.3400762911318134
-1.0653857245109424
-2.8178515078736597
-3.19521562497584
-2.683183098445493
-0.6387392086573231
-2.030003728923525
-2.6316452767940297
-1.1390605886095304
-1.1648100395811727
-1.0282995462433309
-0.8188988537992489
-1.2169859519802522
-0.4843580744982346
-1.9765135353285839
-0.6883129503893047
-2.08732980166069
-1.8807428395055739
-2.359124445560888
-0.7127177861537253
-1.711546089996775
-1.196180566529013
-1.2060017304364208
1.6088190765562327
3.23310811949386
-1.7166373167856044
0.10533098728275359
0.6034890196665793
1.6629208245765343
-0.7863951156715664
2.3107312928550106
0.35218856751702093
-3.164385255924304
-0.4652419560280282
-0.9707920313177008
0.2777994960393578
-0.7484998010882873
0.7936852053364337
-0.156828977597024
0.7907567332948288
-0.42081876091382964
-0.6740545975037071
-0.5314742786829821
1.154021200065487
0.6710762169388339
-0.06374729977947606
1.3957561587982559
-0.5292662119541742
1.4949953007113779
1.9430947671331713
1.5262120730522484
-1.5619579927760283
0.42970053777927597
-0.9239439982557239
1.5448357899058403
1.597897718000686
-0.6372118445163915
-0.5934803385680706
-0.8380546851106606
0.232586825582842
-0.03669722729550886
1.6626087090533896
4.9080493000644445
4.583366766670122
1.9981490656594632
2.2021363155227878
1.1060294265893518
0.6965990054024871
-2.0924142628420332
-0.12350433830198412
-0.688930956879847
-2.504815480732781
-2.3417633904109523
0.5572442584830603
-1.6604188941646512
0.28555125128121794
-1.0045747336516087
-1.2496109432056715
-2.8725804010630274
4.46217025289677
2.265874975702902
5.42793148636818
0.6608086165832302
-0.8130035027210203
-0.4109175587943177
-0.5340822372845413
1.629524703740071
0.5016481414290509
-0.10437129653798165
0.1699271998313622
-0.7868367381746036
-1.0806788940111283
-1.0366394813529372
-0.34008623479736244
-1.7609235850598908
-2.8119995773347966
0.8620495855273358
0.6435443958999136
1.593117937612951
-0.5620307565588019
-0.7902601971612127
-0.5219689925808372
0.4787220339098603
-1.2402739915842842
0.9815978414811343
-1.2774556062174065
-0.0405713476636393
-0.5692925719555558
0.5844858105190452
1.483116459158815
0.3140397654287015
0.3118477834463787
-0.8946689443241014
-1.222777068270219
-1.3376900820287736
0.4812030186369716
-0.18588381727200748
1.1843561775968408
-0.2563561911946269
0.5420878327789435
-0.19803304862480658
-0.17545974554049476
-0.32258591772605666
-0.5373544518799583
0.387810870278736
-1.0854255723223343
1.1246584359965717
1.7895277486365908
3.2846954335886394
-0.07420427718394348
1.2510886469671274
0.898990549411638
-0.7585674701837327
-1.5255075887999106
-0.2373236769256476
0.885226609854528
-0.7844067250712493
-0.2884986322517334
0.3922180496434133
0.35492928213306574
-1.3237141578757965
-1.7489826890918398
-1.168961969183133
-1.0112488526970693
1.419584595452868
0.5589123034786259
1.6391477388447455
-1.5137887128925858
0.20268916150618888
-0.07790922525005894
1.0326023754515317
-0.600583445104761
1.0246307172693925
0.05373772091768897
0.5531446232420117
-1.327199250167385
-1.8915618567760417
-3.1939822117888395
-1.1851664066201424
-1.0214129888812793
0.33875397613379493
1.8197109994064014
0.36246975288635824
1.258338172875938
-0.12618839847333202
-0.6914206812662966
-1.3305097890001945
0.4453313786122546
1.5936204496853617
-0.21161803710288202
2.8862359809686295
0.6489576413049043
-0.06682576344285271
-2.7100236478040847
-0.2722722318399004
-2.4525431889552087
2.564991261875421
-1.2251993821860871
-0.7257463002289931
-0.3955552817019517
-0.8938874833828051
1.338186730936507
-1.8635502017000842
0.693398715270233
0.23318721931879285
3.5778466094398262
0.9436928448293339
-2.7281988423267043
-1.7981926898174254
-1.4104562731768437
-0.5561711356862279
0.34418937646243164
-1.5572077416940657
0.27072052715218803
-0.7370093678918762
0.6670532682387506
0.3810138425499577
2.129326166418267
-0.92641687240241
1.7496212467879757
3.848210926582876
-3.9261598946981575
-2.12083704768937
-0.9808859733220018
-1.8487530929441012
2.1716915661204443
4.853212856156097
0.6416447736357769
-0.32709325072443324
1.2076426638799564
1.6736996598388008
-3.0357582466151265
2.6376878631809912
-0.6681879931453337
0.00399494691767859
-0.6174255512570488
-2.9931083255852404
-1.9191283873260507
0.8285551318932469
0.1867408792344359
4.214737865760922
2.6510172003735275
0.7123390317493581
0.07886551139752807
0.2605242593274955
0.7936213105059792
-0.4661398593671123
-1.7267634291885643
-0.39690326255963215
-2.259252413825151
1.4464957272945906
0.5623460829463185
-2.7649748115897332
-1.5325382977164719
2.0641281523031214
3.179936634709012
2.4694513651710865
0.17800150887672975
-0.22443736741369502
-0.3442188880098111
1.9218217972378107
-0.7583256134902097
-1.4362822063020297
0.04447716519714418
3.651426214126765
1.3986909155238527
0.6504018547147193
1.2051457348999117
2.124924334058955
-0.8300726027963178
0.049956825240631435
-2.228525944854196
-0.5106538546356599
0.8548249192928127
-0.7503732284119339
-0.028812016016984573
-2.387231392042568
0.2587033247677119
-0.10649937499534819
-2.018980812272596
1.5463278063410255
0.987509612578234
1.8928507530539733
1.5523439830360641
-0.5759316836675931
0.16097519598396146
-0.2772073757783032
-0.1430864728584596
-1.4528991262272777
-0.3302539760188074
-0.45928795831805763
1.3493540085779143
-0.7804090753860516
-0.7740862423340295
-0.4467668938537738
2.3424696971638954
-0.26975339463855424
0.5249193209837245
0.34179649778973675
-0.006383305767972927
-1.2842900216834108
-0.26805699667996785
-0.5656547442417638
-0.06518023041185858
1.6683976990505893
0.2699802173672106
1.195671800976531
-0.6546209929628951
1.4484583296737568
1.5053324523074092
2.7744836094542493
-0.8996881968794002
0.17124104915550867
-1.0147913002570081
0.5366371938270815
-0.5785769549581835
0.6035288078246424
0.5292878750093494
-0.4083019717961052
-0.09729923906762555
-1.5459941273856348
1.5196310478176769
1.2059656102503826
-0.8339048362007015
-0.013116794735307658
-1.0132452975330888
0.43344027614297853
0.6563176530690886
-0.9516613751696039
0.051333274792353924
0.1579682685830719
-0.5535997336948133
0.7013320069372535
-1.6954519409599569
0.1125875085654022
-0.7699366501404465
-1.7870862844740358
-0.14158595712822442
0.11603942108721058
-0.6899442943242483
-0.9945070287882246
-2.4559393935590097
-2.682637945871162
-3.433537378127086
-1.7268401090135022
-1.1503693171740246
-1.6811736063340292
1.0348535929578464
-1.280986358201373
0.41107747820886087
0.6010905207473625
0.8928865772433923
-0.023297027628543153
-0.15329142059702677
0.8780728186864465
0.30254239523516807
0.6555015153053186
-0.77279909335039
-0.9313356875032517
0.1889765711108349
-0.26689358828228377
-1.0664931114420144
1.3189809304336655
0.05374146482972757
1.559423462218275
2.1474036787857957
-0.8795792718404416
0.9599849363830193
-2.318762482260298
-0.7316991456607953
0.1987366245082117
0.4416240647761761
-0.5046881614304791
1.4917072558923226
0.2869218196920476
1.4905528079328123
1.754377492401156
1.6400886431372053
0.404718880632155
-0.39963766137029355
1.1303061576011864
1.5030504370377968
-1.4336488168706358
-1.6238365598963838
-0.0672072476247952
1.1544419170724356
1.145489977146711
-2.284179173850419
-0.24201205425436947
1.9515296495189223
0.6286043633329069
0.7927210253962013
5.490026086008633
0.592486422559021
-0.8261144475703774
0.7312299892817249
1.2462458370184535
-1.949604868892717
0.4903063876973879
1.0753669738597578
0.558234159944936
3.6569880979037803
-5.1177533772793415
-2.6704466058747123
-0.13725222653133215
-2.655114521237263
-1.0090838576581211
0.07720422773431242
1.2147727905065098
0.3352702909836811
0.12479444889498179
0.3717337411974273
0.3474613084201209
-1.042783104781104
1.5338611284787769
0.03054516148717246
5.691798646709005
0.6601575682135858
-0.9050362644872216
0.003194627791904858
-0.08985708845542781
-1.2969202014608885
-0.5431992335613272
-0.7249403820334633
0.2672784093290874
-0.3082895952972575
-1.4301232472009824
0.3053762580145834
2.2711423179016883
4.126051856793635
3.843869058919393
2.054646784478447
-0.5803718625133878
0.46931792917151754
1.0539717629057417
-1.1660244976828307
-1.1171541531792912
1.4741758683051969
0.023788074602958512
0.356996433284424
-0.509101181463739
0.1935116440066284
-0.8036611741752846
1.5727985315945276
0.5410085983251421
-0.04076745340907698
-0.9113087111954923
-2.3186739881598055
-0.2277088243867118
1.0201076753037264
-0.8283118082340863
-1.0891877378407275
1.3577328357865233
0.18263660168338186
-1.1516774521132889
0.05888667605000213
-1.060383978493411
0.18315634583902254
2.2981635794299655
1.5021570513161948
-0.9490622265864215
-0.6886561581810275
-2.827013067352085
-0.7521502862358139
0.1760379538203569
0.3871259840931428
-0.05697566742729455
0.2529446501929083
1.6548729904940427
-0.9784642479594716
-0.21798005693707034
0.13209591358730385
-0.36611776625610726
0.3492901419524427
-1.9201182468100189
-0.41836719641916176
1.6494727142609884
-0.6110191710608671
0.16610648676130524
-0.22918584453066873
0.3550348942369335
0.7244491388804787
-0.8084785395039493
0.7373156268113552
-0.8976440706016802
-0.31586739061669844
-1.4923748204567002
1.4192187113919728
-0.17489533808833485
-1.6274046405468818
-0.2637876468134929
-1.1068552470164075
0.28110438713231106
-0.7352331333063548
0.9964968973081928
1.238061543117963
-1.1049305720979097
0.571229505684759
-0.5978832984458682
-1.5219534373083268
0.19947509454098528
-0.5677622812378322
-0.9249244122005371
0.4412029240743954
-1.95022164158327
-0.7524956205950261
0.7354232976172437
-1.350959207132227
-0.7900909813959974
-0.5548950807525628
-0.28582902136209243
-0.6095544628194225
-1.3360370642144783
0.582569068813179
0.7450481415521111
0.17198156058478853
-0.2239746492866036
0.8510951692863727
1.289353190089622
-0.4709657340168008
-0.9398158222942335
1.6781061523202143
0.8548575156714913
0.5532522108683958
1.1139513792467315
0.894268958857362
1.4022850014885964
-0.4775127899033565
1.537066616447921
-0.044413956488929165
-0.35309026322147025
0.3321747827855716
0.7669586790225994
-1.2556847668466178
-1.4805454319817404
-0.23658368407894068
1.307068489628246
0.7767137844474653
0.442885943388528
1.5982384398746836
-1.0987036099667602
-0.6259952247314471
1.0591088467043224
0.32888509984675157
3.057980234711613
1.1569785477105707
-0.18332189503295138
0.11885087611289531
-0.5951003829172625
0.43479486405546286
1.5605816592811868
1.3750406654852398
0.8867741040922986
-1.5248856909116706
-0.5083504553842664
-0.6493087337147764
0.6706400255572996
-2.1594370518866186
1.1506768616015166
-0.06787563714364717
1.0974293030145765
-0.5878656811448958
1.4049866282561263
0.44221489921375384
2.198794672662136
1.658654229580437
1.659681710183558
-0.08967469568396035
-1.336089123219299
0.06065280540176722
0.4603705992231319
1.9999078687262286
1.5969074075620355
-2.7217454465413757
0.5248737471978595
2.035053421275221
-1.2505888339626785
1.107610885868701
-0.46343522123700986
0.23339684354568896
1.6689323651759664
-0.6290007663080355
0.8033247062748083
-1.0654095149774825
1.3120584579322394
0.27640554888179264
-0.8317769575324768
-2.2136225399163862
-1.0100669379237652
-0.20022208784614393
-0.14600135795888958
0.4377324009598344
2.191917024592355
1.5761042560177592
-0.30786129714794136
-1.62232100454201
-0.501636895951432
-0.41847680983253305
0.6321444506942169
-0.1673658896411142
-2.5481445480598106
-1.796652114427128
-2.1391281280931027
0.7413716685437174
0.09016423505715834
1.9259270840815303
0.1721240243542067
0.6886865268802009
1.5253948763640868
1.4882478975409767
1.805628364341295
-0.9777320206099752
-2.350512100927662
-0.6363884660311536
0.15889457319587716
0.9372509012911707
0.5831504214195206
0.6053288748736287
-0.751222582004771
-1.3770239285914294
-0.06964823690829543
1.0031209690417082
-0.9741740387257908
-0.7985777180425592
0.94502607552789
0.09700949369863476
1.1125142568417508
0.5749880678897505
-1.8090473515264773
-0.3020485277183052
0.24337083859986566
-1.177531467109054
0.5587058744708896
0.7234106792397482
0.2687903116953135
1.1135338511102622
-0.44539047779070545
2.4403610897779306
-0.42120312800055887
0.2417871375209003
-0.3918493583719281
-3.6014705413438124
-0.5790314332141302
-1.5420167123464288
0.42687385433095226
1.5735380884718513
1.3345766731590696
1.5248159576522395
1.7341791853038202
-1.1821733123015823
3.149386281603045
0.4680347331693376
1.4437265105173474
1.9817060406863611
2.2284273630451548
-1.1119181374083769
-1.9964468033316674
0.3479677498012838
-0.5610201769181699
1.3327301550013613
-1.9825962721827923
-1.1329521846838781
2.4437013776256196
-0.14760369606573362
1.1528300957584734
1.3570314904360061
-0.11990872446859023
1.492917853997069
1.35852409561103
0.029085032663891033
0.35586852376980566
0.8132901839104205
0.5578925780192235
-1.5586521243238645
-0.8891635850059109
1.0348038289489583
1.0357569434215346
2.374139974010684
1.8492769774106894
-0.5812894770483049
-1.0320591138885469
0.4523927065746172
0.5985891865524328
1.330650516825363
-0.005122304797612391
1.448250538585377
-0.6778972498433299
-2.0492183050410495
-3.2186932035411098
-1.9671716587177646
-1.7572515342383814
1.33227112425391
0.5625226960296736
0.8721681130079983
-0.10972044387200051
1.3899860483629491
-0.7457192551494553
2.8736737657073124
1.0317968399632287
0.5267290584010381
-0.6496474159944462
1.75743907345267
1.3180813421614148
1.7469894275337126
1.8155465828268298
3.481436725743183
1.4958282896449175
0.727343446516738
-0.5878768140599004
0.650744741345271
0.3974865368211778
-1.0048150890569119
0.02226968875148671
-1.3941558362915514
0.42646229571949046
0.8134943631063326
-1.0974109426362728
-0.4006016724450343
0.9337032231014711
-0.8306867582015519
0.5473608124246895
0.5840287676904278
0.936172794476917
-1.2455047424394834
-0.300096573267547
-0.09802770679113416
-1.6913075378455058
0.9866864279516877
0.030220160726130138
1.2510683358984613
0.14180532030076987
0.22618449847131641
-0.7067205967123709
0.22681123541693993
0.7284367692278736
0.6712171067798754
0.7431273088724523
-0.6048756616258439
0.5223354993354172
1.213834076685084
0.07881093077009889
1.0632776642843231
1.3431150999004855
-0.2946701776240708
0.3763531089652112
0.6803594698449779
-1.1320447879616347
2.0279995002289715
-0.8361442221703032
1.0087897109953459
0.9478617605524751
-0.6608193519527504
0.6631853515394497
0.6236751448090025
0.027616453233586104
1.7620170331394962
0.07237039717656803
-0.5385119156698658
0.5775108409182769
-1.3421535240149811
0.32943440338615526
-0.9139561281937189
-1.2581965027711988
-0.7759148688153484
0.7993367248409599
-4.534779921763303
-1.7673846314479527
-1.067031411469734
0.6819722672016435
-0.5199111458778275
1.2064264439421781
-0.2902235433855852
0.11882290877910436
-0.5970503064739322
-1.6608731814845359
0.2448403850435476
-0.21902392961276806
0.37522008628173026
-0.6391953820619491
-1.8401683613455544
-0.22117894435122232
-1.2383877565937231
-2.73743225587944
-0.25219879995707484
-3.031786794264258
-0.5077538340730294
0.6011759331091476
-1.6378760171223965
1.1576741835754534
-0.37795951378580755
1.5604358099646745
-1.023367642175404
-0.6657365172681043
-0.29835875871852674
-1.295981839152149
-0.418455255928823
-1.4958484405908472
-1.1338776708418907
2.02632374227441
2.099548125577274
-0.6651141184171824
1.1392896328995377
0.7718600287634015
-2.0254235073076736
-1.0797299998045358
-1.3342713029787021
-1.5353510787457794
0.28452989350429825
0.13514576165675582
2.3531174919324616
1.2286950109579622
2.4820097562577055
0.1303388170747599
1.13481506639003
1.338951175456163
0.38018114759954696
-0.010912500137290298
-1.0333980251993482
-0.9632274531673138
-0.0026215630860963656
0.7850061055786379
-0.3221676534435438
-1.9383487046711463
0.47278990938767385
4.688675753668985
3.514401905619211
1.0153350937001417
-1.6653058580123108
-2.8116641581807276
0.6539589350859039
-0.8413480952044738
0.199429937524855
-0.8586096664342276
-0.548378863936431
-1.10992657057965
1.9622080087837523
2.027406614037617
4.924775568099624
5.115126690507873
1.8355482718500025
1.0311827230516313
-2.5379282778379224
-1.2253385428460235
0.5513102457586013
0.5095117599103846
0.8687519717597235
-0.1478999600526104
0.056198829364341604
-1.2993691997403933
-2.330709709638146
-1.4696533932465536
-4.923760545013149
3.0781030194304813
3.429041287829249
1.8038506231384548
2.692863258714723
0.7145355871473873
1.7779059585268144
-0.49589693431453924
2.867746470343374
1.0253088627959546
-0.5689442567574104
-0.817945922085883
-2.654264972472009
-0.0075809762376623496
-1.7648098055868002
0.14980905641234404
0.15811132168142394
-1.721622782197956
-2.9822947764214742
-0.5466061423928933
-0.04851481231457538
0.5562950947023113
0.5257212926863087
0.38735636982270655
-0.6726006779529373
0.9218458671863871
-1.6642291308878863
-0.2698774953730312
-1.140338026188898
-0.011698057516226384
-0.22918186120176245
-1.4623874463381707
-0.45495684222618044
-0.7571444238167959
-1.1367232306471904
0.5637385001750838
0.34052084718314757
-0.21222641665924583
-0.21438375470006685
0.46209973475241495
-1.7844996113313571
-1.1488441204051545
-0.17187511858268156
-0.36423775602728514
0.49189771201802174
-0.3547182433284151
-0.6549958033664827
-2.2654497901643027
1.4364892287722122
-0.8124549568372748
-0.20731089322001472
-1.0632582008233717
-0.46169175683909
-1.1267422717908642
-0.6928715562324285
-0.15158067642424228
0.3075148672274617
-0.7041420383108058
-2.0708121906859818
-0.11158782691416558
1.6584282818426117
0.879352186090199
0.29965512363117985
0.2926509024425754
-1.8721129075637388
-0.6379631275585411
0.13829013026746637
1.156556816398377
-0.7699772181460866
1.3760884205828616
1.2715390269581721
-2.774146367049723
-0.5613666966312478
0.21732899067612754
-1.5005964034537271
-0.5375295774828809
1.6922447895985977
1.0531322781559713
-0.2373860853620282
0.8129273001145427
0.9511150944340738
0.044210383551546904
-2.146798684224604
1.3701320260482572
-1.0659864274886761
-1.9674297537874013
0.5677530935822814
-3.2253189892257375
0.2767203538296466
-0.1452903218396109
-0.4038534849656098
-0.8083305171436714
-1.695214786496504
-1.2367957999006927
-0.12849351146257282
-0.0683923116980298
-0.3323923978840442
-0.5274815543884915
-1.338496861042886
0.9209788493732012
1.7961294410270388
2.4484225701475397
0.060647449628317814
0.29338311051691895
1.5947570108070352
-1.5603942396701946
-2.2971491409001707
-1.7812654231941791
-1.091554059111233
-0.1093014704108135
-2.2364493464871447
-0.6092215102300228
-0.19442151716221348
-0.6248740547883009
-1.0087264490077372
0.22480543570758488
0.20312542827042834
-0.8766486193895524
-0.3349030583929202
0.19160230349218324
-0.33074436824390346
-0.8876655894853056
-0.7677952716416968
-1.1319724741188186
-1.0043122526154493
0.14380677061604094
1.3306049429490472
-0.08372489532403285
-1.9088356946533467
-0.18022138975998853
-0.03660061063531645
-0.535678912232409
-0.2302495411941563
-0.5382997313948413
-1.4042979975701164
-1.4525409139792216
-0.268502641728766
-0.22506470042189514
0.36717055060837395
-0.16547698407665667
-0.012577938997620807
-0.19183095963509011
-0.8302791339891606
-1.8193325280662722
0.8463119442793222
-0.49378369346359346
-0.6943949817315699
1.1185827160604904
0.401714016420531
-0.31724519962497383
-0.4427535335018336
-0.6138694250733053
-0.5105837659447787
-0.554017024515007
-0.4328479736246456
0.9433318751114617
0.6221859060770915
0.6261751148221945
-1.2654107788134732
-1.7967229518076588
-1.516278760736243
-0.7636778731343478
-0.4890382086889478
1.4652491650794588
-0.12016585105014585
-0.8693682971384048
0.8577707139308408
-0.6789601664014402
-0.9087169766484763
0.36867370611295774
0.37499999982377324
0.8145267857971579
-0.6187743032794409
-0.5983858406826822
-0.6427562333798766
-0.7598049225326194
-0.07764409155152105
0.9714301675647411
-0.5722989076049452
-1.7186541719019175
0.7739140672863256
0.8569157956462267
-0.4810541624343379
-0.7470454643310441
-0.29208457100119756
-0.11440366337338716
-1.0351149133128992
0.8361354977620752
1.272175688942032
-0.1512351392894297
0.31311011147284173
0.5906242600339244
-1.6114830005133196
-0.04535808364736329
-0.6059880996245449
0.8631607544910592
-2.001602175400038
-0.8961429276462559
-0.5204798930524336
-1.2484755137061527
0.13342598822841537
0.3923388836909233
1.086654186673031
-0.42486682701405126
0.8178494854333415
-0.3634873521202205
-1.0191952625898897
-0.06111706199061096
1.6095431197527357
1.1468178262273487
-2.58793607600628
-1.700953078803134
-0.6278013350084681
-0.06860253304957704
-0.015031776925778732
0.17486955983617258
0.43436493750837657
-0.8297393818763535
0.570919395990907
-0.12609765549801683
-0.40652507748702543
0.7808257099166067
0.7943542491002378
-0.5878259562633801
1.00359450804586
-1.4882341774862422
0.3723398763969848
-1.5213010992537812
-0.3462328786113898
-0.8382248546446449
0.3374361102094367
0.8428338072424837
0.18576296400392897
-0.023810633204618528
0.20299339969852292
0.2232213231101961
-1.2118595473426355
2.186975512327585
1.858176334771032
-2.306289936224729
-0.18338232040678756
-0.5089328195352021
0.3239152890798949
-0.2371213184844227
0.5501597003260921
0.694220024682476
-0.26255006575587947
-1.6330314409632731
0.8654603889025826
0.577657432501057
0.18711110955841714
-1.5746144329261091
1.8579049512672283
0.019178016234566282
0.34001862177377085
-0.6672797518454902
-0.8858646672573512
1.7284753290241646
-0.5825657675903032
-2.325879480576123
1.829116510964514
0.8513218113275886
-1.2758690813050946
-1.471837096385239
0.7230853307553146
0.3620519437883921
0.3540177418020114
-2.7644519025348324
-1.7891860878375943
-0.42422614919868784
0.9024892939511909
1.047599970203253
2.0608512554867167
0.1504473434103088
-1.3687264974837652
0.2576258015972742
1.1360179869902247
0.2777568769786424
1.0178161337834641
0.09045608753232239
0.6521347253914824
2.337947096908817
-2.465540246077469
0.07274660109111725
0.619621796401716
-1.495402459661283
0.28180381957342293
0.6997794559093438
0.46344634114704597
0.9852250883543924
0.5515856199576666
-2.2384342374402255
-2.302558047994673
-1.7909182746271401
0.7092231371686568
0.3548778030472624
0.1433610418073191
-0.4156208026595172
1.7910191172304224
-1.8939584017451654
-1.2930052359688755
-0.6045102853751488
2.08474689720061
-0.7416170463503602
-0.23016960660574962
1.160305568501722
-1.3495691636930849
-2.040469027903462
-1.94853137157579
0.18397398343016194
-0.1269296176226294
-1.1362604215206804
-0.4609819096570077
0.7723756031654384
-1.967318278246414
2.894737871112147
-0.07222180163001131
0.25433714199611035
0.6419382510814642
-0.8774763124923021
-0.7814275317731945
1.0575732585405508
2.209874476893379
-1.671378406814512
-0.3244729113190643
1.0329949897545163
-1.4384445217481627
-0.5500643913713464
0.18201481568158254
0.7717132591608254
-1.0081836675466374
-1.008177023999999
0.5712031881094904
0.4227908937572275
2.2752410701220027
2.5795331929811938
-1.680495147825284
0.9545050236465563
1.495834172952206
-1.1015771174524083
-1.8575287286291207
0.3220799326956036
0.4375168132997417
-0.5092042949001149
-0.0665584674484627
0.3135130120525851
1.296756252982472
-0.04890527913055411
2.2377400696996195
-0.9325842673081826
0.12143344004062397
-1.0622292134131253
1.4763770178478985
-0.7364788801683844
0.16302779916944393
0.3849759922652801
2.2957646254229633
1.7642553125134055
1.8485589367896178
-0.5803324500243446
0.7479064681756186
1.3971403579520592
-0.5419025593129825
-3.850250385425537
-1.4551559628169173
0.24471392971926054
0.19346513108224417
0.26446371454956147
1.354213128534674
1.2112848530942462
1.2580834360166644
-0.2147902855145659
-0.20971928857338215
-0.012040878724098814
-0.7420183993655743
1.59963337766011
0.48695089444700196
0.21173536139675822
-0.9526033412492813
0.8828371433716595
-0.4578761303060926
1.1414495285319226
-0.7183359427751441
-0.4513077749703176
-0.0747434816468406
-1.6622466364497885
-0.03998075678217334
1.994391008630512
0.26472138368992715
-1.5437964704177312
-0.31927981024753943
0.4072134387863876
0.4317180582693049
-0.9358968852364946
1.3293466974508117
-0.5346925520668442
-0.13177782027773444
-0.6339242737405492
0.21860442632405097
-1.4631013893678386
-1.3059832575879164
-0.14442002607838056
-0.6104124561541396
1.414893388028769
0.5040775697712998
-0.2571301245444581
1.2232090355780274
-0.1430933068390528
-1.0423345127059271
-0.8893663409886651
-1.3123512713972498
-0.1770429778919845
-0.719434642157138
-1.003876353199136
0.019797077699912333
0.09368649598909584
1.7000580739636473
1.0630115904334219
-1.1991758829310777
-0.33385797517968174
0.7219619239563408
0.19501016868262702
-1.1341991501443032
0.8690924389915051
1.5251200361227673
-3.4618585459168054
0.3654474787066191
-0.9166680380979859
-0.020855096492730308
-1.2680777822382878
-1.545912169938525
-1.5342863095174308
1.9132096769268425
0.12153627792521937
-1.4407967609562482
-0.43591467338072554
-0.19892478231191463
-0.5465150898333127
0.5963535249114759
0.1761968633477263
-0.0021605201824106603
0.2359932833628841
-0.26837418302988836
-0.01679102059448289
0.4562255758683683
0.6507352991746522
0.029557597992904652
0.7837303209147483
0.15986804260415624
-0.07241641710020476
-2.5673489861476093
-2.1505814808571473
-2.0620604141088728
0.4153318124115994
-1.6769331468729907
0.5070442512754235
-0.8000502288947635
0.7667382927250203
-0.3406367753205853
-2.556272905197656
0.9859688775832833
0.6728162080847138
-0.8165248372803542
-0.2429715349473919
0.8335627459267274
0.060934679450634084
-1.0094565608107802
-1.9373939721546383
-0.3621929592153426
-1.1633560174997977
-0.49216419384360854
0.6607048512491107
1.7654509814195363
0.5501017083743991
-0.8691545972800377
0.14682812839501827
-1.4774966450526117
-1.5907619147848497
1.7314934581608994
1.0604845625185502
-0.4375915766442488
-1.4381841443548282
0.05263157802055752
-1.5099355240213639
0.5322315481296629
1.9742738269286584
0.22981108064450462
1.5001037579966547
-0.043457213813569075
-0.8546520972684601
-1.2399406078054778
-2.615817268852824
0.4478850179401031
-0.48671216061522876
0.23105353168022844
0.042569107853367476
0.15563962990407224
0.2499357300445064
3.0279965799274446
1.7511596136717504
0.95212574697609
2.0197807918664945
1.6448766790195248
-1.3224640482017425
0.36924234350574237
-0.6260662424942776
-1.5655964077446303
0.6226923069650269
-0.34735605433591826
-0.20333644297557693
-0.7173820929443605
-0.7713825467930676
-0.05951396536723125
-1.4788765924550435
-2.0542694280112745
-1.4323411437507636
-0.970469387091822
2.452444662086237
1.0166840000584145
-1.3113779927704527
0.6982484486622834
-1.502635256632408
-0.6329554577306639
-0.17729748784010183
-0.6141001167576499
-0.11927869352652214
-0.3637377401976527
0.8495877398531578
-3.7036945050833108
-2.0121357361786334
-3.079479809470626
0.03834294989154869
0.6377284272096942
2.721074136373245
1.5601239131694546
-1.6074378596915795
-1.6759883247534813
1.1185667345161696
-1.5094383580798993
-1.3804666349222718
0.09137992104701861
-0.9836577640659434
-3.800524573144348
-2.7788368915383215
-0.5701889286607321
0.21471105648467043
0.6649872721828116
-0.7143098878133184
-0.09442818386877647
-4.056111988323041
-1.9465210663788266
-2.2199088169031653
-0.38976736181305033
-1.654216482925555
-1.441267994518697
-1.2454438197116064
-0.5601374714029821
-0.5758724179112977
-1.3827903461857765
1.2579114954222557
0.9852703026515153
1.049977900881287
2.3167381757594603
-2.471135737848807
3.4211002714321435
-0.7245940636198465
-0.6009127641652893
-1.0136892423845447
1.2886883562033282
-0.5809464413550787
1.2014203482100423
-0.3474703984645134
1.5832139794154763
-0.23995211935730001
-3.5701109986202018
-3.151613422769698
-3.3621034485803185
2.650785501436264
-0.08864181599028619
2.2686275802670965
1.8482372985691466
2.5174668091375128
-0.5757884257489274
-1.2971872062686898
0.5684581623252827
-0.5994518824340214
2.8727776220137415
3.803684267509984
0.43374033294447834
0.6435520205006962
0.9088965475886778
-2.0439638552069046
-0.05687664164534116
1.3105901332115353
-0.3498917016381666
2.13746911274292
0.4734237220969867
1.1687920151141535
0.3584229036678071
-0.704565735405511
-0.042777935573320554
0.5740531234169468
2.7406596019330896
1.7880524606565424
0.015681571411819122
-1.7017348579371034
0.08960963467613908
-2.2841106950961763
-0.7710240891901632
1.687645461504117
-2.3064222281140507
1.1788040335268013
-1.6816199546424482
-1.4010207453984345
-0.6177765893261187
-0.4652925782096476
0.4413753695709914
0.11259861462601041
2.9139075999497535
1.6770567387593418
0.6755914286483841
-0.5697843872197158
-0.033873417011812394
-3.206072365920467
-0.7113939308381214
0.6819865831594438
1.229238750186571
-0.4568719143495021
-0.6238164477709485
1.3966973636044466
0.9665757683033664
-0.7786407128998778
-0.2982286086038828
-2.1114804271060343
-0.5031585154636997
-0.3949173853831657
-1.3317936245183664
0.41910003529572376
-0.5220281280322444
1.4841145533738687
0.8492024733904849
-0.026375293695147895
0.6123873302939205
-1.4218285066499572
0.6959587926869126
0.00921358212479091
-1.9592075355337715
-1.3465856417273099
-0.2550934517871368
-0.7089628817947669
1.1309706800801835
-1.403589742107628
1.0416213384013793
1.6445513472062478
1.4423656806584197
0.665864914218917
0.34972646151159653
-0.7355464071837912
-0.015164778360992599
-0.8086311167146767
1.2896907429150326
-0.6471746389009452
0.2907729801575301
-0.6801301158998352
-1.945500805066818
-1.232290152173615
-2.055105958040642
-0.4116268368299589
-1.3458385642346657
-1.6421362497637133
0.5906764503677642
0.8265363010239906
-1.8211452857684847
-0.1540659559038784
-0.9346604485186665
2.757843992844821
0.7494762598446367
-0.42665517675285575
-1.1005079800406758
0.7751701577694525
-0.8390828409693658
1.344228296422557
-0.9329584454148917
-2.0831357419363323
-2.844682425462817
-0.3615627126446025
-1.3837469839669259
-0.8182307980333751
-0.9485034361833594
-0.09447487058645586
0.9758989953915405
0.31122170277805644
0.4206088265961385
-0.18366804210424098
4.4264025375947496
1.5180374866773656
-1.850920036540896
-4.236710999391231
-2.109933447831079
-0.4238912904400097
-1.8716108816927786
-0.14381338009268904
-0.737491012232576
-1.2208311506329925
1.0013715539613124
-0.6886362883037642
-0.3743471189294892
2.0901127485930724
2.642045619986636
0.18992277438055125
-3.2763457015607127
-4.1746488752501225
-3.336821192481273
-2.0097749691852154
-0.7142626045583778
1.4123739549032133
-0.36049039586510256
-0.27242700742332254
1.0185326873216773
1.8452334187380874
-1.909897646328605
0.9369210276429658
0.29437760610953223
-1.1087605840907873
-1.8086131118362814
-0.8465892492640047
1.1134878537320414
1.6824720451590183
1.6221123714458603
1.661887174417609
-0.9319371714976893
-0.8150689830895732
-0.6350976883741096
-1.768670680497777
-0.7214708464370114
-0.09999710169348357
0.1776892459283245
-0.6430014389768849
-0.9806921981972994
-0.8477422999272414
0.1531014121637135
1.9279163122647809
-1.574995370500637
1.0059384735516887
3.36731020730829
0.8860741243469095
-0.0015874630761651713
-0.6782336662853001
0.1431896452617748
0.051265394181035595
0.05225181962640446
0.7343440688438654
0.7364287309420674
1.0915863947654185
0.5285627669142905
-1.3389784336007264
1.109331652208324
-0.12171284587540494
3.1233812197920092
4.14321567503494
4.341552341488957
-0.07767797720949236
-1.5049477266782223
0.6026972910693225
0.3703668413706758
-0.058781821605311785
-0.6200134814976626
2.4911848574490474
0.39529380260082514
1.5057656011558467
-0.6215713063091961
-2.8101919066883005
1.3288129384152263
-0.038047722557327315
1.2288871851874328
-0.24496398022021743
-0.23943720100363808
-0.9774023895011772
-1.0618841531515892
-0.7581076335340584
-0.10280203551397506
-1.6314533944415797
1.773324202687606
-0.7029331579196375
-3.6383745308991586
-3.058652956926308
-5.903043347932576
-0.6046577900773819
-0.0342236303528218
1.8239376168062076
-2.2757028314415737
-0.5070381776759304
-1.325204425566925
-0.44692551286414584
-0.5524413918351636
1.0684565348690043
-1.1766293062753845
0.1551383730903232
-0.5662189979088347
-0.18934753805751295
-0.4745302316981004
2.6120075661168864
1.073185587302564
0.3769435907135752
3.2600677615610474
-1.6172219207853107
0.3282262724660979
0.010962570329950176
-0.09813235179289355
0.5967542380955972
2.5735669467940614
-0.913997494993475
0.13043221173258995
-0.1505380525235131
2.289926823495696
0.9506323896237225
-1.383081985073567
1.0507019377749012
-1.1859987695806313
-2.410760262807929
1.4789269504004539
2.9783574474789654
0.8394093654842343
-0.6470881155002706
-0.9024585777945162
-0.08600258131624801
0.24266297060734993
-0.007786186439850321
0.31395713451560814
-1.1329189468872216
-0.8828580201905656
-0.39305910411496353
-3.428189069818608
-0.7528018787196374
-1.107547432810507
0.21595868586529463
-1.1295167959684325
-0.20228225423172272
0.594007511535187
-1.7221920422670502
-2.3734414572592764
-1.4643828672006327
0.9119275862435164
0.17578790205488104
0.42094410388457093
-0.8601571605349511
-0.5566599327282583
0.709142776823339
0.1771476434738229
-1.4255843474363945
-1.4971194359315985
1.8022783086020047
-1.2733209846492932
-0.665907382835286
-0.07063585758497451
0.641522550655922
-1.2854986719530497
1.122955720080054
-0.5162795826033294
-1.4636208157892772
-0.3426211190892443
-1.81436506437124
-0.7958393513178486
-0.47029765403575263
-1.3844836863918097
-0.2793132153281657
1.5126437633478529
0.5019065164314614
0.9941658077441973
-1.256054793547615
0.6604106505965789
0.6345072592454245
0.1454964271665733
-0.5917949103505824
-2.9425904842203003
2.2453502919600563
-0.08506590925006739
1.4418746384896939
-0.3915666607055323
2.5516198650839175
0.9235584176339695
-0.024471375361155828
0.7356794025933432
2.2782248539352548
2.0083909955653247
0.4431119326878825
1.5313460662686458
-0.7914440533055848
-0.17106701983905895
-0.9327500212188736
1.6328608054663705
-0.45702996818124586
0.6748591701761415
-1.3950022240545226
-2.1815002289200645
0.34133433182610345
1.2772817826211234
1.1096300702692004
2.750270875991677
1.8654484944582865
-0.47496895860579347
1.9085313454738007
-1.617076204232686
-0.8659590091922809
-2.3264605041240025
-0.6310717815994239
-2.06574163587715
-2.6980466223392217
-1.0367342006009412
-1.0869556924792696
-1.571512309664969
-0.4482648187150833
-1.8974652460236652
1.3103946018843884
2.3230981988075303
-0.25521785321972135
-0.36725185199349386
-0.6262747268346214
-2.912667110322857
-0.2671732621505185
1.9299539062285158
0.5627357147094101
0.3942233600969265
2.5443212413535274
-0.7593178382862474
-1.9179195764715782
-0.9185440356499328
-3.2276743030114434
-2.2246252178701575
-0.7261565872421843
-1.6216804387101957
-1.2536804869682756
-0.5719112727559954
-0.7105621109992649
-1.174393679859846
-1.1520950572209088
2.7069028471773766
2.0575133022381156
5.346839958046372
1.8610540953640502
-0.14014905605970304
-1.0057215825604024
0.47420084007908325
-1.2519753073871351
-0.560229554700773
0.42290570312608144
0.3477622382567729
-0.3404052716247161
-1.0358197889025929
-2.4860263105634797
-1.7199708933440592
1.1683611058147536
1.3761204226256762
0.6577732832713441
2.245226493402354
0.236462021399946
-0.6778892818028972
-0.6146925929677596
-2.566695222588417
-0.38771937452518324
1.2662061016362092
0.4547304677410712
-2.0853560678042755
-1.6148868763078597
-3.6620725158409377
-3.8453160476420787
-3.2341076834089333
1.4063516697018543
1.19296403578762
-3.17709840342337
-0.4438645303802045
-0.3104678524443706
-1.1951120112123637
-1.2738815221943791
0.18463472144504697
-1.3263610946760584
-0.12252616728196053
-0.33450954543214073
3.441047990010877
0.20896639893498592
-1.521960843369555
0.9130491046327038
-0.3659790948279204
-0.4670830798355438
0.04327193048401384
-0.45308912242094096
0.818872644373659
-0.108476731408244
-3.4072575837293693
-0.02085443603317699
-0.21076376570249616
0.8405179781181017
0.8072297082686912
-0.1646907284878469
0.6842229396834614
1.363442312341852
0.7984634922297232
-0.2604968448872511
2.82774123374677
-0.9502956542358136
3.741800022704233
1.5685741928248877
0.6000945389234928
0.9159031503515445
0.8014170241003887
1.4415367489529514
0.009234128803946189
0.31760335064027223
0.4264035432270018
0.3983743462448298
0.2611050737599723
2.3766545262861065
-0.506774500164882
2.80458736224148
1.2433060016396735
-0.6110386578561324
1.2627154476816387
1.479818376058342
-0.8714654583025355
-1.419955491290041
2.312411194787287
-1.2616995878046269
-0.47939751800285024
1.2955600204601803
-1.8320930565178226
-0.4190805073907033
-2.047016960169517
-1.8115218435620069
-1.2179775899594598
-0.2846572135469072
-0.6601192608315409
-0.774712664046158
-1.3607348029280377
-0.08826105512123603
0.022986978864873445
-1.1343551570865857
-0.7819157471266714
1.7626399903710617
0.27949631918998347
0.3219808898995293
1.7317242640226005
0.21778655789450674
-0.9677269709844397
-0.7557755656238939
-0.2177424983829795
0.06070356860825686
-0.8351383645894401
0.8796919623590426
-0.3748974817325515
-0.39071102930314666
1.103299068573122
0.33172146428669586
0.057005290759005206
0.7868236653029098
1.7044269201193418
0.9218610114682092
0.240193318287819
1.55951136645239
0.6291019115749539
-0.7843761143060093
-1.1851906567316837
0.3693539738983535
1.1031194239975242
0.7260334186871612
-0.7222071279414103
0.5877600587738866
-0.45948326700007996
1.2758436453208448
0.08754890970978185
2.0732557838287757
-0.38146479225771696
0.41125831160811627
0.9278731882962118
-2.1432579278099864
-2.2858594958058363
-3.340756476389469
-2.8114802767119658
-2.344067977706446
0.6135710058985717
-1.3744776543083022
1.2213212833270846
1.3060339016871416
0.0435327947741692
-0.603564914165121
0.4696440089238664
1.2388948074281971
-1.191455526719149
-2.115252671973783
1.9710560346003665
-1.4546086963229437
1.4322623842348103
-0.3740134897828394
0.6029927997512294
-1.898048509814558
-2.255278033672863
1.2795917975753983
2.3238089119260166
0.6094765978112561
1.0724673436686918
0.5080715954028721
-0.08199550658345113
1.3180077920057442
-0.05589443321596772
0.9119021869236614
-0.7671242701796901
0.579274517122462
0.6700655079979022
0.6644684623757515
1.586316005706007
-0.1711557396097472
2.432033844316232
-0.34627501276964406
0.7813370630043567
1.0157000150707347
-0.39137043247503184
0.23442597117966738
2.5583102221302627
1.0818690497765064
1.0898167235572787
-2.53901341036386
-0.0398621044793939
1.4741614967113819
1.4276315566338273
-0.21833590267516423
-1.9483600258128955
0.2708874955864681
-0.1930444003676694
0.97232888676307
2.425729041798353
0.5414808659558945
-0.3016192994072356
2.5730192141658152
1.3672681817568744
1.0598087688197655
-2.084266042601733
0.8389060328852611
1.9040703912176795
1.2327788709627177
-0.5671262593678208
0.6231992324491342
1.2518973888564997
1.6759158704142134
0.959731115637304
-0.7746299177217911
0.1594210107242649
1.276096966599944
-1.0159701242456567
-2.131823252621974
-1.2252663444770455
-2.0609886537413566
1.129687153504879
2.31265377340785
1.3637049227165852
-1.0386535115490554
-1.6097025242162148
0.5733008736432414
0.5551846058198763
1.7278956493248803
0.7547306999972679
0.20703658882205003
-1.3050503553721122
-0.6743507629114502
0.9564178226225304
0.28878247359055553
0.32315823020732937
1.9137268411355557
-0.9689984654764201
-2.5881590995011634
-2.817863052846856
-1.5385593057628926
-0.4278236295769018
2.4796250780571154
0.7502315016942754
-0.8986942563212389
-1.130211597363603
-3.3730249954807117
-4.251319352509779
-2.163387094723215
-3.9036152101969392
-3.0891634160210297
-0.9027506270138254
-0.27809763328773734
-2.2312133290939373
-2.4343528494728504
0.8349551946330268
0.8620293437070732
1.1862716685924042
1.86320145167727
1.0373754703115725
1.8397551255152453
-1.3243771353405045
-2.276666141727897
-0.20976092996270027
-0.3858883054623803
-0.9107876256946701
-0.9621613977800569
-2.661757977403602
-0.5218970024138909
0.35339874887643863
-0.3088791073766806
0.15429569407989607
2.0059518504235907
-0.5232326407076556
-2.4152040965287003
-1.2183395000202724
0.965455555874818
1.5547247461264808
-0.9831359971429758
-1.5461291097727035
0.5948417776610149
-1.0871518323073832
1.6457660593527874
2.1268361302723844
-0.8165414783940362
3.2560494817241175
1.0291388936815866
-0.018062236543808428
-1.3449238618437942
-1.739562760124636
0.41363735802915585
0.16410981456256188
2.1802254033534214
1.0348210957964268
0.18251884188106202
-0.6814123080283478
0.5987622910204159
2.414985797444077
-0.7581970610147776
-1.8276720880448905
-0.48495784399188463
1.8738242100724758
1.5467222654280697
1.5917493865470194
-0.41746913667014895
0.11252956392633999
-0.12767540164293048
-0.43679084927701717
-0.22514960023796607
-1.573792905083718
-1.0568194624716956
-1.166277032463692
-1.0972337374744647
0.08325629291100366
-0.6308339849909191
0.28506263745194427
-1.8403517440884654
0.5631620761223107
-0.9933294432454628
-0.9506097637086585
-0.3179243000757477
0.1367238949688153
-1.0932870623708222
0.6837662961970924
1.3552884701478818
-0.1442207824861732
0.8195796457362217
0.8859349232696598
-0.47710761897114395
1.9089483763396347
0.19706428432232184
-0.4230597308487748
-1.3711755599830189
-1.6193629472514892
1.3258383231345323
0.20695449035150867
-0.3335112592913842
0.07066637388141109
0.26622545169315154
1.123982372368979
-1.3356592947041306
2.2038382740152627
3.787584613981327
1.337711995312015
-0.038352309569701946
-1.4443497108095258
-1.467521857852177
0.4031999428894003
-0.07773482597734678
0.07690928428465908
-0.07317670647573431
-0.7951760210057238
1.4501984242448582
2.2717257916086364
1.9459488787173018
3.8212411710298233
1.663428426780384
2.2464488278378867
0.6713368643710191
-1.843845210812263
-1.4876692317186466
0.7613470719114905
-0.556806744658488
-1.0483895734141722
-0.35389634963246386
-0.8724426190000991
0.6620931153506219
-0.680220673923117
0.5907473123432575
4.100055612794648
-0.07667363531614037
-0.7042723606169173
-4.2389483831974415
-4.010364211680514
1.2750485448579052
2.657271925476636
-0.43935760858013634
0.9667367545983803
-0.3048059539157246
1.5794500341988889
-0.5349069959148203
0.14003256389140467
-0.13014220319318437
-0.619432519492253
0.856064703078498
0.6714604557561369
-3.3628230822465093
0.29928603367166545
3.1833957336577137
3.988871189163786
2.3344913704611003
0.5921148864209286
-1.1254724690355145
1.0786432712090377
-0.770050912419172
1.6985251664150616
0.0867814226475018
0.4035325282114334
0.10829031125126233
-0.12957033018760944
3.951833764607989
-3.0596341861749794
-3.148691543584189
3.232571942165109
2.24475506852269
0.2807403585471775
-0.11614546619579377
-0.7611816418334181
-1.935062607577667
0.8096673870545804
-1.605415468580614
-0.8908422173598972
0.2876208690614479
0.30044714983790805
0.31407226454071235
2.7166856439951292
-1.7303558884662082
-0.13399701803695058
2.094553202245385
1.5092926601904164
1.5344706068601446
-1.0129378160384703
-0.22734773072919928
-1.6915846054215102
0.06618439197840335
1.1801668819424533
1.5359171793869126
1.1495801615941208
-0.5418008812372784
1.9067802802185212
0.7693133515922677
-2.1557451291855414
-2.1850309920896462
1.443009432406126
-0.21324630321858828
0.29282530459463413
0.2975438049839707
1.037438585309032
1.1322540113624162
-1.4621537095169168
-0.853245709734812
-0.7484286012153674
-0.8835240303377058
-0.8046321709101779
-0.35884905343517026
-1.2731016034882603
-1.1268482209529271
1.0862583416401463
1.050344545048381
0.4440019613043348
0.9529652424802344
0.8595331987369373
-1.382290963041081
-0.5212053617495648
1.9815113983296484
0.062149604631470255
0.09071788869072889
-0.8710923167646286
0.7153720694163637
0.4459609349031186
2.4615793438628355
1.3218384976216706
0.18899086287507066
-0.19838417078046147
-0.24061996704441838
1.4746750064242102
-0.9778790661315263
-1.6882033884427814
0.49927659288166387
0.9472037464749986
-1.7852023343843093
0.36870836644973726
-2.3467510061467007
0.9863645789934719
1.999300601382685
0.03427885053021053
2.7840140940532865
0.8661443727712091
-2.4823714648566932
0.18020470593497764
-0.18928732442684829
1.7527070669078673
-0.8259002264781293
0.05915269752071509
-1.467625877406878
0.4547489313591283
-1.3491600287443821
1.0768811261505846
-0.4608786823985379
-0.9922269461731291
-0.8331667173272669
-0.30037041958439276
-1.0706308623659868
1.5961820165757166
-1.1281047153520323
0.2265296328554438
-0.6205393793666386
-0.5452959741335811
-1.706961914208916
-0.09762800818997362
-1.4248381447922804
-0.5691666765101099
0.3048759344705691
0.06491152820849147
0.06790003186412205
0.22929108286231
0.8180655186826301
0.4805764273508631
0.509958205129754
1.2122761601486773
0.37283237826044974
-0.30230278825302154
0.7410419206107882
-0.49333403700026685
-0.7643679977700909
0.6158025944635966
0.5895669044487474
-1.0249461938480764
-0.23926381619570306
-0.3066387991366864
1.5257617138681585
0.8034795530009026
0.0954056206184086
0.10443909568462219
1.0304273701745192
-0.3650992187163021
0.5531692687265213
0.38665657205722925
1.4970600735710822
-0.2782020704214328
-0.7615946682974876
-0.11643931724734571
-1.7528831349505676
-0.5566168358721897
-1.695558154947735
-0.21351571122580054
0.3852782878792448
-1.1288028031736241
-0.2885730497642598
0.9903406192201765
0.7349142143606773
-1.4739887586011946
0.9486906147581718
0.9148925677036588
-0.3605234354740728
0.9409930192344184
-1.2445752684757407
1.4640446884284362
0.36596034165770575
0.5967479866869941
0.9510787316460604
-1.522160189143764
0.6275624574413605
-0.7961518975308894
-1.010897816085
1.3167251792661792
0.05243573748277036
-0.7381639198174351
0.3018330959505943
-0.637748464561947
-0.16978549591435346
-0.3918412802770966
0.4366256150128286
-1.3570526025521616
0.34004282090579374
2.1139591967569547
1.2122883259949202
-1.7360865393672624
-0.2641328676280937
-0.11429653843243646
-1.8457306122212518
-0.7412049822669089
-1.0780930624950227
-0.8505654170530865
-0.7638342991519017
-0.6244259215802558
0.5595085600014064
0.8787271646731427
1.6274885443403986
-0.7984404365045005
1.4221205342511496
-1.4210043198515259
0.2626359852487637
-1.2524397981860218
-0.8182956383506251
-1.9525968991181057
-0.025643815449842466
0.6661741793610638
-0.4920535072344311
-1.3182440036664815
0.35237125216796933
0.08253603829854526
-1.3013852513767206
-0.38135793599015017
0.4194531611220765
-1.364301422444628
-1.1480586793098753
-0.4075992587462431
-0.742204027667263
-1.0322594424812732
1.2067028540815727
-0.8174117531859965
-1.8353951758924683
-0.09559929692182102
1.0032840775818135
-1.2878256425155812
-0.06448106780284843
-0.15712344645084228
0.7176257337090006
-0.6583356757135431
-0.16885602164475522
0.08345298841476227
-1.605897382515007
-0.25518440496216305
-0.8670531423820238
0.623964671349181
-1.75380042904392
-0.31155973162683276
-0.03804260640371203
1.1313692647413875
-2.356994493923317
0.9453972040597683
0.39671182849600445
1.238880951494376
0.02042124845301829
-0.9189737420742653
0.06746274164600073
-0.3530496548318772
-0.8600212293358298
0.06391086735051439
0.8059408684826023
-2.592557334022263
-1.0397084733802657
0.01751306449596975
-2.597341464439808
0.5380268622818091
-1.8778359427145837
0.4652348731676604
0.6845143652047987
-0.5313064969376967
0.26630047573293664
-1.9358312636330584
-0.763944155979713
0.10169987106826207
-0.0014228193374137587
2.252836615900198
-0.029557450179357958
-1.3097105892943723
-0.3901751384985213
-0.5122413662453192
-0.3256221899901967
0.2709234952926386
0.5715425986373276
0.5764209637301815
0.2078094053805964
-0.6178623055569438
-0.5778442201260565
-0.7097521984935079
-1.6229445751843046
1.4569743400099944
-0.5754984128592677
0.2955671481657079
-0.5715357695420051
-0.6413784491810582
0.2216449308946047
-0.4368237199942712
1.3273801900727749
-0.8980865129077568
1.226900303151144
-0.3968503052431655
0.02535046532335547
0.12231823165048182
-0.41422977640085656
-3.5908441603821326
-0.8992105835882398
-0.5519911444591558
-1.6565645888096394
0.36840862619264597
0.4538760418147893
-0.4559393690206384
-0.27374190658404535
0.8672768079516141
-1.4490129970590642
-0.4936658545965276
-1.852543268356838
-0.3645363742093918
-0.4661888447216425
1.451456291426101
0.1269563840018022
-0.18427109709509565
0.8184394287283842
-0.035775961616476726
-1.246570951920847
-1.6054195784128813
-0.8788083324372998
-0.24530549842004187
-0.037321455398750876
-1.6613391202614909
-0.12395695703542078
-2.898293190152374
0.5544824168348451
-0.7255645625642582
3.4288710249746757
-1.5351637804313696
0.09449326948943286
0.8408088394607135
-0.5341190881752906
0.1446199782660649
1.327133180261332
1.281800557587068
-1.0903404665523375
1.8029455014285598
