-0.2352359959050036
1.3682857632309429
0.21110894748240194
0.09077814430195702
-1.6728290545207452
0.3672280242032505
1.70416426316124
-0.5976306567704718
-0.06616341144956822
0.34286888478215594
0.7181307235375346
-2.8335228137734942
1.6043976930412145
1.4994873823556796
1.0776877597178818
0.8790973870674489
-0.5118889665179905
-0.3613723050865044
0.529575877036509
-0.019506040906191346
0.9767559815336203
1.0748126742832353
-0.32424926679099764
-1.2387480141010068
1.5963014115129983
0.31416156876920137
-0.12197772370457652
-1.2021308249008824
0.3576172542885655
-2.0058315409294516
-0.8992157922010108
1.0842973163629621
0.34237602271445855
1.0437306535438513
2.562892293936971
0.12370791203176414
-0.22799646942881496
-1.55068391505874
-1.0797805873474489
-1.2377525872142403
0.32836352462431706
0.1677493253552258
0.21899568576729
1.4710611137630445
0.2047043461877367
1.6121553574630008
0.05060185267702925
0.5923004355466619
2.455584438606974
1.756492914598024
0.3199485878133702
-0.6206150903251308
-0.31722290430824496
-1.164358435072031
-2.0099641128856054
0.3924743812452272
-0.5245277477597101
1.063606153442095
1.4036188541819137
-0.9427009410605914
1.7499405450333831
-0.06352379852853215
-0.7332085902551171
-1.4914740420629946
2.130526008215841
0.9665110425575467
-0.3985901037767188
0.3528942329505593
0.011648373591369356
-0.9217973243163445
-1.587951019891032
-0.7237171086369342
-1.9345335729011917
2.5713986165294247
0.07890345700069884
-0.0028092000391071775
-0.6912254173855273
-1.444993866866931
-0.01754322876272496
0.462962773593091
-0.1732722082865815
-0.14535442590671396
-0.8686078630268161
-0.17490470911662967
3.0514678597539704
-0.4279385908594199
-1.490958072541003
-0.24207317176362114
-0.1619548993613861
-0.7395203759891308
0.931032677689592
-1.3030480082294964
-1.7621676043692736
-0.405121899332314
-0.9078113094657826
-0.47842276302497694
1.5069599974369332
2.2580984324583473
0.7112564216728007
1.9211544221992363
1.1443004305726827
-0.6806618327701779
-1.9108367323466
-0.4717085286784129
0.23844729558481342
-1.1981599490357244
-0.229275002346984
-0.398206111184464
-2.325241418625302
-0.5515089733609688
-0.5244339216111448
1.8283276033322926
1.515997331493057
2.828031149740753
1.1136924835259077
0.6195505089850604
0.23251393273384177
1.0024432858430263
1.730880738182577
0.2762665058046768
0.5045927162104568
0.09005953881688283
-0.05059411392978203
-1.5533979368266553
0.37018764915164537
0.2264951711327059
0.8868630400986154
2.038097094061986
1.587494301392723
0.6130177230385736
-0.30241631718018586
1.3320404004149977
-2.1751712159523104
1.693339453301715
-0.9639485537749027
-0.22499752779594806
-0.5067393927998064
0.3137365032799105
1.567517459326437
0.2905169312262594
-0.42471147062367054
-0.3375886967395129
-0.26101003674406625
-0.6733732529071785
0.8566371065007152
1.4019033610465679
-0.7129691062305934
-1.3748329322158521
0.49317142447758283
-1.0225931125002161
1.0785750465562376
1.6756860701441454
-0.4527002755478269
2.4260433185563968
-0.2105194075293828
-0.1488522752396118
-0.9601927561802659
-0.23806263403805625
-0.1499004508611418
-0.18003423951036812
-0.6539040272123894
0.7653945067656142
-0.11946813307985944
0.24416463277702577
-0.2880736674360713
-0.9241775606040107
1.6592284146384755
1.164352716608096
1.4504978485528217
3.4119740327048538
0.4498377309972568
-0.372950459105531
-0.9548053525861108
0.8526795736824563
-1.2852507637940624
-0.6333048331098471
1.462875549276085
2.0707628653254693
2.7160274332440815
-1.989967526193526
1.0074099835940051
-0.2036308851949255
1.0623696749706857
-1.8270839333322986
-1.8791608326791236
1.1902940823230295
-0.04163971831010513
-0.24207208104012634
-0.9488591661778987
0.12018128298302151
-0.6704541867321724
0.10778854131528376
-0.8576218819694025
0.1371816531283918
0.4610586362365653
0.33287987021609355
0.057826142459951185
-0.8928380065008211
0.7842562371933538
1.394988555886929
0.535054634920903
0.5348539671449596
0.303280383253483
-0.11384955040461575
1.2867808826127334
0.5558228562127411
0.7044279760743036
1.0802222723735633
1.2958143983241914
-0.3465421148824214
0.0017621824631553985
-0.15863390270930236
0.6318446078280052
1.0906979997876647
1.2538183355581956
0.9941415315713854
-0.48886742667766686
0.3762702170874263
-0.40186017788928535
-0.09436939877879164
-2.0954497513114996
0.6629547551728956
0.5406992549642855
-0.7190732512438586
-0.2923420806016354
-1.0341738917669319
0.7883019229170699
0.05570247427582038
-0.5494876527200524
-1.363964646246372
0.6460974050099412
1.1425410202565789
-0.7184934905015944
0.968502010229737
0.8992194607139131
1.9924858713090485
0.47979975852915074
1.3266679164350241
0.15222985538043765
-0.8498801196805439
0.48845007665705037
0.7133783912335271
0.1511268283013503
-0.9147707751812856
1.3076284253635182
0.47215306344659846
2.5836908903200735
-0.5674836318080156
-3.7060863292345
-3.711395585462331
-2.816918235982223
-0.24546822618518102
-0.7952585349737604
1.1876935554568893
1.5139490547870447
0.05528325675826065
-0.446772808751663
-0.209949023854247
0.23065106040595543
0.0670583309258904
-1.6255344196972485
-2.3906530515490494
-2.239332191167924
-1.096289880731268
-3.1692570718800606
0.153241069382988
-1.3316929230998353
-0.4243736042500228
0.5143496918271969
0.19163798782440636
2.113795198067516
-1.623804500547695
0.9800923808289747
0.95830103334562
-0.8742492603803264
0.7632267241968135
1.5779899640793833
-0.9705635379810365
1.6822631032752837
0.3597366117140569
-2.0974060141016757
-3.842132305402495
0.032589496282788975
-0.6029772915970991
0.0027541457033437443
0.39400262796167723
0.2915924734685828
-0.26465456323215214
0.49825482319735576
1.027569794862607
1.0166142223300996
2.003742907667311
2.686776218411646
0.9303640506010378
-1.7284898044431518
-1.9573244875927924
-0.389575129929207
0.8505225946745014
0.21862665854812197
1.084254797229719
-0.6208079167161368
-0.9938904923940942
0.16437648785706974
-0.17143667894927384
0.6063005045574479
0.4654482316120183
0.17111961206885332
0.3650807915970436
2.0517425813216223
0.3000105367191373
-0.9726599616990755
-0.22746090279695913
1.7836016718360264
-0.27114917111899317
0.2564235145122986
0.1826808656807404
-0.0041374738324290545
-2.393785747185922
0.23847800016915935
1.7981154926738983
2.332825969328315
-0.5700970482471148
0.004044636629350304
-0.865011270618526
2.7260917888698426
0.8198189120521422
1.4387645302889351
-0.6248447466242074
1.6351988770498687
1.5558579505848564
0.5134652084199253
0.9980942146524322
-0.49753002707305155
0.8130917348211736
2.9149768968214715
2.7246595223444103
0.5050882577146133
0.6749625431385339
1.7884480222299473
1.4036395869969196
-0.7376658939732093
-0.26475459591258127
-0.00672479943675405
0.7822645359335239
-0.5255758297644129
1.5857162353033076
1.5243348863277646
-0.15694552866167671
-1.2736055543359956
2.22486044870035
-0.5122446224992971
1.2623397013388016
-0.779179336908028
2.3900205189837846
-1.4212967724645333
2.5370141698180673
-0.01214502462938284
0.40648561801525307
0.8802702460008867
0.4814711784034437
0.5184705328335654
-0.6977185816015311
0.6009256461291538
0.2093305210861165
0.36427093772285274
0.8021336436171224
0.434117220438944
-1.8520806306239859
-1.4892465005694235
-2.349234511236323
0.41592081040350487
-0.23367576044160823
0.16960219571609317
0.5934464475402054
2.427140146609658
1.9003072593095909
0.5631399301204737
-0.30593464700256606
-0.5962739500103841
0.48350405523804124
-0.33223143293606877
-2.4314837772367364
-0.036406169011164634
1.0133259195300006
1.3551190696848725
0.8568445202964257
1.0812816870077273
0.4123573829656931
0.13495440663728578
1.8869052488682878
-1.259229955078116
-0.08968648695184715
-0.1517859694165969
0.13637818639977584
-0.7578756673972252
-0.16518774927767854
1.165122579598105
0.9592367970474732
-0.27164469573453215
0.4507528857928221
-0.007014456691801301
0.004097748470358048
-0.3458406036837361
-0.06210071227097131
0.6263850683997575
0.5522187538626421
0.1838226931438161
-0.4793537763535722
-1.288743816244139
-0.5719795855663713
-0.605452446116609
0.10049672864650976
-1.1592177609088299
0.6266634047465909
-0.037939814797885815
-0.6269076259338082
-0.23277910424940265
-1.3106362493964285
-0.07392006684452815
-0.03290420000393585
-0.9509952189886625
1.0071682934934485
-0.9798962248455906
-1.018077260892057
-1.1587030777507288
2.6423720354057223
0.5623986485333613
0.4800119967751966
0.4126834175549151
0.41707432004281053
0.48423479898888255
-0.9525054464911469
-1.2414408713061265
0.2116140849410022
-0.39713842055291115
-0.19702972272616517
-1.0611858619962302
0.25111130758011274
-0.31536527426566235
1.5709422801927169
-0.10532948230243025
1.1259781884055988
1.4653303224815013
-0.1712683332311149
0.9055381525045149
-0.35824881145791154
1.5854834404113705
-0.036283845846674934
-0.27632725700131044
-0.44531140953079806
0.5218331046551435
-0.7806696108210572
1.6868954013766644
-0.5155564135211058
-0.12972719223839665
-0.7699347259554196
-3.159413544080839
-1.0872994370308289
-0.6475669506951339
-0.530726492974695
1.1959422595066296
-0.22445316097189405
0.10174611190515725
0.9175236364297876
-0.23349103730358953
-0.25941784479807545
-0.3759186324459027
0.8792813573671411
-0.2397380491460811
2.137462052503689
-1.1632267246821946
-0.4092470830004844
-3.1100868260603187
-1.3859148403175796
0.6534004340574648
2.72912672561746
-1.29913552332529
1.5978408121952128
-0.1810927431156465
0.8786989844549712
-1.84137866294753
0.5980431932682392
-1.4516979068745794
-0.39652270973653553
1.2099002528857281
0.6000515626889582
-0.13128300268676474
-1.5563302848005776
1.5781459749388587
1.0099402801010888
0.6643899448177271
0.7430207976990175
1.6253785012435409
0.8954570418060775
0.4159020078376241
-0.98055431537812
0.816219882585406
0.39734877873144475
-2.3676480685413392
0.7050898099827347
-0.16874466320908252
-0.7178010385931298
-2.878462131237855
-0.5628705379459232
0.5953374853336197
-1.3470521380624056
1.641342751723022
0.25371798802737083
0.7423989552244541
-0.7382445393908104
-0.8284200321876316
-0.8184137177197531
0.23556265233125173
-0.43971514027375874
-0.3683140141433238
-0.9817712405673354
-0.9708404593215054
-3.207916847285051
-3.5910840296267543
-4.8123158611218635
-0.5289842903456948
1.4663898069514438
-1.996945246913362
1.4023939386135311
-0.8635639638523759
-0.27133244056359823
-0.27434371041568645
-2.3637733011583033
-1.5549088596345253
0.7642901624429642
-0.9826070642154252
0.14781376461713006
-0.287656960892906
0.04042788419920525
-0.6737648973714322
0.8745220054185042
-1.8234647131166404
-1.589753717432867
0.5001089327670902
-1.7596126915437729
-1.0701289879005034
-1.6080190675909798
-0.22616211752363885
-0.05831080717015879
0.15589703493057844
0.8554301924830725
0.4461616564506656
0.5320137374583788
0.5948558721689967
-1.4115649904281076
2.5391526219196603
1.20804498911768
-3.9116121758526903E-4
-0.009376091972873165
0.6113404085710996
0.6703273363073567
1.2916209518377217
-0.6029641495404746
-0.8330945492776313
-1.2294509446633877
1.828062768783326
1.258377142142118
0.9293433050776121
1.356834761449578
0.7258195831534173
-0.5030328216887417
-0.9398786306852376
0.5280758983713529
1.024967854247891
0.30395559654844045
-1.9720049766841365
-0.216327040322303
2.5592425495568123
-1.313163846022036
1.5910936967618439
-2.22268723261431
-1.2026482860470709
1.541561664270319
0.013460965744833936
-1.1068612582895454
-1.0228662728749578
0.12411997665914504
-2.081320136949168
-1.4842626646038293
-1.0433303183971445
-1.2576244738655002
0.8114564949079074
-2.4685442480533903
-0.4713663402135637
1.3070455954919078
-0.21821470555901173
0.09983601782621251
-0.8449139833775531
0.5501242946664019
0.7409203764308115
0.575383595390974
-1.09545027146003
0.5517790325604267
0.5185913770928267
-0.16279646918094015
0.1914058057446021
-0.16688433524436042
-0.9706491914341703
0.6333826849317531
1.1588816072117454
1.8579113635120375
0.028903997135951227
0.3909892569199096
-2.2986520672956594
-1.3818662668440322
-1.8385717959961538
0.14096194643932367
0.5617778925362718
-0.6507745862649408
-0.45222910105093206
-2.426792832838556
1.2320375459931845
0.7298380799960628
0.8167018362396524
-0.4897832195455819
-0.06509658699881973
0.10453577067709667
1.7540871161392468
-2.042050946812117
-0.8081136741446995
-1.9922682868182011
-3.9550950675184717
-0.97501348316729
1.0945062484283983
-0.8439874190686776
1.6832783545103576
-0.5839879656813122
-0.4390215235719298
1.0225728546194441
-0.336736366367261
1.2164550123265234
0.03678825715650352
0.08399620729228474
-1.1376371962202279
-2.729234970436485
-1.1021699538284957
0.11635843684586927
-0.4137873518193182
-0.45849642424448184
-0.31372656663450543
-1.251141951024701
0.0072174956937413794
0.5030967872522075
1.5003760713299013
0.12846523064109067
0.5749967198278682
2.638338376133907
0.3852936496021271
0.5612331541376913
1.4176271818292108
0.46465043832443786
0.10621730354305484
-0.09105384620403872
0.9565501238799672
2.652423142503289
-0.06070412644216648
-0.4355202480369733
0.3643401457326999
0.35157782282334393
0.16225486635163383
-1.3789688513456018
0.8784802015260791
-1.1599679499149897
0.5706590449799953
-1.3676250692733436
-1.371867261862793
0.673945027842774
1.7778290482342842
2.3603949045578614
0.3839371838808692
0.3777176124545086
-1.149329631403134
1.8940422406139592
-2.0345228800841593
0.30681785622985414
0.8875749560579207
2.12029049652135
3.484439197307503
1.3704414427020601
0.9345757829774278
-0.9626030646485177
0.1281363661814097
1.7297208070129793
1.0163508894013191
0.37236072115546315
-2.2853175451855257
1.247438147403347
-0.5786338842937923
-0.9940999396157805
0.6626642792802985
0.6307457625341437
0.8402634019895412
0.3170120803264391
2.853569624992828
-1.019207961747057
-2.0823544660729048
0.697865759757842
3.914038552777194
0.49011511046394474
-1.2505643751727813
-0.7815025561667995
-1.4893028706129696
0.3413466083212836
0.23854257440483456
-0.9254771068801549
-1.0738607758830578
-2.9271456990589906
0.21826776656860605
-0.4733620565534005
-2.2122009270027987
-0.2751594759556285
1.9008064558827586
0.8730576448397281
-0.7061724642980258
-1.3476413945164512
0.7701970123897015
-0.9524194014029356
-2.098887497256902
1.7682847482384352
0.3411879215920339
-1.5760797792699621
-0.9715024798870008
-3.9419748270370705
-1.6273716437953887
-0.867079310956615
-0.8430898038331169
-1.3489969810270972
-2.2661631873125603
-1.0084385266331546
-0.4980117379396957
0.44970892490383296
1.214659934438989
0.6631571222880265
1.1141014369937863
-0.4432552426383492
-0.07603489311459963
-0.5735030451734917
-1.1164158003728402
0.19155636380243907
-1.6498529857408648
-2.193263485226993
-1.9070148363406523
-1.1064383705485525
-1.7767052726949069
-0.8362324714717481
1.9015617817113717
-0.7694314714845002
1.9999524970872318
-0.2535074958629765
-0.2903033051048437
1.7821325673617046
0.6608076503347631
0.508483649434673
-0.19771799459758696
1.2459235176891856
0.39280968345903244
-0.7589424513926826
1.0949878963663338
0.33187799429081155
-0.38717270051811964
-0.2409373518613551
-1.2139475039900942
-0.7623864845590057
0.25718120859242477
2.1735485642512398
0.2183201054179868
-0.7352564149441672
0.5558734787717668
1.173200780536218
0.30228234181503627
1.060433766495887
-0.2296345916823182
0.6263967170387946
-0.16430817182421453
0.9782375371628164
1.0122142350236378
-0.08660920246000026
-0.4229382324611817
1.6657568244256886
-2.2697966216008156
-0.9731188810739456
-0.07327791756472342
-0.2082457941138278
-0.7662114928688702
-0.27713385687884196
-0.9047760605774579
-0.758513702161789
0.09078622267298005
0.16526567407147483
-0.997551868040153
-0.6460085866585709
0.38351738706471494
-0.9855486474893577
0.4347504700605509
1.59557297451965
1.1159980506308549
-1.3601862637752666
-0.31392835116398665
0.9811930964453704
-0.5940212510196041
-0.1228901565208765
-1.2652708587016857
-0.02410732207142207
-0.7675368155904297
0.6862651622794655
-0.5066501334584897
-1.1839948843522796
0.28028286607964026
0.0629676185647274
-1.3640757866596198
0.10699297355026526
-1.0761875747816343
0.18407680482369387
0.5546305445697688
-0.43532599800583605
-0.1419544697106035
1.8829223503627412
0.762594277602848
-1.154556789699775
-1.675002045285367
-1.468098981758337
-1.1114758555184747
0.7422483342676192
0.08988080799366173
0.4055159983588674
-0.7152703259262528
1.7076835952292693
0.8554357778594139
2.4491990162820443
-0.8449491281882539
1.5546693245094272
1.4129871854966796
-0.3928737384326598
1.225492511711297
-1.1872344543371762
0.3418312038462527
-2.1568881454051643
-1.3562870780831044
-0.6514178712068969
0.4525999655215186
1.0508535206450613
-0.32687483422178065
-0.3774090203912423
-1.736946124973044
-1.2849888993418364
-1.3860647272070812
-0.31762769050130707
1.1076497027825187
-0.5466382707763273
1.402806295554663
-0.22289009718234998
-2.028804700947691
-0.7246078253364568
0.7750052481661308
0.8859684123202519
0.9993546223144129
-0.46205269747943006
-1.445740430109732
-1.485552088657735
-5.390829312707502
-3.840339690538556
0.327226911230916
3.609094450330161
0.9235526232865294
-1.0608485962263707
-0.7980502668695745
-3.173063436250454
0.11159931119551514
0.31559038085932334
-0.753404746337511
-0.5856484826204941
0.42870519123766526
-0.40963443089536306
-2.9679368523951584
-2.2087335795757848
-3.7889310536757272
-0.21373539883913767
0.6187038491901752
-0.024100452369393725
0.3635816966270861
-0.3309759573915553
2.995889885178874
0.007004021721988357
0.10515790331142404
-0.5088200717406085
0.0773546837188024
0.8895649853271086
-0.17910801810837831
0.8728337790290154
2.2298151747482855
-1.5893479592909303
-0.059959090688613485
0.20949028036920458
-0.21935571819323973
-0.5942323679288799
1.1470334450747706
-1.1701818248086386
0.6263291386991564
0.11166887851361333
-1.807939556226077
-1.690515052390487
0.7971197524319394
1.3990463824223565
0.7712668517741599
-2.440518119353418
0.8570904373306925
1.57658000074564
1.7977471452964942
0.2874452808457049
-0.49270900032888953
0.7404831914579463
-0.8662286932649987
-0.04418888483681557
0.23590265413980213
-0.3219310135526787
0.8410758403131634
1.8490549920255124
2.095334153170652
-0.7154293375077404
-0.2648934212687331
-0.49283578760653657
-0.583350489000029
1.2109150036049483
-0.1653792359754397
0.2607066000984359
0.7645834309684105
0.8340970672318957
-0.7745132503849572
-0.30300882793013173
-0.05267204643386649
-0.167548209184115
1.0005868959838697
2.6170592139751743
0.3809099636711565
1.438806131631877
1.1602480975822058
0.2346959286761719
-1.190114949958466
-0.31391874824021476
-0.09881683442454159
0.3838042211443327
0.43942847013729475
0.47345498370128153
-0.8901652821068592
0.3719986637642877
-0.5064748987681932
-4.430718870082109E-4
1.6096865961981672
-0.8739061007338437
0.14074761427701632
-1.3719206179796797
2.8838618855386673
-0.6498232927635127
-1.0483110938337503
-0.7699003675283713
-0.13714097194175875
0.5331611924308277
-1.1818391333071925
-0.16565964168582623
0.7881928684102651
-1.2041375065341189
1.4939150947163506
1.0579944506793293
0.7635667723250573
0.11760081326488381
0.38219432128903164
2.807985049780901
-0.18256749775990774
-0.1499843982832571
-0.0370647346728547
-0.5173596040519509
-0.3393440137913877
-1.0606491595242713
-0.8181858447085334
-0.735085047462864
-1.2405264008107553
0.05120081956316623
0.9903102891825963
-0.5299245434559159
-0.27792417003822667
0.025349196535110446
1.4614250824582689
-0.5487147941462338
-2.4925727468774532
-0.686681757242908
-0.7811869132785738
-0.19968851880912128
-1.1644080881722547
-2.0843705238144965
-1.3086282422184219
0.13590728361833873
-0.6206810024358609
0.11272960614557234
1.564006986870944
0.8987401099058274
-0.6147969398787092
0.449016820359239
2.4163258979639672
-1.6984535534545113
-2.918756380014706
0.5972621841415189
-1.264151141851172
0.08531060140147392
1.0240362616781638
0.6208099955387472
-0.23862685725312802
-0.05743696746721104
-0.36351259154836324
-0.2152019635093449
-1.151146543777233
0.8568090155141526
4.263307210536068
-0.8654287762184507
0.44591664008279686
-1.8200224915622842
-0.6729774735744042
1.2169197628540909
0.35204009412908466
-0.4283674888525284
0.014655087408174852
1.0224079093689946
1.6758596512963377
1.0143496581948512
0.0428434799835673
0.8123405206135731
1.3324406166546645
0.9053704624696994
0.3771081759173878
-4.071009897637432
-0.6574779988513615
-0.1543974615521954
2.353902526148021
1.4997457540985069
0.2635077939716193
0.040209919266568195
0.3882767312477271
1.5146844845807017
-0.012036750638990908
0.13031282316063406
0.03386483990669271
-1.2946753113479297
-2.258388498474814
-1.9289772756399297
3.6983679229140964
1.7207761744580803
0.6177970427955194
2.7250257324230485
-0.9897782250575304
-0.023705446591083385
-0.3110817421601213
0.2950934191636113
0.8940302373555977
0.24213684727355142
1.0189732443935318
2.969822130680202
0.35540104798514455
1.9825822306039524
-1.964662840639512
-0.04337065088599608
0.5844501154025162
-0.14362334215169145
-1.528081055319847
0.2763457312256959
1.3503194183593674
-0.04692285575543331
-0.6385652603041414
1.1566420486966171
1.0599293826187106
-0.24704415979775968
1.2793773505890496
1.9236979660407636
0.7917849371344025
-2.580725765384505
-1.373007117345455
1.0659046723104963
2.1214793256376145
0.12792960332688566
-1.9287167505889709
0.2577636418618993
1.1346315664464401
-0.9905736839047554
1.3004540542188106
0.8192919814722914
-0.31324647027510083
0.7328285051533925
1.7212109384989405
-1.2455196382801528
-2.107093368687944
-0.11525889799350307
0.41766989972974256
1.0150801136426342
2.269909518757222
-2.7154565104687696
-0.7034417790490046
1.867130812928624
-0.040258805424925034
0.013060224393873807
-0.2829393838987892
1.4447407509923922
-2.887540263082493
-1.515486709040748
-2.6661951854990518
-2.7632641929476818
0.6432473238759733
1.4832831248659955
1.7082755032289774
0.19755089888495544
-0.007810842289134813
1.3229752270950603
0.2954180772359968
0.6718308000333497
-0.3228117271889219
-1.5368040836338828
1.2159667937876473
1.3488813918266946
1.2512425406746168
-2.8549436944386026
-0.32956623336653784
-0.7170400889250791
1.564125585497872
1.852476831675451
0.17828595524069732
1.04373004928984
0.7194439120184148
-0.6794899981558158
-0.13608773849525427
-0.7744923560510588
1.1229644985647413
-0.9418131374593608
0.5976615083815602
2.0068447598845136
0.5059826524337385
-0.47414055875156563
-0.8973917515965324
0.3446569466439669
0.47647383021756773
-2.6180114460539485
-0.06271930542078545
0.2567911965261957
1.0205554911910673
-0.5950691478062842
-1.1306409553049974
1.2655422882224756
0.9841158137964604
0.47719327891019137
-0.46269039109947974
0.3556163126577147
0.5627973384254118
-1.66547101778998
-1.9154736267565826
0.3070396594321917
-0.2513709649925187
-1.2554454525693655
-0.9089664013364489
1.0947371762699194
-1.4618289216844396
0.1275697013070701
-0.21040557288950854
-0.6661279117605443
0.45065537734472816
1.7969778464741994
-0.5324888829325473
0.2522581787818599
-0.3157174094519691
-0.23415196681070055
0.6924241289231106
-0.7559973386204626
-2.561084075653268
-0.7895001632789174
0.14182492216426754
-2.2262921244459983
-0.24521630656496204
1.2211136692515687
-0.7358292359521776
-0.4010238172421909
-0.6458734231715592
1.2886926564790908
-0.8308545884941558
-0.7336396710491853
-1.1003989442777522
0.048431656429879386
0.15947722808233708
-1.2327916104790682
-0.14431030941180353
-0.006767036848356671
-0.1633517782595396
1.3376507292506055
-1.4722624814969143
0.01697655560167901
-0.8246217548515822
-0.7155489584457635
0.24832539980140828
1.20893915664638
0.2269325515957042
-1.2028153420871515
-0.9354721583669319
1.0786464148460226
-0.13730421208257923
-0.17359739035687108
0.13808420894749082
0.4354514841120495
0.4818691624676823
-1.5468783872028435
1.9165005358513627
0.09119626130005312
-1.0603241764877056
-0.10361108398564324
-0.13515953219012083
-1.1371980833182649
-0.3422917716882889
0.11766056058915993
-0.8838575000642869
-0.4692214417036216
-0.7922776515905623
-2.0061345429842827
0.19080763864664466
1.1646059777791533
-0.2593548011073465
1.2660291786875593
-0.9680926828939862
-0.5820793508985914
-0.9113223609904864
0.5977287224250866
0.7306468031903071
-0.10108044125490191
-0.03688759984407972
-0.044459841791669584
0.6525540381524793
-0.7992396489152243
-1.2007916489799582
-0.9658185237902807
0.5494504501779235
0.6098808868972329
-0.7777972236676357
-0.5562710651355853
0.18607760352040792
0.04115203506677194
-1.4640462981897635
-2.057918339818827
-1.0779917855854675
-1.6226258071958581
-0.08814920067814949
-0.7884989529028361
-0.20759978854921218
-0.7709131901943698
-1.1154278254165062
-0.36111991008313193
0.9889971014707163
1.409795495137164
1.4087757650546588
-0.6735224979267282
0.2997243127680575
0.927791679960614
0.4578882972245712
-0.42767536473361206
0.8877915779038336
-1.5484677704155703
-2.2001126481854834
-0.05022514701674303
-1.744599073519299
0.2692280661275491
0.4049469743309001
-1.5158746315071332
-0.1536068690821293
1.3147689598715344
-0.5556870346462512
0.8183517909155976
-0.6043772489173869
0.5627140637471035
-1.0431393426169764
-0.17128477246185517
-0.2657810860190596
-1.6395077209553348
0.5142101068043392
-0.8231413651038554
1.063813737289667
0.8038201178032794
-0.22324632453402768
-1.1741223256952424
-0.13676651663851208
1.1667891243364505
-0.24838891202036126
1.7729692559581833
0.1885693959686703
-2.1337279737204002
1.2409806154269507
-0.22134652208565234
0.37115411528772974
-0.7906686163085924
0.9375658014925613
-0.06551545561583418
0.21064079015153528
-0.29331922673343697
-1.4201148406419475
-1.130558801448362
-0.7175214265915774
0.387194186733036
-0.42494704414151396
2.0226500259259645
1.0699125403731593
-0.6264262247198851
1.4890071963969247
-0.17622516743541547
0.6849090225982144
-1.4764138448292334
-0.6977883993147684
0.03853074231012531
-0.31170429900709296
-1.1193854685854225
-0.16154592621684774
0.09919124105089905
-0.029997877101855825
-0.11231779879873134
0.36339737587249654
-1.3875813097569225
-1.7032185338650099
-0.884242105696869
0.0024532030205978456
0.08825895361493533
0.2904941391666081
-1.3696139843124853
1.6818633617200998
-0.6090013638383628
-2.3907919270775007
-0.8267260105516879
-2.0550136907786523
-0.15100115672846187
-0.5238046520564852
-0.3739607230511092
-0.5679574768782089
-0.5150629180957116
0.18011383915826207
-0.39164218780586724
0.4224876693841717
-1.0281977170290975
-0.6585565368301224
-0.054078220656668716
0.41724668410101734
0.8681964184297468
1.2297161115484636
0.9429737356945008
1.4341843322733947
-1.8241739391714138
-0.6926956589148933
1.5734486773131884
0.9185773576640176
-2.166739472304171
0.5419535944772904
-1.241019707139844
0.662593655619647
-0.06747049032925528
-1.138838058631312
-0.14329372988886405
-1.9159016972081633
0.9025195803783339
-2.614394009643191
-0.19738849042341322
-0.14540223511720024
-0.511275538732205
0.33416830998172425
-0.8443089532070576
1.5966410544018286
0.8245777904611195
-1.0703010773695618
1.0755128839550685
-0.20319653231207987
-0.6802546804688427
-1.798666743487243
-0.2464891727906347
0.14781322829932403
-0.6565633815885898
-0.3634285235377302
-0.17250116680443206
2.2440335823923383
0.06321657358307423
-0.7810017379825422
-0.044759429171011784
-0.6520731375548459
-2.2425310108180216
-1.2732827907783244
0.4534416249091006
1.8994909455891096
1.3011751443881316
-0.20480704183039516
0.8583993812505644
0.6581242031663429
-1.1984009145827759
-0.45635212269305375
-0.8050951147491425
0.534157367536432
0.6548941645626672
1.0409620995737976
0.10152933926701199
-1.3148335338265362
-0.6248602148888238
1.1920411831943667
-0.13947322821793184
-1.3918226648975025
0.07013093974319845
0.8794001109782568
-2.1518408934244224
0.7689104220013934
2.43556362790239
0.05527821840738983
-1.0336073671356916
1.1209006857684094
0.9430690158613207
0.19632375578030667
-0.6842422711967042
0.16449900851948207
0.7859739377121938
-1.3013012160059707
0.4978413697928457
-0.8332485605171938
-0.8760305467062985
-0.5367578786869857
1.899102258615892
-0.41041285753385226
-1.5879791177468467
1.9568949661678234
0.3557290011582909
1.482171197027765
-0.252049366747857
-2.528829387095443
-2.275526014483898
0.7035172657929925
-0.08624557072928996
-0.27616557060138763
-0.6227018129942967
-0.34872568641447155
0.18396515416137374
-1.6155901678735585
-1.6945290213446298
0.1552921772106369
1.1597757882038053
0.7747762167641571
-1.4383318030273793
1.6100444643314409
0.257844678366507
0.32123069766105244
0.12002727337586738
2.0370394099548865
-1.5080535120933598
2.550365939512624
2.6463372554535596
-0.13183728035371736
0.866255126757019
0.5637676769459651
0.4915743848424488
-2.6410081319037233
-2.0430368332025344
-0.6498963307502271
-0.5802896675493158
-0.01199167656109518
0.9819246649854179
0.042805796089468155
1.1874347954841962
-1.6219979982440067
-0.2928069814182333
-0.18994310018472926
0.388538511464842
2.3678511389114956
-0.18297026271665048
-1.6188335663594382
-3.5685963753033842
0.9239402029723347
-1.0029375387871704
0.5269323229640234
1.7028908417763806
-0.38042358835585693
-0.20394930187055096
0.6963432925977959
0.8530033174612126
-1.2909139621841803
-0.7936040975943117
-0.3242653138198107
2.9939606153891893
2.4842859482783903
-1.5046896989869933
-0.9944730269125707
-2.105620581862092
1.8103832497921306
0.2305852722962013
-0.199958366516109
2.3178384051655896
-0.051606753117375864
-1.2579442482165597
-1.0012382321212123
-0.8556193553188232
-0.9885138722143084
0.13337724651402777
1.8646834568204473
0.5315766735612152
2.100928905762273
0.40004441550081105
1.7526203737215549
2.3246905859864917
-0.9836784622560778
-0.5461727486685184
1.8957236816633083
0.3070650893695839
-1.7913923091587443
-0.47111969686138694
0.7719787635515958
0.6115796940360139
1.109137469808366
-1.8552116628891966
-0.14728714529366485
1.5585813367265413
0.9938261057136856
3.290664419384761
3.6621205866752553
2.740788659575257
1.2374433840728245
-0.9970452277026985
-0.2527450402251645
-0.16626802946436403
0.864764771446372
-0.8837742683413276
-1.5472690559011926
-1.7793501665498095
-1.548620344655574
-0.44249864475292655
-2.340948318511626
-1.549710809994983
-2.0618244733905464
-1.2488697981628407
-0.677967065324533
0.2651160899060958
0.8958623368753066
0.8985574893958252
0.2901490058456932
-0.6089974112313767
-0.6497234674761159
0.04849051194299452
-0.10477596430430815
0.013072792547878373
0.4759298143738017
-0.002787434214005413
-4.025895860887975
-1.0119266724633014
-1.2193782077590856
-0.6294930229320352
-0.09200201750742015
-0.6739439150495612
-0.026358316912511396
-0.7958848105648082
0.9808686011496908
-0.1357841594250382
0.010418601249361404
0.3625041092881873
-1.2610273160085772
0.8902250255970062
0.8928468857081391
1.0465961577996286
0.7889032307491312
-0.62537038647421
0.389490795092808
-1.2671133224100382
-0.21407025388017142
-1.3946317036860696
-0.15317415615963575
-0.0814063969322163
-0.11840767451067846
1.7775918866192209
-0.4110640135673283
0.8225603602346336
1.3269420531171754
-0.9387404921499254
-0.3228357007663686
-1.1908804535352857
-1.6078528091448625
-0.6902374658543364
-0.23726410667239953
-1.3822336418783578
-0.6089445955703472
-0.3645583319853633
0.2051783095046387
0.28122486942399755
0.04972407971195343
-1.1298839137351986
2.036158478126197
0.5891634281317355
1.7687818405409674
0.0027761920938992385
-0.4020979768988931
-1.957424151049418
0.6834214161257917
-1.4010955995429915
-2.7079028900312694
0.05270687264525177
-1.1720959780413303
-0.7788396938438524
-0.674987124487646
0.9240769048722093
-0.8596334029656989
0.541823883378999
0.9570233762310656
-0.20951286853943596
2.3049079459031767
2.2075209795884474
1.9624823973693781
0.5860834306172752
-0.7610394412856738
-2.352215405517732
0.4195394203348461
-1.0540492595687414
0.8613047096917974
-0.986774826430568
-0.8554657387900977
-0.39250844916483874
0.43860616714012085
3.0865650317094313
1.7234463976615995
1.7700043255945357
0.4673280055252514
0.5716511633891027
0.7201932694374449
0.3861951285790816
-1.7176611367018881
0.16012699794754218
-0.858141114494657
1.7660350542779057
0.24232071447906875
1.0053790005137109
1.8111024315400164
0.35302959242014736
-0.32871247690649846
0.3294775597476835
-0.1733877090588764
-1.4723413776226784
-0.21756956241040204
0.07223918009528145
2.499136118791861
0.5482637941529813
1.6344833202122857
-0.9624634579595287
-0.05400080653979905
-0.2688931259797162
-1.6011253228226328
0.1260510953344635
-0.710484846104904
0.20605246690490794
-0.5438232679809505
-1.3342619947841825
0.47883285712868867
-1.9817962730563703
0.9304536569220032
1.9580230749759162
4.358803770936425
1.9061232633281648
-0.7021470470779454
-1.008886965761072
0.62251433161795
-1.1045634826588566
-1.1237613719729982
-1.2570346640329622
-1.2374931076276983
-0.7628895307255615
-0.6498332567034988
-0.9509358665806207
-0.9998188330268865
3.542768361207821
-1.1498512047405192
0.0069914456392576605
2.4105489598099217
0.8892153859441563
0.8688173563435184
-0.27713322505861654
-1.6917088578989397
-1.1348977088969272
-0.07003348691745713
1.5122624196929602
-1.538625469949871
1.815825584375607
0.53434714764522
1.3724994005307225
1.536213878447629
-0.33013639478342427
-0.24397104577961418
-0.35087419331935127
0.9641275454158763
-0.24218314994191856
1.0955207103974738
0.6160122701711113
-0.2027109443599607
1.3038462232859165
-0.36638024355323134
1.673707748780974
-0.9267143242424181
-2.2308472390786016
-1.5027394518601709
1.4654764325653622
0.2466343461531292
-0.982455918578623
-0.6344573522507756
-0.4642287324612774
-0.2758567520228919
1.1629709867598192
0.23370282710706633
-0.1216316591120419
0.14961241145176607
1.7229580653997554
1.6689816747328767
-1.6148146689487748
0.12019708886376085
-1.079545801570121
1.449321123439399
0.9439640079407249
1.3331640660336195
0.5768229521748256
-0.24134982746575878
-1.1028901534901152
0.1722727863818316
-0.831234121647615
-2.6950478795833566
0.7762375602299538
1.3055272310393133
0.5171589339651876
0.6589089020204869
-0.8120341566230057
-1.159846246309773
-1.2511667312001593
-1.780326506615095
0.6952821396646034
-0.8617943694173072
-1.6892125382239647
0.3868903827981715
0.08572091950227029
-0.6862758696006697
1.0641593107728389
-0.5476202831824539
1.425360701480555
0.37275633762983795
0.7346230820226296
0.7374868559412394
0.8946140459707601
-1.2315474958677122
-0.08585137470190518
-1.417137410198713
1.2120411020513546
-0.6814338052745146
-0.15604758666242893
-0.15819785927951088
-0.23995362494082964
-2.8021297271448873
0.5178548909780606
0.5041682810911825
1.262705492747309
-1.0288922996776628
0.9738955384756561
-0.7094141135710537
-1.7548657443483646
-1.7903828533350703
0.5416454598172178
-0.83892472637664
-1.422541421039695
1.029743412801675
0.16739598142181214
1.4780764402385163
-0.7783145999098102
-0.5995834812936522
0.8029504264975722
-0.49575882375760627
-0.9482009984427111
-0.5320629782403293
0.6382187055380146
1.667233362536025
0.5492175637739929
1.274994663296072
-1.3969094303126621
-0.01638601892988398
0.5656755333535859
0.19262611952519054
0.10466212838152153
1.8263131121395542
1.0370621568115215
0.24484718056180804
-1.4961973028588218
0.6995395537358856
0.14842378941828432
0.04700654318096183
-0.13589033899233222
-1.0672554212170828
-1.3867386993857835
-0.7456014585689166
-1.6249995758325537
-0.11394419774112566
1.1226256738109337
1.2140870752699533
-1.9848431458414304
-1.75010977907979
-0.8170985160973113
-0.4947758881347284
1.0922479576547206
-0.5256965955351832
-1.9620636125407742
-0.037026983675109
-0.652482377627876
-0.1942286375751127
-0.1296346051893836
-2.657787642662836
-1.9317994564823728
-1.635693630134497
-0.869007180881862
-0.6774112048870795
1.815927792196036
-0.5589237148970998
0.3151042663162838
0.46181971905530433
-0.08437487043607059
1.4057025207185554
-1.7808640099888176
0.3864312276925952
-0.6009116731204792
2.2393027657306965
-0.6725795912915479
1.6218546993198122
-0.48278177265036726
-0.1901124889211443
-1.5569989575341132
0.6993118270957605
1.7258236218863685
0.031028623364840885
2.8651440324782556
1.3127502809092113
0.1311204203202166
1.5295333089588259
0.8253086712339042
1.4820597959672959
1.4064483015128995
0.3178728447726027
0.2787304785406204
0.8368486117137599
2.6156811274422185
-0.8155164500465515
-0.24167693333917126
1.0056376142873562
-0.7613793730848553
0.8223941678296649
1.2021785893471644
-0.04809021075904455
1.2508613110979152
0.9017053764798955
-1.35832886729844
1.7139812313015126
-2.5680410346609355
1.2673415750893648
0.7536082927537151
-0.3030996461094151
-0.006429078568066595
1.1530988156612034
1.1237627549126405
-1.5189194032195057
-2.467272810490421
-3.202973380003273
-1.7427149650004687
-1.6810697703804698
0.11748589209014161
-1.86885976881987
-0.44948559446043107
-0.6714526482110785
1.040821580724904
-0.7076061108398881
0.8399488557609096
-0.20366430649822076
-0.537234786679547
0.4774597450794533
-1.9406141625657052
-4.6274960172116435
0.5748209515513434
-1.1234886101941102
-0.06690006987415713
3.1438870773844534
0.6599796992400694
-1.9191873491238176
-0.038753267945956786
-0.7397019269522436
0.6313932295182116
0.599478616754644
0.7377785813972566
-1.0262819568130102
0.42782114723902653
-2.741289003909183
-1.6333513892349776
0.9226001553473854
0.9637958550461169
1.5833324419255723
-2.767259124047468
-0.1942064169696599
0.12125133592895639
0.758214516522997
1.3357125855428789
-0.6219436486144048
-1.885275812033208
-1.4667256919184
-2.1166801238506556
-0.44739647200127225
-0.4868307592126158
-1.656876860404112
-0.32513375936647365
0.09905607429524106
1.1318890002165785
-1.7626109800623222
0.29030536499781234
-0.4289063018107225
0.0839790342475423
-1.3692222375420784
1.5357558701295908
-0.31650745402281266
-0.3959479074724453
0.3956983457177594
-0.8713768817846769
-0.22892458401289947
-0.00940888933223672
-0.7217317961475603
-2.754267979053282
-0.9266195685998613
-1.6933567540978138
-1.024909366792105
0.23756722537385783
0.7235294216792648
0.9303767619625568
-0.10967362431787434
-0.5103698830074312
1.194259339458658
-0.682165433121746
-0.40327176587489305
1.8748490625728658
0.859947629436833
-0.16613748466905254
-1.0725238491476994
0.5368200804497787
-0.825877467877502
-0.9038576198587095
-0.7163076880308115
-0.21155842932872398
0.18459768445756874
-0.4369840275472694
0.7628630406915362
0.4690399561638423
0.2680847369446243
-0.42997472861343045
-0.2060279306210788
-0.09475928081571684
1.6814165459578232
2.9862395372601256
0.9595919305856064
-0.9060539528464354
1.121975250863929
-0.2588186102151027
-2.7019319460844753
-1.1667262974154353
-0.14762956877548183
-1.5938160082107202
1.1541878489826156
-0.9947180813890619
0.30864513357051826
0.026997486256653064
-1.1622875008165798
-0.23043618968278118
0.20762891387075233
-1.4292101825372194
-0.9777926816767338
-0.8701178860107331
-0.5363742021222443
-1.114853211756583
1.0499895112647142
-0.25727817661580177
1.656391995575941
0.3657484974257259
-1.0287480128855466
0.46421959546814273
-0.044555269390151954
0.8198526205883685
-1.7460116481377632
-0.32192099006393177
-1.592153260554993
0.013227840248701222
-0.31770840721139354
0.5502026971154875
0.958167791742154
1.05686934575224
0.5764911232170393
0.9767391626970955
0.0816450536489626
0.6360663863165738
2.016567216150024
-0.5278029738084552
1.0288115456027003
-0.9109676134097607
-0.29241803512747505
0.335863886499902
-2.1297143339423905
0.01113838154003183
-0.5490724298865541
-0.30197007408317333
-0.4838214543460479
0.2983935456300271
-1.2127980699876826
-0.5022635619127442
-0.32156840874333803
1.30828523680972
0.5685246308401669
-0.6889371497303506
-0.19050764284236935
-0.4141627421735504
-1.4319112183746512
0.6867396826986502
0.6840065568299053
1.6938087688617802
-0.6772682718089412
-1.0312725283509139
-0.41296529481881694
1.4333149301584918
0.22871217849371528
0.05771715298733964
-0.4563538543599187
0.7478889591380457
2.090412087624627
-0.5364702562409943
0.29544654148771826
-0.45992877056149795
1.0130745471555127
0.8522481455320869
1.0750266108947373
0.9699105615227762
-0.5976404183949747
0.5743192967615598
-0.3843462798789449
-0.3584177326149096
0.8552359934679483
0.2061022166323288
-0.6173067525005188
0.7253228103673388
0.30504740894964266
0.7737900799239015
-1.813163590342326
-0.47547302231981386
1.422876830558096
1.6875585020852186
0.4859262978823532
2.3145968461733064
1.2615192042935852
-0.7151909008219274
0.4612652195175245
-2.163167626315652
0.44558633423503374
1.4282048070907905
-0.35638932587676675
-0.9062367811576778
-0.38137118852721924
1.393838332529719
-1.5025342646823152
-0.09554665464844442
-0.9119033514389867
-0.6183365824816454
-0.6687373854541909
-0.15046953495059362
-2.3790337656348086
1.2827987016540914
-1.2255296964412334
-0.727214903375656
1.4816297572298218
-0.8518691057480445
-1.296180983949429
-2.1831513654389822
-1.9659437759235467
-1.304862598098352
-1.116897409141112
-0.843466633502519
-1.2181148021565975
-1.2206484096067038
0.7260595121909417
-1.132612875831164
-1.3953751745212983
-1.591787078656849
0.5675071509878816
-0.8720203294391605
-0.11566952955832902
-0.6798226395604079
-1.844276140756358
-1.2156938153745533
1.2131298199644742
-0.5148374711515347
1.859718002643866
-1.1215599317416372
0.5512844176196151
0.04788454918517533
0.6821581882763038
0.7307000721693837
0.35469234484455836
-1.1245441863580978
0.2883163086739022
-1.441579641617199
-1.8176500448867943
-1.6835044830050436
1.633410803430527
2.113406448853353
-0.024506540514852636
0.40506465367454547
-0.8802371257170009
0.029850802947491793
-1.2855941977882308
1.311740477998642
0.09575049803262592
0.6389379353676231
-2.230860216276093
-1.5847264703929669
-1.5327913637341835
1.7708796142201164
-0.8959573997606284
-0.4393883383531738
0.028135072168954472
-0.777002540214233
0.32835565792918997
0.6011940636697978
-1.086217301272721
-0.5537315653688594
0.8269496490330329
-0.47504311205534144
-0.8067002429972197
-1.3718263875483583
0.03635306937681382
0.6477618008332602
-0.3221309130410393
-1.4569188947983462
0.2527954550561249
0.6752820077652866
-0.19233673151920783
-1.867015223645824
-0.03425398215227775
-1.501548837204582
0.015432744372672981
-0.11180111325183772
0.03998462646623673
1.4308440316603206
1.0321842996674446
-1.213137784959301
0.06619818556831628
0.9510708828225832
0.5219867743695014
-0.22047105805598466
0.4180553869205969
2.280970220160427
-0.5585636803178089
0.30268666329100224
1.4632288301850251
-0.7701586693871898
0.015320231973268327
1.179719185339033
-0.49506528340107886
-1.4449002024496234
0.12488993124311182
1.0462944153688105
0.5737544103215444
-1.0759633716200563
-3.353906805661814
-1.3673260324620577
-1.5110139295022815
0.03688948032372697
-1.0239830355285973
1.5724232350737901
-0.15723367540443625
-0.6123989693024843
-0.008281960478506229
0.06938889566672822
0.6137019951462697
-0.7680538041427905
-0.16552213680888764
1.0139495565603271
-0.5108427159453516
-0.26914834322478787
-1.7034939041503478
1.615445824062046
-1.198960491638643
-2.100730644699748
0.39646428895257324
-0.5985882050786224
0.31224018178193175
-0.16274201522812812
0.005410033039177185
0.9736022883022666
-0.5363558433876126
1.439136746843611
-0.18995733770871587
0.31261225789141145
-0.5257477511936274
0.6170314788453134
0.46139180002282043
-0.33317489810757
-0.42427170461443287
0.3924035398649434
-1.0319794590215563
-0.9389172530609345
-1.1503029720664035
-0.9266610528424735
1.261006316285619
0.9254795122806118
-0.4824515311526715
0.6085111589983839
0.7561319032237414
-1.7603634580770662
-0.1734469942978431
-0.956130135641915
0.6329245317207054
0.8557966476234682
-0.7872367521352479
-0.41281948365766885
-0.4090959869680932
-2.23510432921579
0.2784192272341709
0.6436390354989288
0.5770447779827795
-0.20414784042280937
-0.5289931663509426
-0.9259877511801436
0.06552457274823423
0.023476191580586492
-0.5667790794784453
-0.3732788096564622
-0.1452506254829003
0.2676074070554989
-1.1502560236938317
0.00146861269390824
-0.5638391615603924
0.5072734504835286
-1.4152827857804218
0.24186233368964857
0.1008291561374549
-0.2971075254822642
-0.8450579652325361
-0.45875054758145745
0.68834092313157
-0.3854776953983872
-1.3017195096983334
0.29859000919834716
1.1030968937430115
2.4472349845660903
-0.25397463490223837
0.08078178793468353
-0.4348924578809781
-0.08431329585340876
-0.7322937477912305
-1.747440007176228
-0.30185809064547187
1.1541275141345673
-0.9100800561782797
-1.4610121857890184
0.17091243258260017
-2.0131175856923456
-1.4903020918256011
-0.40917829373947645
-0.534237434789978
0.6803405229645395
1.0030884073937116
-0.07334138914521762
-1.8348417814164255
-1.1514727954761552
0.10188925133506757
-0.9004940281934941
0.19517233929908298
-0.5266096335507435
0.8322964642277924
-1.132395790684939
-0.05912361563729457
0.5694319472221733
1.1315366936796007
1.388578110507633
-0.2214678322393233
-0.06792626626271657
0.29783661864830374
-0.4187284755743734
0.8023832069624867
-0.06540111924913579
1.1768132009880516
0.5526486517078009
0.3236055909576496
-0.5842266306027629
-1.0022370954293889
0.13516019447077243
-1.1082148812898511
0.9644430913125144
0.20053156898410474
1.5204362178263413
0.8912024297547869
-0.19671976036459196
-0.6742973529073013
0.08183976217366899
-0.4084293686567349
-0.8084148926167958
-1.9442249464470538
-1.535941764206693
-0.4097882603704853
-2.033277154968692
-1.0039309447729698
-0.2413486245427255
-0.4872546768427178
-0.2910332692783669
0.7522567183291748
1.0741560106105639
0.8150756323492243
0.4244979804291142
0.3534616712462803
-0.5814272928012499
-0.5672995759295296
-0.8267054462650631
-0.004304070014882168
0.24745544460339725
-1.6870278659701594
0.22297344348292994
-0.024811634135673017
-0.96348903785285
-0.6008071117137156
0.09254854577591796
0.3463768748239292
0.10276393646927448
0.4091247179321568
-0.5356199240321882
0.7744073374821601
0.866828203325191
0.15259692452550355
0.08271693312747909
0.0894234316039554
0.6207298179568006
-0.1097642853270314
1.0181051886095442
-0.7498700913564086
-1.29936184130279
-0.3426035330895106
0.42681596788319204
-0.9775589629639028
0.41356997813579877
-2.2385376951526963
2.679844004131359
-1.235071584229826
-0.56129450762445
-0.024202895191519157
-0.17258195087208458
0.2945707155554048
-1.080548488779918
0.44900223728648625
-0.7830546536754639
-0.27528580501704814
0.0344272858090267
-0.2831376679839349
0.7288008227516114
0.8363231954497593
0.29325842173940775
0.4202756376916558
-1.8724657567180227
-0.64055114912038
0.7438945614131345
0.15884900720870196
-0.5437828563376302
-2.1273746869566486
-0.32493459871649294
0.13958706849213826
0.2767698243738397
-0.13541248496813638
0.36972754633567645
-1.8381157963658137
0.3185489371740239
0.11602485768302737
0.5899279633715401
-0.8464883412748097
1.7724715594740377
0.7342330402764313
0.6402010488395266
-0.4008430769118036
-0.4131460934636201
-0.18169275870151566
-0.130014536204562
-1.039583848017732
0.7991907287693192
0.7474222841545497
0.6797884482817366
0.5015005671264208
1.1768456870812547
0.7395644279435184
1.7293365296335965
-1.0788541528692523
1.0143720369559872
1.1042715783047015
0.7104292032701504
-0.49593174672939094
-0.4778262523243365
0.3731345479810764
1.3437374911878763
-0.9720153996109486
-1.2383115169330203
0.002951219079331902
1.0609508432204107
1.08183900763536
-0.057828252377167884
-0.649989247168824
0.6034401030517039
-2.3818133282853884
0.3527665371488459
1.1789053271811394
1.483041536728053
-0.21835969507799027
-1.041723173797937
0.22369223733305338
-0.9419937363555485
-0.08670923873616536
0.6979052956096484
0.9318417509376681
-0.16854339847095137
0.35691019408429153
0.30556118136738725
1.0819100738061402
1.3774618643716154
-0.2983152678392272
-0.5962630817629249
0.5080820275720339
1.5126875711386651
1.4435534642448369
3.921075856382859
-0.36226151126089295
0.10430075881569806
-0.33082419894676857
0.33645003510640875
-0.24262438445857865
-0.5652775371552864
-0.33399949025610726
0.8419101369890931
0.9860489921168972
1.757609121038437
-0.22826535675445475
0.41496046127409947
-0.7720684199735549
-1.9880874383164768
-1.1889126984867047
-0.4005987823835541
-0.6840108497656269
-1.038639117529017
-1.6105189900462566
-0.46123027180132764
-0.9198185837933379
2.7599580650494997
-0.9177881989390329
1.773648419935006
0.12009165658915678
1.087620929502463
1.0180907507451171
0.44340454007015784
0.6324613088753156
-1.4029589769530746
0.16673578721532098
-0.1293679416364289
-0.17798465698681454
-0.22880485293362918
0.17096826014055377
-1.5427934223264161
0.6832487384725147
1.504649545633237
1.5502512869536762
0.7022389252941427
-0.9713301341795602
0.6649450220466456
-0.6262606458019806
0.604080838727455
-0.23044344666983888
0.8520576383398275
-0.0946295037680417
-0.6052496102056298
-0.36042924623770256
-0.5299334070005834
0.0871115425383568
0.4590111889254333
0.45885458282211145
1.490069378763615
1.8390143598823288
0.3763533297558756
0.016787641341569275
-0.21830183416144944
1.8711234214856982
-0.8572461588399166
0.3007085095616653
-0.19586770384201851
-0.0335845636411974
0.5578708833030046
0.46498639194398755
0.8477179128768609
-0.9996256730133869
1.2506525871415008
1.3637998051785152
1.0056482800926447
1.3567120905799066
1.2758093493943148
2.2582436453705017
-0.21836451805826707
0.20804643977934342
-0.21544558353397425
1.8714395227141427
-0.6536593359701737
-0.888767921871329
0.052651718640350086
0.733935194706575
0.16209062309411137
-0.08782119808025578
-1.6312812462331554
-0.35532620667403514
-0.967207445875812
-0.4577213565406461
-0.3712929670156825
0.016111936553814377
0.4122562908237656
1.1404975364204646
-1.6545054236298333
0.7736578123508383
-1.676248324859268
0.1978614164503638
-0.734817914677585
0.24271361839945352
0.13268165306985827
1.3288815968174228
0.06533154221479248
1.1036857921245862
0.203839610980849
0.3411242233832845
-0.6154106433073272
0.7135557339637322
-0.041298338912090775
-0.8112349194097527
0.9914225555252734
0.42390411380734583
1.0805569969196693
-1.2966572539152976
0.1892754454074978
0.7221640794832609
0.19311734309499054
-0.062468279863324004
1.9964467714024905
0.6480324911558681
0.4906462565729943
0.7629058318113658
1.701098065446499
-0.8388956711083203
1.1422740381207144
0.2224700616200823
0.11916367401436631
0.8448271705024816
0.1356581183233004
-0.9386575986425177
2.343744523294411
-0.5042747854596871
0.07898599907775797
-0.7987455253482061
0.18605329648966826
-0.6490687769342073
-0.8166571790880729
1.626104565775743
-1.3331719236348074
-2.9207631134828014
0.5585630530431379
1.5003519842923048
3.423019091355344
-0.5724352436945438
1.640366469005107
0.5189703438526887
-0.7007936728192278
0.17917287536308896
-0.06550669638294195
-0.5097021495787945
-0.21660510892599624
-0.20449038951065177
1.010454158324358
0.5261589097866806
0.014442204059215615
-0.5676061755470473
0.44410297342021987
0.6628703238043324
0.3277838834587701
0.010647355973215523
2.1297475055610726
-0.48144294095461165
0.4359808877028874
0.21076353807610188
0.5928889859508467
-0.5870766522108881
-1.0860767159931655
-0.03350590265260745
-0.24508666621981925
-2.03846752770124
-0.8361366537205787
1.384828783865105
0.5107898016275744
2.536971386808007
-0.018149383305085316
-0.8666001160552939
-0.058443291939153375
1.460517310729933
1.6497272649953205
0.9292435444132081
0.0043239999657567136
-0.35996370060124255
-1.3470831115078217
-1.2667718069372167
-0.1182781599875386
-0.9782119286922122
-0.6032703819546369
0.9642375427454902
-1.862655611980006
0.47408136392812666
0.3324570540971404
-1.5187351856271214
-0.5252922365716026
0.7307221772107411
1.029154072343594
0.6900791170737548
0.0718356994253019
0.7515068827916109
0.6092382490369657
0.5380033845710437
-0.18972393052108028
0.5582042996800644
8.461555326388584E-4
0.29227820251851555
1.688249792750826
0.31088470735285095
-0.37024277307180536
0.272537182012228
1.481921974273165
2.3974198069382653
2.2218845795729467
1.0654007937975882
0.7264287978561508
1.0569581638503103
0.33045949271021946
-1.3641124575431218
1.0843973905072821
0.08774253662384007
-0.8141374972701491
0.12566411640527092
-0.04017984172974463
1.9470142986006078
0.4510801355787392
-1.6212588730151618
-1.1606454478032384
1.0322749547531291
-1.251073390652936
-0.3317351113688721
2.0165861990501432
0.09799471489753735
0.17091274834161718
0.362085887088481
1.5690704940592926
-0.6268219258412527
1.0476330578475013
-0.5890884034022237
1.3573094059182051
-0.16595699597991043
-0.6621389227590481
1.4321376690663545
2.010430746531939
-1.2896634962094031
-0.9102461298508021
-1.5077479929377469
0.6941427342328291
1.3455419305509457
-0.4979046181726555
1.498043825463447
0.7463204211057158
1.150909666970798
1.95976118295097
-0.49097137324889895
2.2015530726714645
0.43389591896514484
0.8147471663069774
1.2846428088629411
-0.48882428862736316
-0.9716178874341046
1.0978696672939905
-1.5482191173441657
1.8672548138716893
0.1458064371011266
-0.8741790713333196
0.6509148257091267
-1.0999090865463348
-2.0165116518055495
0.46913156155104707
-1.399640692472566
-0.3961833157899132
-0.5843085265845851
1.3003261381832858
-0.6298449911543819
0.08177266971601455
-0.33376714171341293
-3.163370744543975
0.13218099588013904
-0.5357663390558159
-1.0979486468042907
1.8755348230098288
0.29662994569725154
1.2092641858070439
-1.531416867358304
-1.5370484599605603
0.73838416679274
1.9387420032832208
-1.6020595956081674
-0.607131184982959
0.6065589918360286
-2.5281218094609934
0.5049238001256745
1.1491048791056009
-0.9040508183271699
-0.010729073973368766
0.8272383804815054
0.6345667820711361
-0.2872179614902181
0.7574065256298834
-0.1872276860659501
-1.2078215361576623
-0.1860355873157031
-1.1327999112722458
-0.1378612165944041
-0.3012691265780298
-0.8538398282868039
-0.4408468856735769
0.4939405642867061
0.27287941080160927
1.5474753011371827
-0.316639487966189
-0.5089954192449543
2.526039552879489
-2.324639925385092
-0.5889219315410944
-0.1871761503687232
0.7706897582912412
-0.9359256072541652
-1.283410463298
-1.1656614160493093
0.1685746008735424
-0.5461114114262983
0.7835221176481372
-0.41818612754469053
-0.025811069675894804
1.0716541595778621
0.22409503154147595
-0.4168579533398976
-1.2047515789833292
-1.652326511915081
-1.550508530353976
-0.988776828214101
1.3475063120347084
0.6697720782197137
-0.08218031348683386
-1.0411988753720731
-0.7025186313544421
0.740816316593662
-1.2968555874100751
-0.4468736456098136
-0.6390832688026763
-0.3279405422806353
-0.6760462469137595
-0.8729158376928521
1.9895340591346216
-0.9141387429005216
-0.8156913632413694
-0.9919952036518738
0.6717658375782912
-0.31805459357242327
-1.929470485897978
0.24500564660520735
0.9665015842354886
-0.31885302533263316
-0.6612337386751636
0.3341493839969588
0.477908004403348
0.5789571425771592
-2.0017093808532995
0.2860570887155671
-0.674408877320393
-7.304941803911726E-4
-0.13284218550467577
1.9017610764846677
-1.4250495168877473
-0.6794349962336301
0.4642191750838618
0.2522457883934426
0.3387342893142202
-1.1603442863763127
1.3711011358162786
0.3446722042394411
-0.36877563918634587
-0.7294660877387967
0.3399463184282112
0.3733346631232281
-0.07301767215928712
0.7098007692817353
0.2595675674119641
0.22237750529561298
0.5006894254678691
-0.9478806792670295
0.3211704949507521
-0.08482499625420645
-0.8256457823367224
0.2635549062467909
1.431167177165233
-0.9992741091712142
0.14721562317520587
1.6124774352963762
-1.0930051983552254
0.21999363703047523
-0.1490717461029608
-0.5814040317949619
-0.3127162268228274
-0.05322218099073767
0.0013332500714686047
-0.08674614720522976
0.20656035468108655
0.8178560388496351
-0.4521519640095719
0.0638419908252203
-0.42936495377203066
-0.5937987470838777
1.1496973013904828
-0.7463261058381188
1.4292664458662028
1.2517789700999409
-0.1648346515936761
-1.1807328256043503
0.49014765295641766
1.9692236782018795
-0.5551899421661811
-0.005517367256587542
-0.4230370107413034
0.23754515857855082
-0.14468804039110353
-0.8759031878856686
1.3995602147877244
0.2845747127233089
0.3836580761319724
0.16883263817259256
-0.1313363605949538
2.4749163992789596
0.4064210521295198
1.271368241660547
0.5369093683424978
1.608390768584246
-1.3985812214387194
-0.009273561057691511
-0.5762455310937055
-0.6792134078166673
-1.7440231267001
0.5621827360732267
-1.6969506954985603
-1.0955340859143865
-0.4066178081392439
0.8191705348492152
0.42718767528291646
1.645683973306098
0.13154676415420025
-0.1932265434377498
3.729381131122131
-0.9342537214000051
-1.1180177056016345
-0.4794900054270266
-0.24984794733408452
-0.26652159157027056
0.48812868977454316
-2.8609760589727413
-1.1661234762360482
1.2879376391872688
0.6508585722947273
-0.2385073840242525
0.6854494930239985
-2.309623931139777
-0.7603642833471859
-0.43350717612384854
0.39069698542958453
1.0424445135373612
0.40046662385103193
-1.3415710674355372
0.8246524900447857
-2.2149885357750065
-0.37285008413787846
1.0554420376414306
1.293963226239573
0.5197870166128746
0.9378665404885957
-0.005150183808707164
1.427142217167572
-0.5004662347754189
-2.1279832527576654
0.7843566693535879
0.15736847199844714
1.8888921114180164
1.4206031581432026
0.46642026090910055
0.5099053100521389
0.37978352178580227
0.0989373479253304
1.8852483990495534
0.2116186272816351
1.3726068488516552
-0.538874440257163
0.7757330139592354
-0.05634160957735379
1.1143807399486967
-1.190728383677717
-2.190620117965854
1.1058410693097556
0.4140017292156908
-1.5437488622375244
-1.320557024368355
-0.2670527971933418
-0.6672670939748091
1.0585621601766941
1.354410733877761
0.7464195399886764
-1.9278208352441202
1.5917033511109033
1.1536214274704226
0.5934008532004952
-0.5643906721018955
0.07630283721959688
1.2764197776036998
-0.09636461201290242
-0.5854991963882982
1.9232181490012272
-0.6091774865366554
-1.1111560171181043
-1.4416240339464412
-0.3236564012672622
-0.6608199382699838
1.0877956852022006
0.749045190366337
0.9570698527506313
0.14705029091942876
-0.5689983385108334
1.598993849363488
-1.3441360390358068
0.1681205375682919
1.3549766422647862
-0.8025243577898384
0.20078584575914052
-0.00834520941621207
-1.0450834810969327
1.3441228999607588
-0.2667860391507162
0.9388158704340923
-0.8328115945096171
1.7269832906188103
0.7774533672696603
0.5745439740771472
-0.44754566294874404
0.019082923550714875
-1.8589399893638012
-0.5101428317744181
0.6104951908866412
-0.14760045384666473
0.06380811368525484
-0.9447766976711698
-0.9646374765057978
1.0716681418706089
0.18208947727665217
-0.21785864212282233
-0.022385810893603184
3.7581689588576084
-1.194586638356782
-0.6054293603837608
-0.8742930055782876
0.21176110244714116
-0.515744714889312
0.673324231643559
0.6607459482802802
1.6655886451813637
2.4463086545390293
0.6011228351062379
-0.17615929292138358
0.2135557500156577
-0.43135048530271086
0.6418197833718746
-1.3335480664263522
0.023961215074781536
1.148765380920602
-1.0764806180956692
1.3133471042205567
1.2927826801909446
0.19557421360855587
0.10767570252159334
0.24262466241840275
-0.8931405005611212
1.8705690265682273
0.26460968213978514
0.6636242796156477
1.7054792125539788
0.7084113678616776
1.7285034558924581
1.9487081610064108
2.501790029037314
-0.5516789220148224
0.1894672923890753
0.827392864319725
1.0324128838954378
-0.07970053000792972
-0.3825338891008723
1.858432972679514
1.4210154463308993
2.677856208355462
2.8674381451104747
2.143983121840511
-2.174188010391406
1.011386987562538
-0.4388300238233281
0.040479300263790964
-1.5635896029168646
-1.8121242727092717
1.3107327841056902
0.9929535102671079
1.981840954417661
0.42304999754965555
0.8956915131976695
0.018898042238555693
0.6340377481613529
1.7044570475832426
-2.3042529401896314
-0.9590143022895854
-2.1572597998182226
0.053565963357416646
1.1143500182204402
-0.47211110318553634
-0.5148662393627526
-0.697015725053485
0.828957329091028
0.16863728487809676
-0.2657815024419934
-0.5573754676582299
-2.312687017138106
-1.4101495164642361
-2.5764919065495975
-2.1334181400994643
-0.28046424472377807
-0.6042595637582886
-0.7468987379024186
0.8279301602307447
0.49110646728222845
1.2474719743252678
-2.156307724406848
0.7375527309692165
-0.5984000236063329
0.906571302007379
-1.5280773960792533
1.3042797734504081
-2.3206879283576303
-2.301300470821115
-3.24120514391241
1.7530421817190753
2.24117567291366
-1.9147983936556079
2.3111835598317234
0.5085501904998178
-1.3244604143302026
0.2575436509150622
-0.2638009325805397
-0.016881907227338816
-1.6288540239934781
-2.402596386972399
0.11240993876564818
-0.9694710007074304
-1.2367023567189486
-0.6219700053355204
0.4362238497572689
-1.0290199959326447
1.5800163625291157
0.44544143305533124
0.41031081478856885
0.6295414043971994
1.050173167155507
0.21370403399865578
0.48677293736757343
-0.5333197210529461
-0.16232923246655176
-1.3966641377258457
-1.009930960656154
-1.4624356317287894
-1.0071140889723162
0.23022748291149636
-0.8894373082671669
1.6142567262357255
-1.0046100944397647
-0.4781796958563517
0.9668140140399661
0.14667081738202112
-0.6757361590744263
0.6850703932843272
0.6864254999377281
0.5819643852556966
1.3905693333301525
1.5358550113108327
1.7318756085717075
-0.49052812112292327
-1.2282431245117331
0.3819761810726037
-0.753393233916563
1.589949235435573
-0.4496739276402775
1.1305173949131577
-0.9433279280510831
-0.5301346303922864
0.1716603988533297
-0.3891653028661664
-0.4799512594088354
0.6838673915603587
1.0950501848056347
0.9566500312564892
-0.5685790911091687
-1.4211974752921972
0.33915867435436864
-0.9340490388963021
-0.35728765117136224
-2.554980314747884
-1.0578279405874491
0.5987318733625306
-0.2656292150530927
0.5279987686162662
1.2351154300580878
-1.5981409151464137
-0.5596635799036945
0.628765193063294
-2.0740331981963505
1.013516790767866
0.7127675169536714
-0.688351526386908
1.1967464458643622
1.8852132710806055
-0.21989841754514547
0.5835555692977881
-1.219166509826511
1.9732185175639412
-0.8184296208110406
-0.16938915341280236
1.4543709659115294
0.8964060293929399
-1.8276958460278918
-0.5323073272987789
-2.3491242442876477
-0.8548294099731375
0.49476260568484753
0.13078716004514804
0.2569882867039881
-1.0483021703529019
0.8504384819557662
1.1939440287616667
