0.9079212949834408
1.0224551266788342
-2.380294073435104
-1.1590301994384817
1.5146139756634966
0.3632942505492047
4.873081029951998
0.0869362355410833
0.17729220813566385
-0.9923115355165802
-1.6060066647279148
0.5773675926969285
-2.3438751021135014
0.3417264954286291
-0.5473485435647545
-1.758973146674919
0.8974750235642833
-1.3350993010326826
2.2480681292535856
-1.3766840465431627
0.856297958076568
-0.4986512686601386
-0.35276526966619765
-0.16115292349994442
-1.4587792802192014
-0.9232572967959293
-1.8970745712111496
-0.14133897251264257
1.5215547605724524
-3.0024240708641567
-1.8800233070294878
-1.3938268019455973
-2.041760976795172
0.49269192583442456
-0.07776559028333327
-0.8234862894184093
0.14973527267219183
-0.8655653164208271
0.038640830215482445
-0.48313067232332285
-1.478419453856594
0.8566088421613398
-1.1476102868482596
-0.892387461002228
-2.387831671781054
1.104905742892244
-0.38877600508430543
0.7677591791769655
0.08121786809023215
-0.2534834887325618
-0.3681806160041939
0.678826410754608
-2.105502107361724
0.7807765718954134
1.0815651547903509
-0.6069788920169428
-0.3435460245478621
0.9754480150861106
-0.902046445082689
-0.05230443197162615
-1.5433274298969846
0.06656386234650785
0.28401214505064315
-0.7194481370736395
-1.061676484106667
-1.8807983785043358
1.9296055436769088
0.8628766057502302
-1.0597238748350954
2.514005297198416
0.41293621183307366
0.44141641321512187
-0.2940781804220586
0.11388967471948207
-0.5485259127018124
-0.1845652359871524
-0.15955017603416038
-1.981625169855733
-0.8892067473686748
1.3751763482463362
0.9729730185286126
-1.1776056333779878
1.5881407005522075
-0.3934177789244266
-1.0046759016903808
-0.5014269275581619
0.44574234151647696
1.4780099493279117
0.19554701488347215
-0.9214341226022422
-1.0513503973358331
1.53445427526843
0.11652876498920452
0.9611706285848624
-2.9596406079354844
0.8960807234638187
-1.254162578193985
-0.5268641252073881
-1.9625648211360731
1.0193959497070904
0.5860626975001493
0.6191169215119144
-0.8789276737535828
-0.39186297879677867
0.9614683350845746
1.3218779198082846
1.4651225337961038
1.838267033440604
-0.32381365194791956
2.9228180897356126
0.8716591568477507
0.1891892404482144
1.6472924486275313
1.598004375106986
-0.64255432968935
0.5881865440831058
0.22701316210319258
-0.7844253711651614
-1.0164346229586987
0.9193054038872467
-0.8154294070001055
0.18028134024386097
2.2112755209732926
-0.8062126269819766
-2.048137984474772
1.4515627779889786
3.0443579727668504
0.20977451128510843
0.8545540594351895
2.342488674265174
-0.1761730833549693
0.5340699731848061
-0.7415035706514514
0.3380993784942253
1.4307575860335748
-0.033481526512745545
0.7543300648015516
-1.2140264815952495
-1.4780272036979567
-4.901003208354202
2.7628946461236534
-0.9640235485062969
-1.3189836642616
-0.6205420064924739
0.8583388463393944
0.4870992448463288
-2.1861370412197
0.017302208226385726
0.0977476147606857
1.4790763283400528
0.98641620243201
1.5283271068615323
-0.5800008536245894
1.7919779109471907
-2.0308187115460905
-0.08562036452511089
-0.9989931102818064
2.917734249144668
0.02296897812748002
0.13095649603155235
1.1441080854354624
-0.643728201637346
1.0457184697123825
-3.2849348364608635
-2.014085268587461
0.8880206023174342
0.18055431534479832
-0.9183273153430378
-2.2359442498822806
-1.8600796084842628
-0.7596579207901037
-2.288173663482084
-0.896074907707066
-4.1888339483710375
1.726472638916952
0.4286730744886637
-1.8866522878624388
1.6753673760936252
-0.005320909238572574
-0.5599469823126504
4.586510306401551
-0.18753646712651653
1.0732179822588592
-1.1471607199493448
-0.40680883002094254
0.8438881309332028
1.4519130080022746
-1.982835647428939
0.8181079112772783
1.2765815542391628
1.1101624061332793
1.8839851034491173
0.9844975207135707
-0.5794015600363456
0.8600890613270996
-3.070620997263201
2.8778699989133196
-0.1834159640567546
-2.046459479033431
-0.46011975237702496
-1.4849423328118951
-0.30429815695627244
-1.3186197554838743
1.6995041431000324
0.6568468232247048
-2.5533489674480827
-0.9451426669146016
-0.17817447021601276
-1.7004600923214443
0.7989933456740544
-3.211052213647606
0.8181155325425606
-0.4383096584912271
0.8609733423187501
-1.0187324395086552
-1.201012273735136
4.388755541547504
-1.0380068792234112
0.42847872537600756
-1.807626562738828
0.7458590311273989
-0.21353885203721068
-2.292639202752373
-1.08201896656054
-2.0300332017405105
1.198804454173944
-0.17751452995442393
0.6087751652699831
-0.852474861078345
-0.5512118788540975
-1.7203221389775858
2.256435704085596
1.323017047739132
0.5930743226266376
0.4592042924583165
0.9628395988977396
-1.730921946381987
0.1575378854379965
-2.2404922289764637
0.4221608979341982
0.53227541779432
-1.7402397545582753
-0.14245661523609102
-1.6249041763212828
-0.35067133170226505
0.10049776391851771
0.2554156896298797
-0.09414253843759082
0.5811587748402128
1.095140347791042
0.22003206693621324
1.944665609146477
-1.2449245816130008
-3.5224130405172613
2.568865329783812
-0.9716387346494502
3.0439907420327956
1.6581257097798119
3.2292790355208374
3.1808798582240327
0.1859386977742826
-0.7154087271743444
1.6072881994772397
-1.1749834912439847
-1.3359149190158244
0.2667943867714997
1.1700135986483249
-0.4669334030628117
1.6541747056111928
0.11073606835063467
-0.04378996311560665
2.396452750344126
-4.213792949065509
-1.0104674818331647
0.7830155101580245
1.9389040182071067
-2.028530762335875
1.5938888174189356
-0.42971201702127804
-4.0953766700746055
-0.4703027857080937
-0.4874186053636106
2.1676270469377457
0.2777187814712719
-0.5358603257963787
-2.58585055687288
-0.7411968095749047
-1.6693633927903884
-3.1433724414772795
1.7880249213748711
1.9776184856645853
-1.5458772974863593
-3.7415246092868597
1.7676635350636505
-1.4522696091342322
-0.3651005815802602
0.10679108802403085
1.332090687064498
0.47905887589613705
-0.7928560139331094
-1.2379315767737962
0.8968330416608395
-0.21523685434489598
-0.5872890575813414
-3.085611761314985
-0.7185082823287634
2.148395249553968
1.1854641279739626
1.4902961797408685
-0.7954607911806331
-0.026379036483052145
-0.5211672810154048
-2.2915328836586086
1.2190267315713557
0.1538352249828185
2.508466272703455
-0.1769816728596604
0.6010687900143461
1.1092947203288266
0.7117801472543354
0.5537772430281188
1.4186539686954505
-2.592603205278428
0.2518606715963621
-0.22557815418061075
0.14785890711769745
-0.3292386322254577
-0.06168483710342664
-0.2280660790763328
-0.5851717271307721
-1.4929785209755695
-0.2501429629789839
-0.19651765381242053
0.11294138531339849
-1.5874628446319954
0.09529707377152792
-2.8760132575426454
-1.1725004571426554
-1.0085758574814867
-0.47257076019702915
-0.7738754323479303
-0.237819338130074
-0.2478527339794317
0.04189598886670872
0.6081621758284746
0.2998565498650284
-0.472329393817298
-0.6611683245184075
0.47343590620673875
-1.0204986803100893
-0.7163166535807605
0.5295969918197168
-3.5750020019548745
1.684565294781807
2.2558941973265982
-0.07205677888555416
-0.1332230483980727
0.7246713069558489
-1.3348122554989765
-1.7558387036411571
0.7585360486425783
1.2253578645417704
0.12089045567562234
0.7213143229343861
0.08285038038018966
1.3366799561860594
-1.157869715685005
0.04901213734573599
1.23278783599383
0.02773390484798249
-0.3856358050187822
-0.9049058341241657
0.4327304504943718
-0.4842574124579437
-0.024065104583648137
1.0803925061689423
0.6556335833048268
-1.1042136822737278
2.1432033112663533
1.25030276848143
-0.46952106994428394
-0.24695563566270728
-3.0340419029417793
0.11110880636008963
-2.6571346451557822
1.617101123586727
-0.07564667627828112
-3.2796823328196054
-0.33318869480668073
0.3110618089068754
1.4876062246069282
0.21406070429831925
-2.7701713082932717
0.4328494217897092
-1.5900824382634726
1.1695238434116055
1.7520915191552446
2.151816041076317
0.27553618806006047
-2.271009688270548
-0.4520004740244289
0.9667465777347034
2.7837993922383313
-0.10401371953656693
1.0724132226621739
0.5060242463545703
0.18777174364247975
-1.0838459487732737
-1.5607763621680808
0.26186823386055413
-0.11746094539149372
-0.30315746328598914
-0.8339001280447846
-2.2711940857976947
-1.231476235885336
2.169014241256264
-0.5046870737445303
2.538231103263565
-2.9395024885501826
-2.003849578474349
2.1603831734519687
0.20524226776072615
0.3375658383730724
-2.203372851317225
1.843420106636878
2.573680844977396
-0.6795716270908545
-0.9284555265931083
-2.9265432165021426
0.468538905970548
-1.9462772818041087
-1.572961275025942
3.400294533310734
0.44147845318864726
-0.8401879024024355
-0.517665694415039
2.347440378083242
-0.09131863195734323
-0.48524186104356
1.0714391261816194
1.5905205173137875
1.4501456676839124
-0.43623772801925986
-0.02637669070276959
-0.928823949064496
0.6561795961860115
-2.2193620054023158
-1.7660681204069517
-0.39230731970801574
-2.900977039788309
-0.23645702106380212
0.8808394519583167
-2.370045021090789
-1.406944242685144
-2.023033443634419
2.4393075478960053
-1.1345085951586567
0.5846332351585948
-0.04037604500074225
4.725942720636412
-0.4568185053904599
-1.763148760609094
-1.8084187320141702
0.3135608966589854
2.246845131649245
-1.3248218294614413
0.5770521108643072
-1.0748168673028364
-0.6621798932994772
-0.626449378304606
0.7756416039166882
1.9000316127317427
-1.395229282890072
1.402781116616492
-2.983683353808056
-0.3271572186910695
0.5958993469864294
1.1521178316389327
1.3321282905600806
-0.14668675505186896
1.3020777778496042
1.1942966382777553
-1.6723713860661935
-0.39358342154934356
1.024289090069494
0.6843929828323803
3.692170305643541
0.37787985749155223
0.018446479840812317
0.6288681606925143
1.3596137872799303
-0.5588190286247813
-1.145750758483023
0.5320273328561574
0.7275025537368226
1.255306343525423
0.5472629196645185
-7.721486522851198E-4
2.219265076920425
-0.021057620246452018
-0.8922395439246406
-0.545462313159895
-1.2591524583755145
-0.7281043591373959
0.39698242468970324
-0.5876808860144689
1.903673125329539
-1.476727472988279
0.8059619106385597
-3.28107780749648
2.666984355925602
0.559245501215321
-0.19366717245246257
-0.27363792841541906
0.1147928912584713
-0.6608236949464145
-0.3405669106386273
-0.2808189048065352
0.3059985310024172
-1.4423137212030939
-0.4049631875740251
0.07350629407997529
-1.3119496671182898
-1.522922612161396
-0.5963391354078247
0.49078667980681534
0.735543555351593
-1.1504917502645382
0.9855989188451466
-0.6809232164449713
-2.3224897332644434
0.0365838397703618
0.09280499001556314
0.01137007397904123
0.5412038718672851
-1.9182618127935098
-0.4639395575343224
0.7384158575812644
0.08858697394497092
-0.015246031295946767
0.2940989477084069
-0.4234568223178087
1.7003341655507547
-1.4107437923440274
0.9081875158691082
0.04919547596283956
0.8574230777296684
1.2180541777626883
0.19137652069442102
1.1237031461200981
-0.14451492041802896
2.332091274961199
0.44485141226007746
-1.6652162579779073
-0.7962966098274762
0.20583011661789413
0.2001043611130778
1.0970650772099633
-3.284478340217691
-0.5237642794433295
0.2790664174854255
-1.84021646534509
-1.4909404405454596
0.5652317474005918
-0.7629457921616705
0.180108196379458
-0.4742621741698425
-0.054123147404672355
0.274914920443712
-1.3456704806758293
-0.8848334591544422
0.28975814524146376
-2.245998051690855
-0.17310270947150272
-0.49521954545140034
-2.203479842456855
0.14377351934847812
-0.37404162936976926
-0.3418935127657337
0.023559622300019185
1.3162394057114002
-0.4130767744914391
1.676230640433241
-0.9298024373278376
-0.6819519565152453
1.1103285223964414
-0.05007258574254099
0.005312345354211671
0.4884496900758552
0.36648628930603006
-0.6994027595083275
2.2820688154986017
-0.42084831978859344
-1.7223939427632913
-1.0891698762655573
-0.0915711499707257
-1.612496336781995
-1.725056339482407
1.391798037766519
0.4313090506329446
2.007060094156773
-0.9945567936324673
-0.3947135910205307
-1.2664506078793762
1.8960574489845627
-0.3629750664656332
-0.21274608830433012
-0.016906778165321518
-1.0112746811614706
-0.4101520798006314
-0.426160407637397
-0.6127818246765847
2.004664003004725
0.6805910569108519
0.4222522931056266
0.9987846237706973
0.3032454016709086
0.2035886045560651
-0.5171139879510855
-0.9612651134105654
-0.44165718741412147
2.0128947479342054
-0.16358603318677736
-0.39608395588163925
1.2283376387042102
-1.0743018153617245
0.895005194272143
-0.6895864447200936
3.19408467961135
-1.6520533480452126
2.2366887090420264
-2.5382010340714825
-2.2189189453254228
0.7410755517049039
-0.10868905161793434
-0.6325884528756139
-1.8998666859593105
-0.145666666907411
1.6699703898306182
-0.2980617168197683
-1.0883253347401867
-0.559059874603724
-0.8700292487085881
-1.0547995039017533
-0.8298325612370486
-0.30222739924066067
0.5733320178668053
-1.26393752949731
-0.9122381634842305
0.14436380297620685
3.133502848854753
0.43468897970939563
0.40591389483111273
1.1511854319572856
-0.4950006063820132
1.0822071894881091
-0.7998792911125608
-0.40851821954364503
-1.0456429435697
-2.5183203484126113
-0.3439296035371423
1.3829480437726867
-1.0717483961704735
1.4617151675187612
0.8092378631220052
1.287584977146454
1.0087639742240522
0.8416241083909259
-1.2348513063490645
0.17200056667527366
-1.2599491463525974
-0.7624147482515335
0.3489096147339182
0.02612204652396359
-1.2920535818405323
-0.2388773191162472
0.8005927812551212
-1.2668271449794235
0.835655626235147
-2.1469245301238353
-0.5618834750530184
-1.0051316592487174
0.9407579289411916
-0.2664890276098951
1.6267423681760653
3.007876936060141
1.6611455064354004
-1.3154378674231069
-0.6585523851833183
-1.1925323499880947
0.3234217507873906
-0.18218654915791588
-0.10418729889827201
0.909816340224332
0.6355592622046486
-0.9199428485390747
0.7307500382563413
-1.5215768069505355
-1.0597011626509178
-1.1811278932751546
-0.10847353741613355
0.17429339683005912
2.1527439191399806
1.0499477831242745
1.5102674327927552
0.05467357473018402
-1.1849229823411345
1.4534833878125104
-0.5046515679251072
0.10442166106164265
-0.17243443253228952
-1.5096789079300466
-0.32640921617042506
1.449291129662413
1.741364548879538
-0.6856990400350765
0.386273773534504
-0.33662070653394593
1.4308194830597416
-0.16517748510162153
-0.3758048685303152
0.058873570545898424
0.39632499494942525
-1.8427676345568
-0.5972640727576842
-0.4804908776419822
0.303399141422753
0.5343150699391658
-1.3396041586426557
1.119028946636529
0.8043892010113644
-0.36083330295075017
2.232047647215111
-2.629461970652937
1.3784576811489475
1.1024056005888934
-3.3683462583950723
-0.7158741232157589
-1.7613121093463955
-0.710439177592485
-1.736202450426189
-0.8091362756647992
-0.8109489339616732
-1.5594788334349106
1.7154786435953218
0.03482937489590166
-1.1119930259224085
0.6365425512471821
-1.7832010094569082
-0.28383185855329507
-1.5458580278373253
-0.8981180515987013
-1.8367155633525207
-0.9460468792589101
-2.453881145669367
0.6306205235479884
1.739114353054019
0.7074671642052299
-0.5184709437035231
2.0228867059966227
0.8727198793640665
-0.3673951010830038
2.236742540480627
1.2688761046831014
1.2645848668044681
-0.2787066743110653
0.4141846845331707
0.5022264819519762
-0.7241407820779949
-0.12007265188597131
-2.203052400014413
-1.208892231466414
-0.3250092634612552
0.909248857947204
-1.624268530512928
0.027950325971902876
-0.789532749278812
0.6512939685262097
-0.4302609861351007
1.0450734214057995
-0.3296906711932008
-0.9966983887219735
-0.964798450461299
-1.4058537767699515
-0.1510591316140906
1.8228194776765434
-1.521348505499407
0.7993148765393594
-0.3688127131668535
2.1963040167151027
-3.2473706442851094
-0.5219718064960788
-3.252740174234422
-1.583442303745557
0.787465065224964
-0.1948752548804226
-1.133977179309482
0.09388990049651169
1.0563837668561704
0.8426819858190174
0.5697642072756287
1.1393120394600744
0.9259828701142926
0.7173214904571568
0.44426826358640226
-0.10949558010881746
0.7108051202574889
-0.004894447017601035
1.178650519843389
0.29042352799654436
-0.16653652972266336
0.7125131804160457
0.08986294114662048
1.1898699590973978
-0.6389559326780863
0.769135954631912
-2.6320827362043446
0.5780787367768574
-3.4179946400439345
0.007783653118164387
0.7074400524171193
0.4435547486578763
0.965823252228931
1.2687378912694305
1.1429659408694826
1.1422359039197019
-2.5174304302698265
1.6594793733826798
0.3314325623041083
-1.0727234055362493
-1.2511206588226786
0.671552941333321
0.2151816873209758
-1.2031949431013877
-1.0214287289563524
-0.3570545087105671
0.0351835611484252
0.6059714484626726
-1.041894700334911
-0.6886141893225451
-0.7998106553297003
2.7084907383531127
0.9180225106160563
0.689491440563127
0.5627954253763037
2.073416357557611
0.31312131932060366
0.06595057443310584
1.1063953223897565
-1.2790725681906194
1.2961257968175868
1.8241567699628447
-1.1774778606304792
-3.2858572644155837
-1.8317720365207126
-0.6074212091432865
0.4236739750883387
-1.2073489793795933
0.2982812914136561
-1.2473810223414803
-0.5678542855837064
1.1543040778832532
0.6782494889146129
2.3480336831721225
-0.6979608945704441
0.19452344148231696
1.0669810339192152
1.3807652301565003
-0.591907237680713
0.9072708762277831
-0.19338957499050569
-0.6598098740060333
0.7000047369763812
1.019932777462834
-0.297525555839216
-1.1029064551560144
0.07743654022901597
1.0810520549627662
0.31109111206234563
1.8567932493390256
0.32387940767783824
0.5034209375089106
-0.643339431565357
-0.6197999563577976
-0.5656264446918392
-0.3077058955776279
-0.047472569376698304
0.02976500964688463
-0.07799339001393903
0.5978605508784787
0.5917450100929176
-1.731934462189536
0.48499868992363976
1.4346075815153156
1.3132525009923162
0.8444140043226172
0.49538224127702185
0.5957922124571344
1.039848812479966
-0.28896616741093817
0.0761849830454649
-0.7900930060290432
0.4643266821517046
1.5445791576004992
1.9798564209479932
-0.054884865861346555
-0.13482001317029157
0.28012477488255216
1.403554347830561
1.7947418644091575
0.7713980633162599
0.6696291935628219
1.5421740704253903
-0.28485153735533014
-1.1452306649275366
1.1391611790600675
-0.3521055437533515
0.1396999681094177
-0.875669930159069
1.1835698906557337
0.2229622040372757
0.3820357370949125
-0.28339241583374025
0.2887703127381756
1.2121846209057647
-1.4747900121914137
0.08251369818359933
-0.42481428636153296
-0.24760193165539143
0.7646548540229173
1.930225604372928
0.4025583503179753
0.3642099024705425
0.018092596744695585
-1.1012083339283572
0.3831276480259148
0.6004617828022263
1.0504393391535916
1.5809110873034058
0.5760509115780864
1.0282614935467016
0.1848555790513354
0.6222197069706247
-0.10627256959222627
0.6956188099961619
1.6342023502306287
0.3263295384006798
-0.8415900086583952
-1.54960796329824
-0.025859024084143055
0.1256534956222461
-0.37163660836123596
-0.3407899457099547
-1.0601542713695684
-0.7149778394883973
1.1707253102202444
-0.30810642370077856
-0.5360919194714175
-2.0042688541339526
-0.46466708524066186
1.5168540184431216
1.7257398736796927
0.1454821205736512
1.3546799494326907
-1.4616372095477876
2.8410337505227328
-1.3339955322881731
2.5553733780695773
-1.459294346556147
-2.778565112298042
-0.27345740212473757
0.4760717771619144
-1.467992766517844
1.849577550333354
0.7054072376229832
0.6076202100692727
0.9302965169731094
-0.2405866331404564
1.7619354277086627
-0.26436465646740587
-1.612713908058498
0.6522510822684529
-0.6075663367971104
1.4713106370442637
2.8826940882184653
-0.6556858392942977
-1.7722398351691364
0.633920665642483
-1.4579441640062196
1.1644265718820375
-0.9985410007733323
0.5093570351954675
1.8566518821710927
-0.5405135013373269
0.4276251626796978
1.5575234897007961
0.7846468711410793
1.1831307412390875
0.3481718692944193
3.1738820985571174
-0.3764761060175367
-0.06796639765068443
1.5646657359766032
-1.5796972875547293
0.5511426334313215
-2.067256864909551
1.273276094435638
-1.6670600207866133
-0.6826595735313697
0.3656487156740306
0.6623351695450959
2.2078900881177366
-0.30631955874554545
0.39968969164963386
-0.9365137113946383
-1.9397721493128512
-1.1368401298702702
-1.3892054521301775
-0.46382881824381544
1.3236366474492782
1.6681460808183297
-0.5368021867847471
-1.788442592255814
0.057703692400990776
-0.8736919661477901
2.5564840287838058
0.18752205254685936
-1.7834953208860043
0.144039511937807
0.33733500128064114
1.0434335534142007
-0.3708928422285418
0.8277439974591442
-0.3964327283099794
-0.3385584226788339
0.7670015530421339
-1.6055628925072054
-0.10662734917660877
2.4385714709097757
-0.9087792008885507
-1.1505022876692317
-1.4144025290433655
-0.05160431735206414
0.30327466264390535
0.15240912844335727
0.30487032186703755
2.200562725365301
1.5797220974263437
-2.236422934400187
-0.8390958003518747
-1.2212438706330468
0.7892828045253747
-0.513614245052733
0.7065318655046383
-0.24442958561162786
-0.09449978378583165
-0.7592700449886336
-3.0876088040892187
-0.5700450002515808
-2.5079072596054437
-2.8414272071363773
-3.8308405982469838
3.145269603980819
-0.6328542337604526
-2.9052129116235377
0.8755800681670864
0.4452880093530193
-1.515348212372199
0.01905034313538278
3.3307280707640134
1.286827548190792
0.5886865288967621
-0.7171172966227263
0.11537961375481093
-0.20103969118942028
-0.2066262311121322
5.1954803688324365
-2.929707723319888
-0.43680787480417615
0.7550366962507375
-0.09837485340977793
-0.08742035754828774
6.760473929169959
1.1620360442068303
0.03423548379692637
0.31580900404777085
-0.37525691856536103
-1.4661264849223747
-0.29722458738846375
-2.700448213629187
4.2435976201561205
-2.622876840559629
-0.3763087965836734
1.384896329015265
-2.6769161839897397
1.6341956618402704
-0.12359314568685859
0.38766066472441957
-1.1135447546157449
-1.889095446905752
-2.2343161390330417
-1.251481580846974
0.3754200570022991
0.5796512183846072
0.15589798160598797
1.7896952057727553
0.8999999410574392
0.605751339468794
1.3862606904511898
1.7476190428531546
-1.1629199007987752
-0.5434467310570947
-3.5755403250009663
-1.151329257479128
0.0649735509302158
-0.671237339228106
-1.5270263899952745
-0.29010385144630785
0.6572982525315781
-0.8220849306500904
-1.0357400419965412
-0.6487013260496182
-0.7908096618142773
1.0918560620397992
-0.048051351141950444
0.12726612568786203
-1.6869417184345552
0.4616641868621032
-0.2055432140204677
-0.38628930523444943
0.7625588621018234
-1.1736109355865942
-1.9427041260294815
-1.0342101297569115
-0.16541140231448687
-0.19529291626681158
-0.7204385211894389
1.5301306017514198
0.6289493764748698
-2.5230069173990435
0.9238767228044865
-1.3409339084501053
-0.353202655104012
-0.4488297319645533
0.805416011748745
1.4898607858828568
-0.5776831842210983
0.7447438973639324
0.5338058261587812
1.7924891747561222
-1.2781206680453152
-0.9092433801928382
-1.4288753228590931
1.370753418279331
-3.2663304693056077
0.41493167260376196
-1.8718523549033743
0.5045898957113395
-0.08229948464252763
-0.3612254669147291
1.7724904157838737
2.6855035916114387
-0.27778516170575274
0.9418168457099287
-1.2217088803285174
0.5674987511747707
-3.3079563263434317
3.0635494145221984
0.8167884342382462
5.954698284254205
-0.5894608139090178
0.9271400549864415
2.532519660472806
0.5293686368845871
0.9947038488496277
-1.740367816318438
3.530044995361293
0.16915645271548468
-2.264378467790583
-1.5001701227679085
-0.7592029609485996
0.41929807283872134
-0.5500429877488077
-0.9043408024176224
0.1469995034341144
-4.929588494414215
3.5666962301265976
-1.2792757401619657
1.4942636439339982
-2.9780422291845716
-0.7907196129025219
1.5622338483997356
0.8760714008445271
-2.2917359837778797
0.7127349699610502
-2.91301074768417
2.7399462611794148
-1.1180613964063562
-4.693388713961315
-0.3332865409338721
-1.0305319948199045
-6.239140856456719
0.31973458388760045
0.6503668118161258
2.496464649200028
-4.05990065166149
0.28719245390514975
2.135106787132377
-2.2373751352043696
0.31025775544554496
5.399689443782766
0.5211647221624046
4.12915889872558
1.3962077671577737
1.3266129457044191
0.04044737174311432
-0.14817258489555862
3.8627684006474903
2.5347228637055417
3.538905353527345
3.1078986924840293
4.8817204725870225
-3.2771409834072847
7.374982774119956
-2.1384924095280797
-3.875120497871256
0.6760715027906757
1.3036741582371416
-3.600452988156268
-1.8203809930195978
-5.669406311993322
-0.8692392558787074
-2.58819108612751
4.0018835763596075
-0.08520737342362762
1.652209143572962
-2.6259019507907184
1.8070699365300384
-0.6050708627385062
-2.387257787786539
-5.3425015207841655
0.1925826388413838
-1.5168291583851812
0.9500590701780381
1.441666889403446
0.368394254822896
1.3415910709606107
0.6881029852674232
0.13458512901360978
-0.14103169841717633
0.6362271603571051
1.4036559980534762
-0.11929850922928388
-0.7067117496882236
-0.12154677740872843
-0.9738733116597331
0.7870838978603111
-1.057537228226376
-1.0073993029200734
-1.295304424533078
0.036715180170224196
-1.3322682642635424
0.23995780895210858
1.4669090921267738
-0.11348063660050531
0.8111637111942973
-1.6722796483873223
-2.1278876672473004
0.8383526477956715
-3.138054003243554
-2.093014012740362
-0.26960754913569174
-0.3859220169818836
-0.3427843742543688
0.18956822038207194
1.0162995960480212
0.2500786393196402
0.23707266382629394
0.09796824350324476
1.4331673413952817
-2.9543667651906436
0.577654739692392
-0.8944663596366772
1.0029317542918927
-5.562620987414402
-3.248187078538507
-1.8348308378373406
0.5836298366467392
-1.8226442928650088
-4.959051594794815
-0.7726242552996817
4.8237306484593265
6.3838613440658785
-2.1869481629275107
-7.928061890041454
1.635737988176115
1.8600453395223553
2.3815469972152425
0.3303844728374012
1.3449051840574997
-2.194319712646514
-2.5849892462402
2.334905223044247
1.548429113859738
3.9297131236061555
-0.3222955813609593
-5.206152027281885
1.391987202368437
0.7589834819665817
-1.152773335914488
1.4220556828850708
-0.5052431640731565
-1.06082933040686
0.26103425791465107
0.11017987948349338
0.00998381133880719
1.4349390786501264
-0.024756612615161967
1.238639831027066
2.627249784466712
0.570527461249601
-0.05792740287449227
-0.8335374037509331
-1.001842968913448
-0.306613459779571
0.8258511507341778
1.1096657174597575
0.6112642820028439
-0.07657405522847577
-0.29056688821931886
0.6299746316360508
-0.6318703928794089
0.4277713248695363
-1.113957006789114
-0.7029230880808685
0.08819420110923622
1.0939169615611315
1.5649516971522834
0.49920393160617516
-0.4155397122838674
0.24974702084238726
0.002286312148508609
1.3362997125647826
0.6351004195827411
2.8777047130309032
-0.996024237328702
3.932102374296566
2.351354071802756
6.56334466130826
1.8949304558303566
1.216472182390694
4.361751608507945
1.071909276937878
-6.442059208813375
-0.07463102571464124
-0.19100968133278245
-1.9367472803336385
-2.563401929562893
2.5794944607793755
-2.40066206088662
-1.6004300287466093
-0.7866419513794207
1.3033778549084707
-1.179158102960367
0.2739088714928462
0.4009517253774276
2.1635110590000632
-2.7789219051667176
-1.6844168962335264
-1.4869828923219044
1.144101508715053
0.1878104703272431
-0.6322985572496149
-1.3141541103895398
-2.187981070169202
0.2528219518961203
2.4396007444764134
0.9889666388769399
1.7868251459118296
1.1901959347660367
-0.41110219542282983
-1.0042395454572564
-0.43338591266379
-1.4525278752909068
0.471902490476096
-0.052634446883212956
1.1429608014607975
-1.5245854619991783
-1.8210289394456864
-0.5546138644939225
-0.2546298058343079
0.6813826941526264
-0.19598008314306078
-2.642297540027948
1.8735657396879692
-0.29782293822445033
0.4053322515913421
-0.5846114195130412
-0.19954397656208261
-0.07604707193393927
0.06529012659104012
1.791767170709157
-2.981952925487523
-0.7010627697256957
0.23695671772155658
-0.7214285392062646
-0.21481186403453054
1.062662767475413
-2.5095847690325126
3.117665106387739
0.9056917914463338
1.4912506071348024
-0.6786045221946363
1.9205146145858183
-3.8093737780112797
0.6989387795833759
-0.07945821529742879
4.905083144271916
0.9601004899501903
1.6237955235924182
-4.8221720668036445
1.2271323727514056
-0.1967683987573437
-0.1640632783340295
-3.3403605331498185
8.548217191330098
-0.7079483687584304
0.0643728012384827
1.6337873951830804
-0.8024668327993095
-2.847817218374118
1.124754511191575
-1.4829223963846208
1.8860782148811162
-5.891428347383839
1.1109341700294115
-0.07662475369720867
0.3934199483044293
-0.4964125096956182
-0.9658044283816749
-2.067674715821634
-0.0985041292720484
0.13599021232054373
0.06040630808585946
2.0166559245448976
1.9581874334039084
5.49216407358099
0.6213996466710684
-0.6642335518157523
-0.4865122809907447
-0.5410640412113213
-0.24352649483528227
-0.6419492951837363
-0.5669049909393109
2.684592312424983
0.8667679242772193
-1.3931577765857446
-5.559476775762245
0.35282647150269586
-2.092196935013485
6.315102419230009
-2.2767231809111097
1.2454619222863246
-0.26673088876809226
-2.1375179295735967
-1.1146436940126485
2.6048438249269994
-1.0865904270589464
-0.8916536116926544
-2.1754680818922525
-3.243924293251071
-0.09039790612408617
2.114397137389926
-0.6759760300568329
-1.294907747451977
-2.4489662599800277
1.18735128535315
-0.241366850321171
0.47577236457472427
0.2149517706829506
0.36916051663129174
-0.7200887635803868
-0.09500292203031117
0.9505203927319035
-1.6297542817768609
0.949260336605484
0.06177088567494797
0.26871819091221455
0.5110011908728117
1.6789478302327168
0.13255338447634032
-1.7081322257627138
-0.07273023074358358
-0.284282014869664
-0.4449612616152003
-0.829443975719016
0.15247854180125295
-1.060536104307774
-2.6210099411272423
1.0766441968113085
0.20683940591592798
-0.21796804307557763
0.027334192491911703
-1.4600504840406028
-0.5785676221681834
-1.8983274886405723
-1.0835331599627105
-2.5549059904348175
2.047230510106438
-1.5159765076606637
-1.1421467868657862
-4.215606866367149
0.3419488685714477
3.3646432054353066
1.1513981222868916
-0.8023748392803262
-1.6262649319620999
-1.9727320134115693
2.1096912159421426
-1.2310992819349906
1.7181173049810747
-2.6293535748189325
0.2584835787831164
-0.35833296789086316
1.082400903845412
1.3452823119734103
-1.1130545903051108
-0.3507050057177699
-2.0791660770822977
-0.7785935984971024
-2.4328379392564057
-1.9428662988089773
6.391350397760542
0.5000008539208513
-1.3366300969196703
-0.35550881610841456
-1.0416569624698986
-1.0198212954239294
-4.087546859370292
-0.4588015072524398
1.9195731310852042
-0.550001891220941
1.2034717293204098
-2.6809791914677006
0.4604945760673628
-0.6306116751157829
1.3211134596385623
1.2394938104901556
-1.035604512304021
-1.4938545104130925
-0.1711836608815762
0.05131636207938523
4.471833275393404
2.043775351347429
0.12353135190641114
-2.1125770131823423
-1.6760288650493522
2.277392029250627
1.0094892366910297
0.22259620195536298
0.8075374049539583
-2.3436054653957497
1.291244476850647
0.8977873121335839
-0.4727940530697811
-0.9610615869100854
-1.4384222063284053
0.6140748451210437
0.3751727971362074
-1.1648049788183563
-0.5506231424861577
-1.631414739726436
0.5791179269975446
0.9361521004792825
0.2079826056955731
-0.23213288663059958
-0.817787847830789
-2.044590518630521
-0.7189818135479371
0.41977975161063824
-2.0310540810573965
-2.746539540767162
-1.7662423710307347
-0.6805352964895985
-0.1550330365839227
-1.3937025404512278
0.4727788256771986
-0.1846008484252395
2.7526774247875765
1.9185788173704568
-0.5223871155721074
1.8433801306192201
0.2699316471548477
-0.032418182279966665
0.4480816402047166
-2.716986010311385
-0.12714018633361351
-0.1830831262453802
-0.013322077522919511
0.5248945719325949
0.9891160430363483
0.11773593791086166
1.5209415503966692
-1.1047600267501538
-0.1546133269569057
-0.9886808546175317
0.35413579489451363
2.295089716155269
-1.3023136917803724
-1.4182242859128136
-1.0485323448219988
-2.459875082844474
0.5536411849894204
-0.8736940677106467
-0.35989406147613745
1.4523509236310783
0.0749863350907784
-1.4342509219389905
0.16410250026331188
-0.8852683762253244
1.5506454010016684
-1.3767911334620122
0.7945572242688015
-0.9119372572779051
1.8556587796549753
2.0253700886396886
-1.2824937413105673
1.2984039213190652
-1.7534883972672228
-0.15970101929830685
1.0402230715924912
-0.32130241464872483
-0.7235533412982558
-0.703990917346219
0.36614285221396964
-0.24845569255459296
-0.5966103657234001
0.7863611553097315
-0.15192590240173678
-2.1087717835607878
-1.059349560026702
-0.29663122668431346
1.6068390316228447
0.488250588081359
0.93460204038971
-2.982561218509016
0.9524423634319771
1.131101175407049
0.46834488673932645
-0.14901238252339033
-1.2841805753549749
-0.7449924697444852
0.2907589788593342
-4.240251597718868
-0.5342800968005744
0.11374445984493373
-0.2762690011900788
1.5935638466291737
0.5516050756377349
-1.9339512816689284
0.6556411136629096
-1.1701126977250536
0.7918027512639022
0.40288793603903494
0.5018294943494148
-1.8807991754952598
1.5510771783108228
0.34012327379546287
-0.4177069178317908
-0.8710312705958365
-1.817447278157936
1.3823593992411436
1.1502557832237716
0.0746573106944901
-0.08683759151108712
-1.0951442045611806
-0.9683755172932947
0.7793546564124306
1.3197997831980115
0.47370151791532394
1.1308402852760095
0.13939341237894112
-0.0604876607832258
-1.5624190323933478
0.6420167465627733
-1.1425927637185882
0.3473782485759544
-0.045849718271445926
-1.3399073352960233
-0.9074034144376534
-0.5530550389081709
0.8094385198413038
-1.433879865476109
-0.1385108691158195
-1.1817077405646825
-0.24182006048600116
-0.015391387933935527
1.0705185204038652
-0.23759191771769844
-1.4411839312422876
1.5765440014227123
-1.8621940665726875
0.9233197272135959
-0.001008572555396351
0.7946776537968706
-1.2551193256387012
-0.4729455094465858
0.25709870545159896
-0.9287464536010004
-0.16493801253730936
0.20734928782498369
-0.29529844808001726
-0.776393068607522
1.0477585117363597
0.0013555936364660702
0.3703588149155557
0.007866906600824937
-2.5305468215002227
-0.11976117863580531
-0.5120673453474782
2.2916948724319397
-0.7839233860287329
-0.3398051349986259
0.5036313868130191
0.6044565156684009
-0.05646824296574129
-0.2560623405137207
0.5262674443736047
-0.44325192163413685
-1.1070783840341738
0.4962478843131414
-0.20370457722096222
-1.021804622053997
3.018380735934717
-0.6794494643288607
1.010881147860768
-1.9557557439603952
1.004007698175115
0.5179597158838464
-0.2280939644020667
-0.6087312080492081
0.30884839890326354
-0.7390105026129636
-1.0744590426249163
-0.39430315936050764
0.05127115954935438
-0.6546658308175305
0.7533057487187368
-0.14637158349894483
-1.043742874539171
0.8365273587327119
-1.708855879854452
-0.43315126563322215
-1.6393288169847016
-0.6801488428868642
-1.0519661542692245
-0.8959279444871685
1.5880694417906702
-1.1645812043994381
-0.40714147391456623
-0.4741827745649227
0.014345294937701264
2.4621763641321683
-1.1049494467663443
1.6629527259499672
1.1708801788623144
0.8390524813416302
-3.0299014878543336
1.680099071692307
-1.2684362242746434
0.10485335992959487
-0.7870469018764944
-0.5718538470424843
-0.3765370698128115
-0.7601115115336601
0.6809500327751069
2.1224524671646856
1.6961316759776994
0.7129952801579409
-0.1410635501637984
2.5667185880063657
-0.7232104723457999
-0.14231214349095578
-1.2326547455239802
-0.9859953464776527
1.0515854003665572
0.3818432377674086
0.6070701161659376
-0.1960190719796385
-0.3145758230606195
-0.34947855450741505
-1.580692349058815
-1.5850343514318916
-1.5684424564864712
-1.033210671444145
-2.218535061960974
0.4751824107529534
-0.688475231085665
-0.8782379696904475
-0.8588227645913441
2.97131808612961
1.2643187331153443
0.32828181586973015
0.3377802339811901
1.7280132218835675
0.5882506088255127
0.4042827855264388
-0.4762793130065171
-0.33782745454689056
-0.10280932102842444
0.24422694743498538
1.0870232836428138
0.7659393551897267
2.2108900307210892
-0.13913430002989308
0.4188243831760589
-1.3091172967694262
-0.9688377617955451
-1.1349009190139014
0.6010875289785428
-0.1406633976230261
-0.08997576482545296
0.9561684542963952
0.3821891093180194
-0.10573845381882813
0.596125768972977
0.160977848380798
0.0826252610915403
-0.10204742364333681
0.8773736104993687
0.8753245919430737
1.2168043868580944
1.3939323504925634
-0.6920548994450743
-0.7576246810367686
0.6127770134279915
-0.7332473684692407
0.6875716017116881
-1.0294376151370883
-0.42650791905353486
0.617115742560463
-0.7479708427250067
0.7508437003022229
-0.27480083619998696
0.08341163504386795
-0.6940163515449442
-0.10829371110874743
2.201969930334526
0.6314876661230587
0.38155049801668234
0.5695253738141739
1.5095520529498438
-1.0353351885961275
-2.0927630664293377
-0.8782372421148221
-0.552203616496233
0.6446727424994233
-2.549150937332986
0.1537528571819992
-0.671372069149943
0.2566458955602829
-0.729905823886712
1.09426756219872
0.3558272209763988
0.32068866678621544
1.958956363432382
0.47888502584396264
-0.04936270851039674
0.16231004426026832
-2.6209211071184133
0.03714818877865931
-0.10076525773169712
0.5630460887147515
1.6668206342851704
-0.7139767149487466
2.159565292522501
-0.5600762274010832
-0.15929942484621656
-1.6620106571037525
-1.475732528946397
-2.4753100848456606
-1.26402045174891
-0.6807207974206413
1.3055397897079561
-1.4494836805197153
-1.0285034480560746
0.8603377163671544
0.041397705033461143
0.2447812994852365
0.5723106408466726
-2.568860392115352
-0.4262768279633779
-0.4250545654905218
1.2267122311524739
-2.968255880830665
-1.299846390733412
1.1978174949318063
-0.2560810419593606
0.16555862819995867
1.6675744376346815
-0.278769297701945
0.3803867235785646
1.2333282578469327
1.8306049183247106
0.221982198658678
0.6903076056041432
-0.6615948855753919
-1.0768025682699813
-0.6015854766869958
-0.13926206713242698
1.4717201752261204
-0.005601742987105685
-4.536908331312742
0.36452965549536437
-1.8614517750841753
-0.2308203389684069
-0.4538741349886314
0.6871121408661516
0.44307756461992465
2.95904637784379
1.7171078133599966
0.45124749185587865
-0.5635545573118255
-0.20344286530005057
-1.3888389875818654
1.8315567247376312
-0.41056798753091256
-0.05670768332435281
-1.992826887608961
-1.5926919493909917
1.5382684839975147
-1.9430595740947472
-0.20929536082166653
-1.734095062870126
-0.7240052513510886
1.715515228978951
-0.201947911336327
-0.9903036589897013
-0.6418572560386678
-0.19862131150606788
-0.3250052603350135
0.3281157092771959
1.541480241131652
0.10220631649434256
-0.8054019719177625
0.6451492864560863
-0.9163670908556494
-1.9362498380540039
-0.7013325481284995
-1.104591843131034
1.7363188230141253
-1.9017993487260343
-0.5502846843449773
-1.0452578660046976
-0.6392361218643247
1.4320332697514817
-0.07255005349943881
-1.4461926027323457
-0.09671686915225494
0.1453742354501174
-1.0603084858472087
0.44159942062532365
-0.9295446387414776
0.5642559708819
2.838607753692209
2.299107845348129
1.080250908921258
1.869284881020213
2.1098031506323043
0.23454207084931353
-0.48640786422798993
-1.4123899750548206
1.220282906920964
0.8195125862370967
0.31820114960293594
2.751397965373938
0.40154593708350345
-1.1223829158317926
-1.1396837878955794
0.872177355239232
-0.2215708487592345
-0.254500598823777
-1.0096464975035233
1.5011692735786968
-1.8015744491475545
0.962029541533006
-2.9328796619609965
0.71283442046997
-1.8309716576794588
0.6830635553810115
-0.8234635585375252
0.4766563819433845
-0.9164932966243131
-0.79858700025841
1.5477723150325435
-0.2295780713916221
0.25466126399335187
-1.4821614885658905
0.6325815044091718
1.777533639328008
1.1629986789623818
-1.6815516427274426
-3.7188832199210364
1.8991625315888812
-0.29833052644341246
-1.0153779600368311
0.23341637489698894
-0.6375970450749865
-0.4608343771078395
0.0811187242393666
-0.25608511063590145
0.19564069575638227
0.8820809935838264
0.9280873042708845
0.5893481111762666
-1.1589739316421996
-0.7282813184411633
0.7071698928039999
0.2888303455040328
0.2803356849223243
0.017764790018591225
1.9180561880281082
0.704143838744128
1.1488636481342462
-0.08184988372288791
-0.4157016147467558
-1.7925130799929503
3.375014161775926
-0.3418818756615872
-0.1345054345408746
-1.2183056819399536
1.542251839963583
-0.7954868176803527
-0.3044092184102835
1.6702074302715952
0.17352145405699848
-1.0001032462830637
1.3191443548672581
0.7597546850696401
-0.833531426875457
0.8278961543065437
2.166528513214404
-0.8285132907546462
-1.397151714853034
0.1710198901736645
0.4128652773546636
1.2991228741921526
-1.2921208500903867
-3.7221265886530097
0.9239346075758297
2.2880578038489436
-1.2704950295734598
-0.8417073926872661
-0.5485783166064626
-1.234133582081669
0.17893602779844206
-1.5302068578390926
1.1197612501753176
1.1329310486457354
-0.42362263900645286
-2.1049640921478514
-0.8849020426776699
-2.009466282308386
-1.4672721892982399
0.6310804712419472
0.8430928244436569
-0.6309084059208216
0.5750665896071548
-0.36824842657331397
0.13711386739878656
-0.04074285891926823
1.9286842402067133
0.534247555627814
0.43874444470947216
0.25617231431900656
0.2330838982313435
-0.8343871573281794
0.8492741708455378
0.29849759164993256
1.0996777693052806
0.5018241076587614
0.3888111283603256
-0.49007479720763497
-0.5982083971136395
-0.833612605277971
0.8962646878467522
0.34186527809431205
-0.18906608820108686
1.616294874516787
-0.031184797275819943
1.8768811727093757
2.3923029321090006
1.4036880574920378
-0.9176681000534598
-0.8578897986080521
2.4571185519184766
0.6774084420559888
-0.3112873758466666
-0.06544369345365234
-2.9169487999170163
0.3268615713011877
0.30406490786249607
0.48000727128797466
0.8129979215545753
1.1220715477217873
-0.771878107850799
-0.20783887069172197
-0.512876987981613
0.4396655015257626
-0.42232929579532164
0.8352312203482345
-0.1792758895686908
0.4684368630702522
0.41737751854448246
0.7441944468231589
-2.270992231293327
-0.9578547698528406
-0.5748377243226921
0.46649408387318975
-0.554833472670838
-1.5477639249864423
1.5753800347532776
-0.22702025305642912
-1.703102654197742
-0.26947001854392527
0.5581773185429301
1.0891798250388975
0.026952548170787554
1.4088636766711342
0.04054385772943796
0.20459599860855712
-3.16527425011058
-0.45435310933694517
-0.4538812246850498
0.46536082383464317
0.2594130158849297
0.43276743200129997
0.5500866324924989
-1.6079113698458483
3.1130398303469544
-1.2787930866971888
1.5105002366388052
1.1139640242095092
0.31073011035737513
-0.7118097525367552
1.187208985590538
0.9491800780154909
-0.2951398459407072
0.07948275327202554
0.0979638891557317
0.02632100820615841
1.1791500689706564
0.8094672551228497
2.1001586243729813
-0.6080830852898531
0.14253978566379963
0.9145687962432812
-0.7510844501529543
0.17965494526485773
-0.24031081358275766
1.532759441894851
0.13161415676192584
-0.9420814589678276
-0.981997802299927
-0.24125257631555788
1.2330652642521234
0.24617707257637006
2.26150556449123
-0.3645698484284442
-0.5798128760939433
1.0024274053913944
-0.7836827406508445
1.5345157017441178
1.2678149179844618
-1.2700180648181107
0.34628508123548035
0.26249148541061335
-0.1412598209493676
2.0322942650078715
-0.40944529583066824
0.3010236382088935
-1.8163865910127994
1.7663105430887562
0.6252854647671465
-2.061434351802931
-0.6896481221617332
0.9587513168989985
0.4943842906711736
0.8330302247022666
0.10987094777815881
-1.7597989367550204
3.5460082746859802
-0.7162445266550403
-2.8483532586197104
-0.8801065470952621
0.29176421552609433
0.5859280155730343
-0.40840721437383687
2.516195894104104
0.06015460703334341
0.2032213628717707
-0.4113660893412987
-0.9954149642374598
1.3085021671072512
-0.36765429976286523
0.48795711597224883
-2.3531047560083618
0.6909831510826366
1.1603445659391147
0.2205067371893504
-2.1525932047839937
1.0350629754400327
-0.5655862837456536
0.33728257267994827
-0.19437824310523855
0.5518951313055311
1.1504571890642301
0.3375073022282125
0.6369868362709651
-2.0986461607074918
-1.7985869587982435
1.2529065818726737
0.9040541192405894
-0.1863501946133868
-3.0487489843813904
-2.1039647173065728
-2.071581059635503
-1.6440375970523466
2.537858379338454
0.48828800216288737
-1.7438792319086038
0.7184888193231157
1.246092696141411
0.6674096890884019
-0.9634580249167806
-1.6622845726372182
1.7200160622447753
1.2215098113089573
2.077250504137111
-0.255228445871799
-0.2018045279073801
1.3195056990520855
-0.029625493915802336
-1.1010971867654482
0.36137942963097347
-0.2704666844890242
0.21708824588055092
0.3800790988958829
-1.7197779222921064
-0.9532181435522473
-1.388421590779053
0.1543428598835136
1.0976635595368014
1.72779020713232
-0.5153164048199319
0.34636144698547705
1.4619399151135448
1.5843380687288282
-0.20028691002776816
1.750090464742301
0.8147431339418711
0.552885469954424
-0.051168060752675125
0.6256365674272242
-1.870445999905222
1.3955893521904512
0.9593349917209485
1.2511626256370978
-0.3621270158090939
-0.8699496599568347
0.11429636133642025
-0.3345404928540914
1.5549804035723556
-1.182333696494615
-2.09094092603018
-0.3052009966395825
0.7114593799922238
1.9328397322729944
-0.7489184799054845
-1.4331011290652451
-0.8012253280173841
0.7516067823770132
-0.6293363182597486
6.000958427953571
-1.165062873786307
0.2276175432852308
-0.3372019412669987
0.8398289265463676
0.5146871495454189
-0.42216846893172644
1.8643672470763955
-0.5722854326852371
-1.5912606270442744
0.976793327300191
1.15997709628246
-0.43820612452315044
-0.2661790937444138
-1.0206075789014792
1.427750596205597
-2.693455524206703
1.3885009127702974
-0.249334560575725
-1.1934788211877503
2.772812252250795
-3.3982150857782076
-0.8012006924225559
-0.8767084639802216
1.06577859812888
-0.6881220926640997
0.2603171593040204
0.1577477935622697
-1.869245952519815
2.6074097035515167
-1.1751436113655194
2.366397003624371
1.521065102610821
-0.40518504274856915
0.088054111887373
0.9262057439718387
-2.084088521348159
1.2861107916806098
0.5208473264867688
-1.1146916513575862
-0.8972940729840667
-1.5548810247380624
2.9513447975459632
-0.7160923414135951
-0.8089647135930352
-0.14198315213568638
0.37006832417921165
-1.638151628057716
-0.5672030516857111
-1.2417415315922777
0.06676399639391063
-0.5792973755183718
-0.849930550740013
0.8277245733748532
1.3381906782375843
0.5375960533700296
-0.6952647835071086
0.7819615036678093
-1.3841906248110882
0.9184709502953686
1.4905846506462441
-1.1440508089863282
1.2737796549892293
0.5041307356291563
-0.06543167536595328
0.3951744074949012
-2.4694519360721134
1.1302024249658071
-0.3173361875045721
-0.0720997616582589
0.6547880452885572
-1.0327805560188053
-1.2944735977415665
0.6627161825285228
-1.8193040719263136
0.46573290372558557
-2.8332617120360912
1.3086659218302144
-1.2436381374709062
0.6756868165253876
-0.19985830253274434
-0.3413809430742918
-1.1211914786965747
-0.47369771879416134
-1.723185036571865
-1.9614361863581884
1.606097011451831
1.7908278323354891
-0.12547090594653076
0.6510880185871146
-1.0652216774101901
-0.17022829247826982
0.6362484659143407
-0.07322379248282912
0.7251797916310921
0.829054070896533
-0.5810653123028483
0.6249445380471184
-1.359038224381049
-1.263850196692442
-0.579003336450523
1.963104523059725
-1.5764827053625694
1.1338883172105896
1.0226515805795426
-1.261314084227574
-1.302154748030604
-1.366398939028899
1.5452599918020684
1.575044813944198
0.713769712415988
1.7409856069112752
-3.510427885928606
0.4546056003794773
1.9384889302455737
-0.6591829854743123
0.14817802503439542
-0.8579942098333228
-1.9529673560239202
-1.7185278572917406
0.11845114324800884
0.05345924259570838
-0.1546887676950609
0.9870277301067217
-0.08183247861353703
1.3948139052617274
-0.4762623938323967
-1.6417648821428006
-1.1762011029565973
-0.5692857157405572
1.1530998253811149
0.36020969699212296
2.2097114543179988
2.299431206271036
0.4709460235737741
-1.145573934219763
-2.292744607593419
-0.7706796212249791
1.6639081512562799
1.093686320954142
0.09914100787805626
-0.5317222072870165
0.9083162909107665
-0.614681084907439
-1.3041625261955532
0.18861600656022132
1.810798282428589
0.4677734058585467
1.1888562971688021
0.04445574496976164
-0.6402534047404054
-1.387355584764508
-2.548359127922576
0.36667428788490647
-1.2433557909048003
-0.10931390329654574
0.1843383188975499
0.7522933343200451
-0.19258837275833046
1.9269006184352788
0.7823909388667396
-0.6613454106680904
-1.0980489861167124
-1.773312017170098
-0.7873055102465233
2.0793384105926886
-0.7500043437965203
0.5730613996920021
0.8139951127273194
-1.0177613251975401
-0.00779159025436932
-0.6086719367795026
-0.23387513990769143
1.2547402816805333
1.8500546618513205
1.297087655929692
-2.0417318262135793
-0.08325891199705229
-3.5375502551859928
-2.0642052306421075
0.45034606401094607
0.4306220921948372
-2.245131606351147
-2.3884457104981456
1.8984718794923818
-1.2456816120787153
1.816193456794235
-0.6221670718622616
0.2402017790656006
-1.9011246011325513
0.3447904310169605
0.046940645935102936
-1.367732202955128
0.04060739957988245
-0.7126943563135313
-1.214372048348944
3.140167401349156
-0.683760301463678
0.2588882970951584
1.0962373259940126
1.2859539030780607
-2.877115728671371
-0.2156386704253084
-0.9318842191476335
1.8642737115849832
1.4204945207971533
1.402654976139868
0.1599736609657458
-1.056904638987507
0.08332156580365756
1.847661375032573
1.2385853532920341
-0.4642868392947057
-1.2915257918951109
-0.03273542424040302
-0.7357609526019476
0.10053138485758453
0.4511495366095483
-0.5167267293173307
0.29175599994627266
2.0959593148576583
-1.0243115589752483
0.05956833088847498
0.25041157789916424
-2.4968208838148205
1.6640642825887455
0.7643711292366066
1.469677490562905
0.31279202442637116
-0.09429530088249029
-2.038756904711215
-1.4526302481250881
-2.007056758262037
-2.516622211074867
-0.8411800535696128
-0.7934074105069723
1.1697822109949985
-0.1755022736889109
0.12148847266382864
1.5439849257202742
-2.3607982273038064
-0.7835669532654604
-0.019883708156083438
0.07827795610565827
-0.40185525533183314
-0.7825890541564992
-0.526193590788984
0.9848667676052774
0.19865833043993236
2.593888972856736
-0.1924743958330808
0.9488907674790193
-2.101306300445405
-1.397990195662528
0.7295931404387345
1.1614749134788789
-0.8876101534369418
-0.2567326342031399
-1.0260937756682778
-0.22531121810731414
-1.3037024091839309
-0.995461789906475
0.3725786597647436
-3.618592154868587
0.46865099355306916
-1.2494508079068525
-1.9132450656610038
0.7028773672309182
1.5089942328689834
-1.064104162303184
-1.2436755678901223
-0.4620516952312527
2.242294972891272
0.8715282583119938
0.30701956628510446
1.4142250780667613
-0.723483756266393
0.20771429652578802
1.4993160413190643
1.5151803979579193
-0.07645184370194719
0.17229258765141614
2.511549486778665
-0.891324599321568
2.0210240366896293
0.3361903253040242
1.0093201625267694
-0.15137935580575834
-1.6974475395096558
-0.46812658305799043
0.12157800239252801
-0.046329492384860615
1.656151132070125
1.3036234497043484
-1.8223319205316963
0.29895074673974825
-0.2652053586166414
0.17736820043283197
-1.338904052862328
2.147361700570666
-0.47066621143189186
-0.8402895611519912
0.07835009970252603
-0.6006159165230174
2.1447799958663953
-1.7396535023276274
-1.8919933455918776
-1.8079110983271027
-1.250563920615243
-1.0781566148840038
-1.7507759787857542
-1.0302211383165247
0.6216984488331372
0.45553039071839824
0.6436993077523864
-0.904310685246973
-1.370904879928647
1.8479435518826837
-0.0031626350464907444
-0.03881750438069285
0.29562446651063656
0.13590428123917964
-0.8424345500766174
0.20082010926459995
-0.29066362558256403
0.19140059623587413
-1.203780219772028
0.47181499772989743
-0.08867552368540066
1.4102792789897982
0.5298303803484907
0.8944366802750112
1.835590024979517
2.956011064877796
-0.69705989747238
-0.11537126262765578
0.23008566655293428
-0.277776452095801
1.718357339375452
0.39212430589580727
0.8579086190473131
1.6854879775554874
1.6336326261574325
-0.7993915203093483
-1.1673949429438362
1.1151889487634832
-2.2714849640947876
-0.27372284337273306
-2.5325613663133106
-1.418985685412139
-0.29152204220318484
-0.5048672906344435
1.3665625281545148
2.239125030141136
-0.021692603244373217
0.7039755621049402
-0.42661630934661793
