3.29550083029701
1.4619568754756924
-1.1456376503284256
-0.09222705629180766
-1.8500530270647244
-3.0216613338452802
-8.888140638059383
-1.0867638502643249
-1.2744470133541035
0.6378264751163379
0.6828380337795521
-1.4275091315970423
1.2792821902933995
-1.4171526645379957
-0.02355315406265816
-1.0893740068380453
-0.8322583904585137
-1.3173307893121788
-0.2045396807621702
-0.808525197044155
-0.7429325808912338
0.5207864411809567
-0.39599027879552623
-2.5143000393299393
0.5581666060900552
-1.0954028706878707
-0.28317730445514905
-0.8633755935483678
-0.6877633407579185
-0.5153550878029968
-1.3231135703087191
-0.8068323509908094
2.3555035451246735
-4.57835454668237
-1.7038823685307196
-0.6333030867249583
0.026143567352320884
-10.270200181754074
-11.737177278211808
-1.0338568160956119
-0.16554018130143675
3.1147774066143588
4.0693534177694675
-0.6326068546515101
0.32657681611470546
0.7324767400376855
2.866571408174136
1.884276271601297
-1.2190541708986518
-0.20784270089038281
-0.4402371148170938
-0.4991916188218509
0.9239167353563178
0.5779754805652999
-1.6995934395908643
-1.8571994191637504
1.0700737108258767
-1.0465552630607802
-1.5892560180010833
2.079239197798853
0.6812127404867737
-0.693903429047849
-2.7200808703826804
0.8511668536771427
0.4640089703351805
-2.0127064948961904
0.7946698286789763
-1.2716214319309023
0.38139420497767895
-10.306691588189318
1.4832506802012315
-0.8366232578202663
-0.5878323134648827
-2.4780951931197355
-3.8914618532396132
-1.019238388671643
0.8262452687667207
0.11682788524927215
9.063754113626114
-1.4786417588155885
-0.45068023441088
1.413217650139383
-0.1799549813957662
-2.1851099329590413
-3.8826393614018118
11.544508043688857
-1.6968627617781509
-1.2734154225942167
-2.418913069114854
-3.141709111787948
1.748111841032666
-1.4757616320100861
-1.895528837212936
1.288200107322046
-11.40897569022345
0.9772612532861765
-1.511745143813131
-2.8741225426303245
-0.43795032869190453
-0.0842226506013824
-0.6375651228936556
-3.1441275915879774
1.5599459533136533
0.1171542912707977
0.521868123910329
-5.288297944767913
-4.1843488607653665
-0.10944750777394584
-0.35283323824049606
1.383752325488085
0.14524792583696097
0.1042932741749461
7.928638353766622
-2.066978820611082
-7.272193774293362
-2.794986105371293
-1.5581797999966376
-12.709559721759021
3.65426607218232
-4.95897682631042
0.24311147423774143
0.11114099193018681
3.142527072256943
-0.35738653661836717
0.3230810080656376
1.0690602895826122
-11.868022606464402
0.11568515552264075
-1.6263878640841147
-0.35490624769171725
-0.26962223938485513
-2.5363444444485124
1.5336011387394035
-0.386403713465932
-0.3418516618661166
-1.3527606871624318
1.4521132009891324
0.25116550437451873
-0.8441736465563245
-0.1477171841629558
0.33038729299184233
0.9466759002880251
-0.9392944407662656
0.1108015891524034
-1.7446283049760987
-1.7179435595829902
-2.046317187349135
-2.7038036702025163
-2.044861666233477
7.94533800420126
-9.288083582758844
-2.0662531235900023
-0.27823607977003856
0.048669397856077545
-0.19368248270284827
0.6785103389272596
0.21527655380031746
0.917995152024588
-1.0737531613698448
-0.13282876195455343
1.8547842796213307
-8.058574712710483
-1.5985760400616236
-1.5524266198105088
0.6469302550067737
-1.240646483890058
-3.1595675391389455
-0.14303089773715255
-0.5623926352379294
0.2086645682453067
0.8451762473656826
1.195492193381118
1.6670242891369342
0.2886115738677323
2.76917687770255
3.9067064308757007
1.2890525544727378
-1.2661071356090543
-2.3625340948431233
-1.9868339179605234
1.331504146986615
-0.8606094239524789
-0.2471054882675007
0.3901330942836564
4.321278992003482
-1.7538544596678491
-1.2367403474676122
-0.5169506882842599
3.228863140024004
0.17332552489843397
-0.7577408963463035
-0.9471478844968343
-2.51481975703443
-3.8924509755681913
-1.4040537099490606
-3.139538324087135
0.11525360797063948
7.39139393328443
5.381344297970945
-1.7810044194502577
3.03700655214746
-8.326763213298612
-5.723976668326819
-0.9016262287626621
0.590834841548448
-1.181696536893783
0.4675248558501785
0.8356513342153334
-0.14040097697750356
-0.3204789444729897
-1.4924255381710314
-1.9678506527825161
0.5953823850059752
5.013449186031407
-3.5427669059725293
0.817239940678501
-0.22420246470463728
-4.6470315952416446
-7.4449169751841335
1.1547678167206308
-0.16759263539414246
-0.4722190577812446
-5.554039201331643
-0.18104302695011282
-0.6192046231014994
-2.408934133204391
-1.2590025600644974
-4.333289084302876
0.49269179187892187
0.05726083668945399
-1.83956540739273
-0.9776905597003377
-0.2219400501795251
4.966331032675011
-2.0927409664407874
-1.426874543326381
-0.366180328842394
-0.3950818687551676
-0.6753517187795828
0.292748853156472
-1.4936732295949624
-1.3268261874937666
7.794555582319135E-4
-2.5800315193439287
-0.37340894137800285
-1.1245705083027777
0.12783139875735247
0.31651968271233877
2.586916236858812
-0.1356473214479322
-3.131371829782215
-0.09548515177770123
0.5373762753758279
0.8010732688247387
-0.1305232972567466
-0.7876011751828682
-4.355603600838953
-1.090822061435906
-1.6413586447759518
-1.2287467925380968
-0.5840413919830241
-2.9239673888393916
0.008242136442848838
-0.30387436108411003
-2.371437369194646
-0.7740813077832464
-1.067674292533142
-1.8965216908342117
-2.5128797426612404
0.580166144349103
-3.766404611732214
-0.4342097487911896
-1.0937765310850343
-0.4789135761064241
-1.176495571381348
1.6008338308560848
-0.41559996492372586
0.5755576924964867
-2.00417527904257
-0.5766941095020544
-2.4189618623889935
1.457737835682981
-1.738382830881352
-1.4818573973337907
-1.6224106936830338
-1.3153183649502582
-1.0889032641867562
-0.16972732704516916
3.0334479683446833
-10.172546674812223
-0.8423001815602503
1.5690334533237706
2.1167711756159524
3.2845387164086386
-0.44676442136975186
1.8686959421762686
0.26991927469773036
2.6826663145809277
0.2824602378832363
-3.7240005940012977
-1.822322392799157
-9.994645097175752
0.0405139078809688
-0.14135068646291066
-0.7692179400019615
-1.0402733958784018
0.5435993072938211
3.374604241801882
-2.430748073824618
-0.9028536468495784
-1.0216271064027007
-1.873999994668494
-0.6226936731162163
-2.717491627211025
-2.0544039104456204
-1.6251987054523078
3.175992116374602
-3.026819146831058
-3.134453937288413
0.38410288681723637
0.1300118928424256
-1.3167034998182818
-2.430529851258495
-1.295163739015857
3.050148796937711
1.547479798121655
-0.37936681041225273
-3.4975638137866976
-0.21942439379066148
-0.025136363186561077
-2.8436497346088276
-0.4959318829537852
9.979231943983953
-1.9920032193181785
-0.7483776510803387
-2.065898986137075
-6.053225067559283
-2.865495506843527
0.06870746382787354
2.2202480832635234
0.4835184460524834
-1.0923765103441825
-7.830907540996671
1.4970081033718798
-6.011809303559364
0.3688974124501243
-3.235478290954411
0.10302022376675568
-0.6952077248460741
3.331899300585646
0.32947630193993194
0.20440982184249953
1.6761458847667665
1.5627017234143485
0.5404146619860923
-0.0015733070375775426
1.950137501040795
0.6645608255018496
1.7625199892825816
0.2506049890566362
3.2377369971262033
8.133061030159649
-12.404154301215474
0.01715935658250002
-1.3271420562774252
-1.5978945336536328
-0.23733965442397523
-0.6337583053660469
-1.1867487140248416
-2.92967145947452
-0.5594703687655586
-4.136988362652062
-1.6904398513692516
-0.5628925309209405
-0.8395190353790257
-0.9995803990416804
-0.2031480067430168
4.05734979207305
1.0005333471277322
-1.6493008905616957
-2.1485931491439287
1.7310080245831396
-1.3860188458594027
0.5117108916251047
-0.611748888102019
-1.4076461058791105
-0.2475051025881104
-0.5482593597698467
0.18044002412726198
-1.544259478286169
-3.285843981312455
0.090615854933402
-1.1394882926519694
0.04368849196867482
0.16073689330095609
-0.36829670873861653
-0.218018271392018
-0.8017752429845466
-2.8488221002240013
-0.5267412033364882
-0.9150577294414045
-0.712009721298077
2.917829255949898
1.061325900034798
-6.792311416053346
-0.8224614517664026
-1.2757388915235182
-1.9138652268385297
0.6685316656698892
0.08162987742550695
-0.6186811386880536
-0.1330271788166357
-2.9281121725696773
-2.384047590639009
-1.8944022675547454
-1.1466907846292547
-2.8064995017763628
14.880089819824388
1.4674157162064971
6.696294680060472
-2.414040041864909
-2.085655123481902
-1.0178675879146628
-3.5424929993682626
-3.274085382830763
0.2869880198038054
-0.348411299616643
3.526251500118213
-1.298339223904363
-19.09530399584604
-1.6377338879964438
-2.5911545404917664
0.24717259382737589
-1.7034060882179578
0.9711925581190929
-0.019713324576530387
-1.6508962247703223
1.1100288269016387
-1.5532379295164196
-1.918824790330733
-1.4362031246383102
-0.6197918835600322
-0.299375438389296
-0.9590116938046643
1.802364897511132
0.21012456598761886
-1.0392203314353243
-1.8148193330950433
-3.1802217732724425
0.9389279959356909
0.6400420790933576
1.4597533400963003
0.893080060394877
-0.8512854988722557
-2.3853243464335607
1.3909548637341886
-15.151742476635036
0.7904105356246303
-3.887171378517992
-1.3509947264080207
1.6190529415245096
1.7729072991867638
-0.7367584626745627
5.959940419586371
1.0781444310434265
-0.8704129388292012
-2.2002332517641
0.3178551952047373
0.05644163479270656
-1.3399483255008242
-1.490440448784858
-1.6496490964800805
-2.058418834367438
-1.3921967764957228
-0.5806079216427745
0.7369834555878385
-0.43771719225046063
-0.7194675570016688
-1.0762789085031315
-0.40029276074994574
-1.666269187584847
-0.41824263209297496
0.08964094575382377
-1.0615336607636916
1.1010018816752571
7.9329875040724
-0.5247375360131384
-2.7237316099096516
-0.9484400603794648
-2.373542131121944
-3.0376115814619125
-1.6809642645206901
-0.25106740070766886
3.0005201805667174
-2.085945364767168
-0.5777593253447632
-8.742887115315481
0.9139397491160703
1.341374973278821
-1.6662577130777119
-0.10786485900392152
-0.3882835875644163
-0.15822708789124232
-0.4838630633017307
-0.26344013257203297
6.008256825898101
-1.9028941255180813
-0.1136599783061806
3.825049087849778
-3.1928272024135356
-0.7267010864139489
6.075227448616401
-0.3784593411898089
-19.7660811023246
-0.5717305514347376
-1.2033342196242325
-2.050329291150924
-1.297288580901134
-2.5192015015264215
1.075504415585603
-1.0520736908198145
-2.790993614721327
0.6498841981260923
-6.069712893261388
0.9495928804431261
15.890937207444427
0.6543808583537902
-0.5060935103543251
-0.9973502999027398
-1.3282292484856473
-0.7741768712029283
-0.4785308838462192
0.06741505906111027
-1.6564110601040434
-0.26210070690692794
-1.42332289268055
0.5873804214636223
-3.328900871858515
-1.4172118340779092
-0.5208763683194574
-0.9356864480085874
-0.3402483454328287
-1.217105542169117
-2.8428905364426402
-1.9459019068366992
-1.1666139644524187
-3.435237587046992
0.9192696734517414
-0.20767835966226827
1.074858678559577
1.100680382177443
0.4883020784325757
0.6210576755721593
-3.467248677766091
-5.619552613993736
-6.132914793027241
2.6240676062769115
0.37870778868419347
7.077791050336669
-0.8510369911340904
-2.67937838050449
15.127264082453497
-1.8393072066397023
-0.6041617367637293
0.35653886461170353
-0.19402601108093243
1.7885659488649384
0.015827473383579097
1.6036639780097268
-1.7199805316663108
0.9341444168460072
0.2817437285409455
0.3089866510945178
-1.037512317824994
-0.2204043510076134
-0.9307707492260358
-0.7236002847271854
-2.249149741508264
-2.0604986413656294
0.69195869582048
0.48570111584724895
0.22581148453079788
0.6402783662879479
-0.27297735489124536
-0.49186761478882535
-0.9849632208575391
-0.7276266747948955
-2.115383248075507
-0.29312581651596326
-0.26649029432785404
-0.9279465018256514
-4.0337965106255
-4.127894020321559
4.836665224168722
-1.5701132817181684
-0.15596658259982127
0.49389265085936174
-0.455655912273748
-0.08806334791923148
-2.5462110406444745
0.7157059910852239
-3.174807705209175
-5.233089785045173
6.497478603412255
-1.9715234100168362
0.32459463750112993
-4.308039252825735
-0.8578140606376204
-4.229769413397692
-4.580184498816596
-3.6757119719276066
3.382476790620882
-3.155278565618706
-0.8384150447167417
0.2849664279749545
-1.2257929992182561
-0.47752398028196885
-5.23969836694885
9.946044448928127
3.4998194224628714
0.4380130320079262
0.9968538306790845
18.254772760014216
3.0934838648449725
0.9034261567473062
1.2139010089152729
3.426112206087431
0.8494700742299854
1.5209484021321842
1.9084739106192135
1.5448887245598601
-1.2675409792386787
-0.40611645377493066
1.45522992367343
1.6418087852660153
-6.312869203135261
0.4772284348466072
0.5253916798953309
1.1232623956856966
-16.25727042633986
-6.747827315067411
-0.8589744689840694
-4.803340075148066
-0.1695494283059963
-1.3963409411760428
0.827509572057691
-1.129802736228468
1.5817890070292662
-1.0595764413223094
-4.522573861550269
14.102659667445872
10.268457290076249
3.7646759665809073
-0.7440071139511165
-0.5506401671083758
-4.247485876757911
-1.5247573417941824
6.171447018530705
-2.0235945653354195
-0.2590681006316482
0.6518721759144219
0.351085228483121
-2.7311847431343876
1.2672447842790429
0.07240658636385021
-0.8896840469623881
-2.303170216509123
-7.742062761357924
-1.0559701992848158
0.033012177426387894
-1.2409770763568464
2.888039932248828
-1.0729041970985782
6.189124169419388
-0.40112007405074585
-1.6364224200856778
-1.3644319302407444
-0.6670073673948418
-0.10899974091607374
-0.4611199003007548
-0.755108151273563
-3.6131686295175043
5.410824732861216
2.3021469732408573
-1.6737789422668115
-2.648075258260015
-3.953835867289617
-8.664037355296296
-2.740500942719596
-2.3575329435908623
-1.0484047313962253
-0.39030201072511156
-0.5366955408172626
-0.4174708975970338
0.1694537479254068
0.20909790884302404
1.1295342243980584
-3.61958018137297
1.7903743914454988
2.0908969426334187
2.352420303469876
-0.06989628033162294
-0.3529567218793807
0.19222107203385325
1.2228659103338513
-1.0669817140282765
1.4152622597368134
0.08580860946793566
-5.395648610953643
1.0000010310140681
1.735496413287505
0.4472439366373752
0.27454545703071304
1.4917425679739211
-11.549314992857951
-13.584725200467052
-0.8436987338382019
0.02981884822387176
0.16382140699013087
-2.8359937424415325
-1.4188674826332406
-2.0686687808660507
-0.2759548328745998
2.690820489655161
1.7796571786205
-7.215853575465331
-4.271410171530199
-0.22053570405918782
2.0959811411481666
-0.41271454965620574
11.65158581395997
-12.417719272423334
2.0034296640550986
-0.42104381499307947
-0.0508174770878785
2.788489167532665
-2.413205505364061
8.91655724402349
-5.4223700632377705
-2.3651645021007464
0.3352332003536943
0.5113542616005353
-1.170402095493312
-0.32630822723791775
0.7629274241685849
-4.51829996606637
-7.827379370027491
2.8142914332679427
1.300257570673801
-0.14365044851440753
9.16311411500134
-8.206810415849505
-1.234848397151748
0.23748414127009523
-2.0122326723043806
-1.4261377951414411
0.9340971811694313
0.2810029100885922
-1.1098672702044678
0.5260615906962727
-0.24013896143351976
-2.118904292337664
-0.7146091093189905
-0.020008926847799383
-0.486503123488375
0.18565056633808205
1.0230511324677167
-1.0992608774831925
-0.9143102899931955
-3.938764025810259
-2.0272552357703586
-0.23199764740587397
-2.6888854742904216
-1.294002629780543
-1.0574225384890703
-0.5848514868863338
-0.09415337193002071
-0.29484941074507803
-10.782993820048747
-7.633871428059649
0.7345244840211298
-0.6354113673297884
15.13947380541721
1.5563473792672788
-2.9340185195578465
1.47869863804584
-3.3829032533806496
4.450464913424878
-6.564290643405759
-1.0561373009463348
-0.6981193511856125
-1.6804209953538778
1.5885415482115708
-3.544018023022824
8.785606476377193
4.545711878335559
-4.439460382529873
-0.7205726898555901
0.1689930819291006
-8.8592263516856
-2.9150283664587784
-2.2063272479309393
-0.09588922014176474
-3.200953456267411
-3.293066483117715
-0.3040079114628419
-4.388743577566336
-0.8280105989437453
-1.1019079513723884
-2.441509795070949
1.271474662036372
0.9345630113661016
-3.847659066097003
0.6494696773736269
-0.6097169887164177
-3.2083562741421647
-0.5880822016607612
-0.19568956962163256
1.2891808715213706
2.9522563860431386
-13.797522720395271
14.037397707679938
-2.569712626283643
0.6570715278604431
-1.7957824271062042
0.059280799801822645
0.807106837601348
-1.809097935120579
0.3442048908208995
0.7430117551399161
-4.481299322778755
-2.49311510747893
0.730266561614017
-1.4926826375502098
0.8183325690136368
-11.178707778870628
2.3773498709367678
11.05893742406409
-3.49107233097419
-1.8215422829233199
-1.1383802708516246
-2.140367668831205
-11.513046615405047
-0.09564069424282477
-0.05116104350394229
1.7607924090926663
-0.06908176089886962
-2.4635135545517173
-0.6379496442810223
-1.8721203044778882
0.41012669212489195
11.1671276912581
-0.8024821807438574
11.113238956061904
-5.249025547630066
1.2017696478640811
-2.743042747308067
-5.2675428684611765
-11.021326929562068
-2.5443642828852853
4.326782746378857
-3.5299268523917657
4.390572883599395
-3.5104582178552244
-1.5008944083264604
0.35442218519907626
-0.9381305456795137
-16.344500807422136
-3.6078597982253533
14.917371777042135
-0.05328392421959959
-4.969480959621315
-2.640739654935249
-6.2867451510924734
9.965959191000715
-1.057386618141964
0.8945663864746508
1.39126350383623
-0.911287275891885
-3.134405630459403
-0.4646194276618012
-1.4320672121662736
0.5168205626027871
1.3731870250086373
-3.2795107851609195
-1.1245511187465913
-2.5090834122507912
-1.6672315595059568
-1.6620639936881583
-0.6153711857197245
-1.4835466209085715
-0.6906600552984248
0.40509556834442223
-0.6226518036787766
-1.266721827267211
0.9113299146049084
-2.764425666981655
-5.389976741303302
2.895107713740518
8.325373474069774
2.1869201551435697
-9.776183021230498
-5.0396257370942745
-4.469362000614701
-1.5806208022850428
-6.179971294799516
11.106077607431745
-4.670398846135612
1.8306065455528535
-3.2401012730263976
2.740540583369056
-1.7247858709012482
-1.0741421253716008
-1.353346530961492
-2.6276735950116397
1.0327172897334786
-10.409886412267866
9.081011801493085
-1.8199848445488136
16.652211049514857
-2.143212276586469
-4.822953534041213
1.0819638599011807
-1.8605288351145794
0.9899561946074422
-0.22398939779625093
-0.5057036205578754
-4.341837664639859
2.2008977131298852
-1.4521288429980606
-1.93317175581822
-0.7466221675726935
-0.3963751728367631
-0.6924924576300622
-2.660586559486253
2.532088613526752
-1.8889786508911286
0.12134905695936143
-2.197055893945591
0.3610952297220452
0.25262176285528815
0.469663742206939
-1.376132429693414
-2.875997134037271
4.620119620419013
-0.01752295029010944
-0.4761105955359046
-4.069298639311961
-12.97366395495411
-12.498487337830229
-0.48483011386497893
0.7799994395632476
-0.7130026104793316
0.7175676876218372
5.3962745269714345
-0.854795431132035
-0.06221816781649173
-0.9171564352509058
-4.8152755072943885
-0.5758291169100709
-0.4474895446352012
-5.851570329107357
0.3153758754898004
-0.5797254771573885
8.133952269904938
-6.423732759099767
-2.5629693343368443
-9.439194330600717
-1.7199802161906868
-3.3047630896823104
8.65566826808244
-0.732309045519639
0.860992565574413
3.835858807985567
-2.6671953774056547
-2.848231901017435
-2.156230751274485
-0.30686875621007115
0.8273335828009911
9.613145578588831
-3.2379471820931873
-7.423180731580817
-1.5023032011259725
5.556494532800729
-1.256391286482545
-1.410712717345287
-3.343878677586173
-0.8959229418112408
0.7760086850545262
-0.47356070072246753
-1.1549851583733617
-3.0698891590510096
-2.8850321034308153
-2.4779517271104825
-0.8174155713188751
-7.456331451690633
8.132595532531097
9.23357434518383
-4.293716298725011
9.615311312446178
-1.6055268925645827
-1.0146210748051983
-0.223888669324475
1.6789735526766017E-4
-1.8917236193081945
-0.9666900807443992
-0.5176354817284652
-6.427988057091916
-0.6877794760536161
-0.7288571700212227
-0.7964210989496924
2.498970071659158
-12.043349021045433
-10.228156708685114
3.4312053668888707
-15.322217815759073
-0.9514744706955892
0.41810318194481527
-7.5557004010863755
-4.5894430852638255
1.3890391444772998
-1.0695007335305313
-2.153905196988853
0.9557767514237442
-3.3970035642503147
0.9859829653703749
3.235057556015153
-1.1197465602135985
10.144756114083734
-9.467515994459168
-6.46424550822213
14.200191921779986
-0.6525978281353567
-5.807452928214852
0.03822821793283056
-2.057868612478531
0.8820024854642273
2.3386120724389987
4.313492502334625
-1.682373530277843
-1.3141454257871605
1.6946834385704876
-0.4364814931308748
-1.1636984479330066
1.6212743932363864
-10.929864914827645
2.60082409106283
2.8292176443006385
0.9077113061161483
0.43138014563782645
-12.69851456259596
1.145340249112522
-1.2496521586412135
5.1164765927855616
1.2341784814389447
1.6256137753627278
-0.12861785843735746
0.629260054437098
-0.17673621220519348
13.485953456889433
3.569763545539079
-11.814660501987754
-1.7666634185259482
1.2729153053701738
-1.7648047532916864
-3.2991973034331314
-3.486135031123027
-6.226116693660836
-0.6289742536929155
-3.8554245645819467
4.549224598499773
-3.7896266610463565
-2.4685032011027452
-1.4067596812589944
-2.883367491986047
-3.2661844208142305
-1.0242876240266676
-2.093913520913128
-2.2919125525174526
-1.8312063216171945
-1.6390053287307187
-2.6615657141259903
-3.047306779261543
-7.157624635180721
-1.7016103249498598
-2.388256465199058
0.39729761989338325
-0.8747220829653825
-0.8675997763793328
0.8157754092664921
0.6773972754876479
1.0303057099816875
0.18445324566313576
0.9038347481281532
-0.2512260356426202
-0.46978792592533164
1.2064434456890794
0.6773982307212175
-0.9654383889776474
0.32944740054546223
-0.6700241627472335
0.19826119191775876
-0.017342327115469475
-1.1086561009649845
1.505200653962712
0.29783936029133884
-0.32133786039665
0.19090101930614664
-1.5195096482436046
-1.3608372529821393
-2.4221256832053233
-0.03987419198293527
0.7073751860845532
0.02226423042686247
1.3265785600478994
0.15680377019246253
-0.5056677109525534
-1.5644854514405027
-1.0125076359057756
0.3548234286254407
-0.9892875566399917
-0.8276199871500013
-0.3852491022871101
-0.9385383379356625
-0.536984284250921
1.0293920967176675
-0.05219982400267808
1.2434578076100293
-0.27489164577121566
0.7334068928259919
0.0797993365488604
1.1531635263314315
2.0455758618109665
1.6548067896164047
0.8693354208485911
0.1372940434907076
1.2012247233027922
1.4218893390749885
-0.0533825852089288
1.2840140712956098
-1.3180678202972036
1.6796315042159835
-1.5453587831114406
1.023038436839064
0.9287661374031473
0.6435256571370015
-0.35795874091030644
-0.12688598080449887
0.5288101579012319
0.27136261434782943
0.33532635115780923
0.5743631606756182
-0.03677936699829675
0.47666904494839496
0.2305955083912357
1.2897350008768127
-2.8839118584339634
-0.1642963570516253
-0.2793361436066534
-0.06481635793358236
-1.0757966528924472
1.0165059198504074
-2.276834960040695
0.005668132949422763
-0.14707664955311114
-0.6074113145974213
-0.18863625553939206
-1.6047733488831246
0.3233381058520631
0.019825255823100192
0.854827770878528
-0.5167959329097485
-0.6323257993448829
-0.8562346762317142
2.3877711845996603
0.5024739474950304
1.0451081392275967
-1.1573804616524273
-0.6793845935731464
1.2237184717477312
0.014519591781334714
-0.6115469234887967
0.08555772534347858
2.1650601268473983
-0.4507555391302309
-1.2608442131754516
-0.7087297746510997
0.4091102284571153
-0.4557042350334761
1.1224014609862696
0.9266023632138723
0.3170946421267559
-1.1705626924980514
2.0314313977864438
0.605854866590527
2.3857485679402477
0.9966316505031698
0.3748527954437834
-0.8496598483105505
0.030213357802149454
0.8305716854490265
-0.04626608825987077
-0.9911881031746443
-0.859724223240615
-2.0654129678806874
0.49245379823369234
-1.1129361153201451
-1.1191385751103446
0.5861920767453102
-1.674437040691263
-0.9645730602001532
-0.3493563263040066
0.41437751888121827
-2.2084161834814755
1.034793727091169
-0.855945284336901
1.0715915128901365
-1.1855635304904657
-0.015998400555767057
0.4724773347972703
0.6595242282505999
1.0041663644347871
0.3538431309559976
0.18417062280005378
0.27509334419126225
0.6924066128518721
1.7640799731001104
-0.10242723105410383
0.42200106011307953
-1.2563466253082796
0.6900293707277722
1.1139216757422687
0.1175046827474198
-1.2628930678765786
-2.476278314412859
-0.6762724666643614
0.16154393718763108
-0.6065767312314723
-1.9973012649040656
-0.05740146404684147
-0.4114972450830484
0.926105906710893
0.3328251161481825
-1.0017997486184655
-1.1446461054284194
-0.4590153688818175
0.4874153690068967
0.193532157708595
-0.4837886742621652
-0.21129904921264628
1.8660699194724089
1.764312158853027
0.525715386631253
-0.7588627088054031
-0.5112930201014189
-0.6841719840895513
-0.6314691043356447
-1.2353652152225347
-0.7790418967566843
-0.8627779267611021
0.4350138630420532
0.33289713396842086
0.1568634556371177
-0.031969827926868
0.968717407730615
0.9824372447504354
0.1931856635993638
-0.5510227125143484
0.4477091801918021
1.0256141262767422
0.6957651025210831
-0.783471990413338
0.6366142015517084
2.183648304121742
0.318769976856738
0.23839042692936763
-1.6746392494618774
0.37345921709022933
0.2870662249550983
1.3441842417224303
-0.1549111490563712
0.7527084189294793
0.03744879086699954
0.12283708315215051
1.709234573871442
-1.4096282098587234
0.619160497428183
0.14925550772196228
0.2327177218404962
-0.11243077016620791
0.05546096144885425
-1.0502965926336258
-0.4887324055108288
0.5052430281760595
-0.24927631964594418
0.7303545911514233
0.7353299054109665
-1.6049339105391438
0.0446570943997625
-1.9981231511537252
-1.4318139079504169
0.13559491473992527
0.17212426388011431
-1.4024106409361594
-1.2299872912396606
-0.17321718653805468
-0.619162702192951
-0.562892020661522
0.8236313997839644
0.22939312322163713
-0.801321493805128
-2.1917269213923056
-2.3287225912978293
-0.1400962161131797
0.6490259727600829
0.6486989538018565
0.352803086149871
0.2630009742207395
-0.9797546075744726
-1.01170054882429
0.9043498954160909
-0.38888207714678935
-1.2757706342913768
-2.320249993798448
0.7428117694840036
-0.39213712526943384
0.08522354403105067
-0.4792259445155099
1.0710186062461102
-1.1317124698302221
-0.03093007687706932
0.4669014590786016
-0.310999758592633
0.016990869422076157
-0.1930374214826319
1.291050797942528
-0.23412073580545575
-1.025905071522244
1.3704760510901628
0.9870498973796595
0.5626079471168126
1.7202703658240757
0.5663550238096898
0.09618758111744055
-0.6027674122137427
-0.7860577820791954
-0.23470410358983224
0.28910436074209594
-1.6263561495135848
0.7460611587794002
1.5437493889076546
-2.3588960920820443
1.06961170328262
-2.4353426526485347
-0.9003756182405886
0.7787246767295489
-0.6327917703678736
-0.4647835285354089
0.22904756552666372
0.038634685459259
0.013809058683772267
0.4584290450916584
-2.121327537764083
-1.5415162075320643
0.9621925983632458
0.4519554025133165
1.1267925983580118
-1.5084949482688377
-0.9629169207437251
-0.2536207202435284
-1.036423312241574
0.009264624664720273
1.3204641630707001
0.07663116356168212
1.1532079826604202
-0.22306329874237604
-0.9319862848915976
-1.0363401984450904
-1.0248369933358532
2.2745754798891302
0.7648723190787513
-0.2725909338151848
0.6035605948803995
0.5320761249727173
0.4009648377722368
0.12532660891059244
0.4777114960273769
-0.28788784683193647
0.684249208403151
3.2659792821924434
-0.6631062329845179
-0.8308312121946819
-0.32631302632595244
-0.6918066355522954
-0.8733388151861342
-0.05692415896844401
-1.3668736595298996
-1.188357638200875
0.359280908084382
0.36650153636194016
-0.9864831344869431
-0.5154809976475175
-0.27841619408125284
-0.3250272889365375
1.6377665392467944
-0.040056619595852924
-0.0763753476612539
0.41760985797619854
-0.7420181261363432
1.9785489014625033
0.7905782423609722
-0.6323435468958876
1.599682068447508
-0.36819381492878644
-0.7126169569335484
0.2494504451597928
-0.5552188799897864
0.06271323665551315
-0.6991609417369268
0.2560942085342148
0.9403032794456819
2.496978790301733
-0.8332674193379043
0.26032254191926535
0.7974050209417769
0.2855239830397825
-1.8068039568172887
1.0170181561990823
-0.24086566758501396
-1.1466998201300511
-0.044268089674007076
-0.6295931096246463
-1.5567177051105685
-0.739674223355966
0.1946084027140349
-1.6761774081854872
-1.5343126365872595
-1.2140672243959445
1.1116503032907967
-1.5733281948373972
0.32880968087026236
1.455508313330457
-0.5073581209880672
0.5190722692791794
-0.7269771341036857
0.7152551769883607
-0.051023893374801184
-0.519792817151909
0.82198855490724
0.6468894486815104
-0.07889102256110721
1.6563274745052525
0.1414069222204664
-0.7286571491003673
0.36052991044593685
-0.1633362520392949
-0.4624497117142062
-0.8003124989431242
0.11254417942047301
-2.129203646292372
0.24716621274653208
-0.9424688979378001
1.5318369394191855
0.5865960836149811
0.3232433866407997
0.5352434721059072
2.098360774198109
0.027750483329176814
0.6711786249850705
-0.6226444845673729
0.32214770426843875
-1.2912791363483702
0.9888755737210663
2.099002308485709
-0.010785563913847471
-0.9929314441930781
-1.9657561547106852
-0.8598184619974953
0.9024142505845679
0.49089445352141253
0.6115233242581812
-1.4977235320249667
-0.19205715025334108
0.9846138167898233
1.5788201950127103
-0.52356459125968
-0.8722737486944435
-1.2884501091479597
-0.07989991266660716
0.2394608900417087
-0.8127167816780134
0.2286599253262093
-1.1604851891338483
0.0728996765441715
0.6338694762824385
0.05084815560109214
-0.4423513382471678
0.9163142794217621
-0.1191268249000593
2.1700336491263728
1.0041342356459246
-0.4808553637717806
1.0997159083652672
0.8908339121733289
-0.33627974567321123
0.3988771096447352
-7.186633066103554E-4
0.1186580939467023
0.21778826664706818
-0.3260271247813956
0.44686079933565476
0.37745251772310945
0.962000853701138
-0.36009524937010484
-0.9127588709742603
-2.2974207237134063
0.3966222681822953
0.09961582876872715
0.8045774653639222
-0.6270599069469346
-0.5509623993474939
-0.8850131198101919
-0.7942775759742474
0.8020198786447215
-1.0392223777940273
0.8234840727414197
0.7220707875629865
-0.4336085389498719
0.8719436167346674
-1.5429929185968507
0.05535616445229535
1.416707716035236
1.5134857977891645
-1.4419419947005283
1.1003214338424925
2.117182116333331
0.10761580993525066
-0.7019744497872196
1.1778982763381
-0.6145381972371667
0.5212959898687675
-0.23665842691146222
-1.8059548374341832
0.02726375275815103
0.27579701857125644
-0.34240131018025644
-0.48615908505832106
0.6034993041165928
0.6233994638788449
0.6335740442616028
0.6347896510608869
1.4553323357182781
-0.025055322573420104
0.9596590815358723
1.1180732157296875
1.4261700340657093
-0.02048898373927028
1.1841903872009119
-0.5727966120858591
0.34377206745458805
-0.24060036916875244
0.8279362118220391
-0.12436425985409265
0.7306325705920926
-0.598629178473717
0.23234778939849193
-0.7412966242315705
-0.1292933702172218
0.20102577395453708
-0.16337584464211682
-0.27091356993093774
-0.7685329800969992
-1.812395897669522
1.0369148423789998
0.9211501199178169
2.0503799534136173
-1.1643184135561182
-1.0227233761309826
-0.6789722981603665
0.3565593843081957
0.35304122239348823
-0.9495306843041025
-0.26462645236763854
0.161416916380414
-0.3315282369320124
-0.7268618356136832
-0.24570379952687157
1.1987115199393612
-0.07193482534828538
0.4239433070055787
0.001418131144369246
-1.2401569795568552
-0.8537251038884678
-1.9029853651990338
1.3874641173562954
-0.7935773221516902
-0.3922095346661374
-0.3087443029900665
0.2749658979309854
-0.4034538905466415
-1.178511506459618
2.3415887650194835
0.3180431096141526
-0.0700836152530841
-0.4527604715802564
-0.056652166949201534
0.9967118070844858
-0.833066916794495
1.0891372277569233
-1.3650058203198516
2.0081454303783812
-2.1671065315220925
-1.5944870700083744
0.9830789679589655
-2.556494069981639
1.3214968480720162
0.7057222652820605
-0.30031908991551876
-1.7657627678194427
0.3503097962253996
0.8820313054021869
-0.16516722679280482
0.542375140927629
-0.3055741466308778
0.7078906875057184
-0.36237363848976767
0.4926437277100201
-0.8261303504414576
0.9549952486322906
-1.0286139990070962
-0.31603239431393587
-0.23899282745038833
-0.12515273618791617
0.9180450171826344
-1.8041658665011373
1.0596680887035563
-0.8297757165834678
0.6288257256781288
-1.7651552742784997
0.2673895581576594
-1.7375099259644275
0.3769375632273723
-0.2421418780723356
-0.9890952969026139
-0.13580966731147914
-0.10064680694486046
-1.2335993197688158
1.1189034739430246
-0.079200325426371
-1.2490154426601212
-2.364438381686436
0.3998781543171647
1.0283868385015333
0.4547362021184408
1.6347618457124842
-0.5727235054596842
1.0069527442819208
-0.0261954977827005
1.2146946476534197
0.015102385826397826
-0.06866415008545465
0.021229594190276358
1.0763657707196095
0.13275649127058245
1.4466884800796749
-0.8000776362043774
0.3200263385873097
-0.6286623199678154
0.9498282366814512
-1.878667350869483
-1.4572084598633255
-1.8683015954696698
-0.8495725364459382
0.8516222287007323
-2.3424338004414778
-0.13110302212779448
0.8295431357527823
-1.016813705535591
-1.4199084771255077
0.8234231225738824
-1.609531506044105
1.63119316291157
0.11627122494418557
-0.3681586912820705
1.9242605921643237
0.962048608927029
0.24903078758561512
0.845656036561742
1.0832158088563384
0.9911383294819717
-1.5946654350985625
1.4363652552722044
-1.9267413443716166
-0.25551556139546994
1.5011148041539784
-1.4805860281212417
0.67272900674753
-1.0404628471052382
-0.6201675189706495
0.4952304524198089
0.722870960789476
-0.24590737342964852
1.9178198451712598
-0.955601812092672
0.1090778930378381
2.4179651628495087
-0.2558118519371014
-1.9209566169761354
1.474287100415786
-0.32148347614793804
0.588000351044357
0.08474374401147274
1.7412523588269062
0.7184904150907072
-1.383708415725329
-0.4350375168796964
-0.16416460324669233
0.7037697556782354
-0.2497456456484665
0.5549087895321116
-0.7918913882753243
0.18179884819369513
0.6748895029659275
0.14583376489714123
-1.0286323929294003
-0.7994417919111467
-2.001430193635266
1.8160226614136759
0.9806609605180181
1.0547215996953685
-0.46545103084706224
0.15460951369649703
-1.4858184691087357
0.11887461443403029
-0.5749353189658484
-1.2814646885540215
0.5518900515115808
-0.6442531359246625
0.11764548174196049
1.8879416887411553
-0.44428250611409215
-0.9788059746331983
-1.188906668260131
-0.07024279829782795
-1.6951572984715997
-1.3955471949116616
0.9611396820939229
0.4736048223999369
-0.6693499620022791
-0.0690605058909104
0.5132625693484079
-0.6061945318851886
-1.122283242924115
-0.4807759583720812
1.2213574702652523
-0.17168056530925396
-0.3374937010445242
-1.5384764599408938
-1.600160429933271
-1.5259908204512358
-0.5375939061698571
0.3745338240070648
0.7353795479945593
-1.0250589913073895
-0.9360138454794378
0.06377294782296214
0.8074235716881808
0.8853712324149893
-1.0298149625482482
-0.001835729436590761
2.119361962777236
-0.34288034493199515
-0.5763275744270696
0.4808761746834568
2.455088135331481
-1.7025905680274638
1.3772832744602455
1.236865923763632
1.247386648563167
0.5048112973373673
0.3995601947567533
1.3117954072236935
-0.34990811000529054
1.0893473341289077
0.5807267111275249
-1.9576519364043004
-0.38556422927264367
1.589841415075698
-2.005339374135833
0.6994165520128441
-0.673380646879791
1.1056442342836648
-1.3197743434824705
-1.1017293398858066
-1.8288308146813876
-1.1899246716780527
0.34617571779116424
-1.2439691449123231
0.8990792733894337
0.8104183855990151
-0.11834314758718102
-1.302521059727899
0.18248123995384644
-0.5210575197368629
0.35243694923755603
1.800872885451976
0.07432539959334593
0.2161408669284651
0.1817043669775795
0.7645195462953314
0.49306538309087133
-0.27376302331546926
0.5833733728900344
0.3627247021700876
-0.44456312394417924
0.29248489225266067
0.6229462624826303
-1.4143923661597078
-0.5275336902923621
0.789115842762356
-0.42299568824519085
-0.5122565833303707
0.1133932078425159
1.5130936312049945
-1.1528779486641658
0.17241361010817804
-0.9759223560045529
-1.414976951192365
-0.32424068453248334
-0.32373270565729595
-0.046600173757334024
-0.4339367250916754
-0.8203616392464114
0.20941936452257123
1.1868725155009847
0.790778736097441
0.646372245674484
1.9376460864901572
-0.4943925241283126
-0.6779917666066656
1.1844841648138367
0.48357648175563284
-0.04736239426195067
0.8171607006249856
-1.311959818224347
0.47181230418267955
-0.7362480113833102
2.1634137873464057
-0.2820588116745768
1.6953811083239207
0.5752045070342202
-0.05182614786868684
0.6529764750492045
1.6551420983397338
-1.462210521571445
-1.4651678079755568
-1.1797731067297672
1.108070788263926
0.11844955767870788
1.3395185584736808
0.5719194976421692
0.019019477565615783
0.5582052126644301
-2.5152591198093592
-0.1414972520802551
0.21437422432814873
1.1639634391330442
0.5388834724950686
0.4241697822432423
-1.5351324361085708
0.5116523295339349
-0.9188928420434318
-1.2550847813663155
0.6553413134598983
-0.6630978347241296
-0.3632633819676605
1.5523754155943803
-0.7605634758347661
1.6789188599826135
-0.9647617690132226
0.3901558011002871
-0.3292796138279525
0.42701747010429014
-1.1166182616981812
1.0690649353015007
2.5343928137577914
-0.614808988391834
-0.21323422188353924
0.5805686987964589
0.6432353979501397
-0.4514079425538001
1.5424728892611317
0.2396272835847794
-0.7259820682087937
-0.7089238642497891
2.1685646279453703
0.8785464088048002
-1.6610090766063348
-0.7394834861362239
1.5664651330739225
0.3958724914919835
-1.0555771530683034
-1.1728720427246742
2.445599273964161
-0.9809338093107305
-1.0226927065942049
0.022505948334922206
0.16965572791325426
-1.6621122271780113
0.15807709527280064
-1.8401097120712326
0.5176068539510771
-0.4836196970611823
0.37436741404669444
0.045394265535444886
0.3621444927240755
-1.4484912130749432
1.412389356862505
-0.24876443170453674
-0.6846882329012398
1.1616741162128124
-0.3866305078359221
-1.217030927501175
0.42662884241045423
-0.24121755116557772
-1.2900108611870058
1.178144490569863
-1.0082578523717178
1.3161092444998341
-0.3431093582438844
1.9222796690322983
-0.6258694729111792
-0.2018063796768754
1.0469461212387279
-0.37833477589525166
-0.6339054456489484
0.017105537270778706
-1.3276897806747732
-0.13883135664256746
-0.8312671618548064
-1.0422520101016381
0.20905910246383944
0.3464304402008357
1.488534575106913
-0.8524565137405039
-1.417571258920657
1.2349869581381667
0.2138272842246552
0.24810363739262026
-0.3003579201873398
0.0710783181827536
-0.03157986862246102
1.044853804047726
0.6579797696657866
-0.660426734068099
-1.0854048018843998
-1.7158896925443958
0.5647570272667006
0.5620325458205914
-0.7563930407225041
0.1982338952383038
0.8688629186819521
-0.265618995746774
-1.0449007295056192
0.07895454690191192
0.5500005080898399
0.06607051249914415
0.1083016199871761
0.6530834506896765
-0.17335167128348541
-0.39352221001339555
-0.14337054313379016
-0.8245119206561735
0.6598895101390131
-0.4834083176588334
-1.756875360883926
-0.5837522002003495
-0.4558811205813725
0.18379122017809976
0.5284968210931332
-2.3147559325805163
-0.8671913458094775
-0.11977492739756504
-1.7096021245066628
-0.13270707569854792
2.057089204690705
-1.1341363703508467
-1.4983678959990034
-0.14532463845294294
0.7880099199467966
-1.2764121569181974
0.6697554603374013
0.9889955764870304
-1.061851669418765
0.7679990763368876
0.04255341821594355
1.0304339046391169
1.2638205748945501
1.2085452278703512
0.01026948644974779
-0.5921568522389677
-0.2724340546794611
0.855237513961385
0.7672722338570088
0.6633940720839465
0.35287805455095694
-0.3100810858189102
-0.17809004383085686
1.4307891498296774
0.2651040404680445
-0.7728214720543638
-0.5666119646304428
-0.8637553362664795
-1.551533666066501
-0.8971632667514442
1.7660528047764852
-0.25654724438699983
1.447310008037181
-0.5712382985282057
1.97225369036859
0.34733754199011724
-0.5438379775398083
0.13900973891337473
-1.1189420936825467
-1.790567097965167
0.4814691969809084
-0.9141444323884932
2.5431303645809606
0.8408093228288206
-0.17341140013508163
-1.7577048438301868
1.0803967344273326
0.16961602221036498
-0.8290345812858703
0.2033148615883243
2.4067770518770795
-0.18239796963531912
-0.10627530513744957
0.17323010022098814
0.19029827770064897
-2.9460704152196873
0.03542380578363276
-0.5915386785536071
-0.819932057816088
-0.07830323379300035
-2.509565708691315
-0.3750985507870483
0.5935509765801952
-0.39785774846624267
-0.1306550544736971
1.1542203924064496
0.7037534236074612
-0.2608550427865334
-1.9733220281367319
0.3442821016032138
1.4051008497910558
-0.3784027611874126
0.7058183031686658
0.1828230087597419
-0.09870253089140063
-0.8469365071815703
0.07958030339458023
0.8481792898882133
0.6469842695597522
0.6405949885200793
1.0021983389698053
1.5405355933261593
0.8648902936269683
-1.772922101072533
0.9389122171986753
-1.0275926977530376
0.8009300098247147
0.9926084818668612
0.36221081691554363
-1.0658923679167545
0.3679561508048547
0.3616455468751242
-0.09383407800015466
-0.03185409241988167
-0.4062746596538374
0.32983166696236105
-0.8780401109328579
-0.5719940798354152
-1.2955328710193845
1.2728535636014984
1.1051375644213923
1.2024532435914366
0.26078881840974977
1.129769169983918
2.397921365274684
0.7505927461842945
0.3924742616825129
0.2582484935916114
0.6492400766214745
-0.6049509797523184
0.9276228249060677
3.051413714033722
-0.018814800598437976
-0.6273646421441307
-0.7627979769147961
-1.1104294655826383
0.8416885674518721
-0.9839433912153379
-0.6121571670497121
-0.674090511439454
-0.8876781829974183
-0.31668467536831607
0.47510664737228514
0.8327554798221918
0.35566637420411684
-0.16641146639635315
-0.9519956788397157
1.1981550362936548
2.087187989712131
-0.09373840905030331
2.20336622712385
0.6063046977379281
2.5556245013333467
-1.2628445460534716
1.2418365239044742
-0.22881917773453406
-0.19606811717874095
-0.5244133648621863
1.476360422488041
1.9000929842961065
0.18611833684065446
-1.0334367360906225
-0.22880238940177694
-0.44222228040311623
-1.3867154094938603
2.02103870332265
-0.23304800248995647
-0.9165317637619743
0.6619896671681865
1.1818550420133294
0.346256886688293
-1.629558540530842
0.8652945383307301
0.1266272349736136
0.1403405108385028
0.9145454056971534
0.26710310035415086
1.1454036456995924
2.063136870742606
0.6392963943916999
0.8524578523632893
-0.6882119263058882
-0.2830806652388705
-0.6087454852645152
1.424480723871458
2.236182819494841
0.7607744226545391
0.4138226125886766
0.013189755304223323
-0.19725789823226353
-0.6738114969559348
0.8576630671980479
0.12902555221081824
1.427149965458352
0.5381348565835699
0.49736378939209697
-1.024520817823127
-0.6328088859515668
0.2947361482600007
0.38185448982822395
-1.8276838766885959
-0.19404336596089025
0.6856839413132998
-0.04803297740673867
-0.7578964552306204
-1.0064872500929631
0.8875341467621023
-0.4105166557186928
-0.26156033301569603
-0.5927344362337139
0.35297821660025636
0.3366522418267893
-0.30671076337184056
-1.2596414301013057
0.6457839433780819
-0.045743229444874314
1.2781930831070498
1.5825207941434127
1.3429657139579325
1.8287971767307463
-0.5186958436238107
-1.1852384666565903
-1.2692091119282582
-0.1297491612746395
-0.5247725050748496
1.141033996624615
1.2913317315290598
-1.2620869305990914
-1.1389644642791168
-0.49029489479881216
-1.0921613812412465
-0.44054376110046156
-0.449285657926445
-0.7698190473569629
0.6326200735370924
0.3528800330710262
0.3760456381371617
0.6949301215307027
-0.8852932726037063
-1.3078184500256227
-0.4535654944001255
0.8751348277930455
2.291058039094343
0.7065142720809384
-0.5902774146264307
-0.49071200825870276
-0.45457427979862397
0.04627922229976375
-0.043541676521223704
-0.5377119186207051
-0.09368877146416453
0.5270793907003041
0.4151503127702296
-0.10957216157847263
0.9390963939171888
-0.14742103714832147
0.20149965279741525
-0.25809179593552106
0.05196775327205177
-0.3032378104811814
0.2045029254402235
-1.627118633320499
0.14186206039988916
-1.0431908018347997
-1.9998257720478292
-0.005502493515803819
1.0710989599410423
0.6040063235137659
-0.0909004045411752
-0.6361267225123125
0.6567163452246723
-0.3498424163251371
-0.6762324527746996
-0.14743787391258134
0.5437858794087675
-0.9071108964711536
-0.5752596551033755
1.1781030893014892
-0.5088513796117269
-0.0912426652332571
0.026907983996608056
1.0854718599508764
-0.05527233599398861
-1.774013173023286
1.1628614928434355
0.2158737077589362
-0.02416158633407028
-0.9433853593721705
0.4472586827813653
0.03273599171475488
0.12867992963912142
-1.0511990263879185
0.5339326655115866
0.4787769697796111
1.0780102155172784
-1.228474666828749
-0.02440408427327412
0.8715604458728754
0.2921705884445271
0.40149887266600637
-0.4506574807819565
-0.8624818123412386
1.5907312563299731
0.037191482572110204
1.0942290294280095
-0.1677842376312967
0.6793112680181381
1.0545301447787347
2.704467456346986
-1.0573761720984391
-0.7677664813876898
-1.0568206662634292
-0.45955624758187047
-0.617614793244269
-1.0162650525161028
-0.6642192728483794
-1.1115545086151186
-0.41556571818896304
1.4246231297166745
-0.6273250685850119
1.4461868559495152
2.584558325697461
-0.2295533313169575
-0.2576788708089131
0.3133321800340186
-1.0970320194818004
-1.769085360786032
-1.8787495026723582
-0.7223639828788926
-1.0858267086919628
-1.7046771790931652
-0.9295274633174896
-0.8262686048382073
-7.262147727133961E-4
-1.1284170614657263
-0.7981983649342708
0.20711166202591774
0.4770206260074062
0.5276342830272567
1.6121823821340384
-1.9358327506671733
0.8877236802747788
0.7428114205439638
-0.41270220522612316
-0.3339518967416951
0.13149453250648566
1.2995598314724155
-2.3291518390325887
-0.09579459979633755
-0.5574335948738468
-0.7748931136891669
-0.04131246848215542
2.295178787772795
1.6225130632492863
0.6739300454911934
-1.317954067267566
-1.396761602120233
-0.3639509208756581
-1.180338281644071
1.0536359629218701
0.6909596985606582
0.03963352737212527
-0.5522950040809016
-1.5026314635175158
0.4795108579548858
-0.9602054351014792
-0.61401178430794
0.876191629854497
0.2598755751726471
-0.5774032119415423
1.0173692610437957
2.374917258882569
0.4284022762110072
-0.10107427708212527
-0.8030036617941037
-0.22174040651314306
0.4720731522299463
-0.29460474987568575
0.7145266225055953
-0.28526016786564273
1.7693236095007445
-0.4613835517585352
0.1280471915724908
-0.7068814622960354
0.2803900813660068
0.027242943029671486
2.5362043184197463
1.1233115281946378
-0.1353472877698874
2.059820393137617
-1.1225319544165882
-2.2981944069786255
-1.7601516168275482
0.056028263932958886
0.250970027311098
-1.8176698881480748
-2.405810328776165
0.10969782006223269
0.08456933259697252
0.020405441267472398
0.569594561030763
0.9881866273255472
-0.1408744007001695
-0.7963519863733567
-2.6305638872402817
0.42920948043586477
-0.44268310144232975
0.9981136062616158
0.46071505109433886
-1.513539994023447
-2.0107291360611326
1.2460593501901867
0.5695952011489387
-0.28463490744850756
-0.6737587498909202
-0.8088017659580041
-0.3135767256800235
-1.6249994739993234
0.9818052161057716
1.366121922271848
3.9980819063942095E-4
2.6951810275708548
-0.9375356761197896
1.4678223487416517
1.8565838368300762
-0.04650298158972491
0.6504155995455754
0.6688392020626226
0.5774598498625471
0.8233979087918684
1.702101752995703
-0.29493362049571004
-0.792871941295132
-0.8035536941130402
0.5300185584765155
0.17087741987240931
-0.3779256362048312
0.5748341141635681
0.19325312582739132
-0.5170439705427149
-0.9541084194470262
0.8039236372515346
-1.0617322863130347
-0.7436351277227914
-0.551640027589083
-0.07806946703402069
1.2457666354561503
-0.0365371323261869
0.6014392980786707
1.6979940581238495
-0.40914579895441994
-0.11665853332140727
-1.0467747319188732
-0.18292455455287213
-0.046896916317561654
0.5981193127221587
0.7469812711296528
-1.0473581519810429
0.2895419361976748
0.3925704627452883
-0.11321839823579843
0.16577795323630345
0.40232237861295217
-0.8338661172778664
1.13271602684347
-0.967044537156677
0.005770480912512908
-0.3192618561617693
0.9753069262109095
-0.06154048575498153
-0.5699494591774252
0.22632299980513298
0.421566529018528
-2.8581566488505468
-0.23859254061120175
1.1067362414106192
1.48499518712842
1.1070620625379752
1.183168782218013
-0.9975272007930663
1.0845253782695121
-0.13829470069355837
-0.5314533285677148
0.1816701975108449
2.184247894077078
0.06313402533379057
-1.1299362627412837
-1.9043571570202116
-0.5135464174028722
-0.7716261554942336
-0.532946893339672
0.4609370483482819
-0.08531311974701222
-0.897018716766717
0.049728988646986154
1.2377278216494576
0.7752430594684315
-1.0243373922125254
0.09357119341573915
0.4695921576168955
1.1856417166980986
0.012039285346035069
2.194195261537777
-0.15554382547731738
1.230647632894226
-0.04981229982337425
6.29187870912299E-4
0.20492416237260863
0.22066808459733614
1.7045276652500623
0.8955475849139316
0.5679856249779682
-0.3615577361751758
-0.18641389424302993
3.0335132239022147
0.43146306023554476
1.240082807288525
0.8736224152296276
0.1477875537553585
0.14025891289897868
0.6310568649728847
-0.14639479063135377
0.25667168564459036
-0.18861542654386965
-2.2880467088968524
0.9834685360279373
-1.9594288302946374
-1.0637382985893034
0.5900097385868006
-1.2566743209843554
0.2846553871302029
-1.2987656282604347
0.4823966766494808
0.5238627277625163
-0.541674389515851
0.48306609961285046
1.650279737573707
-0.5583745464959251
0.8435446867396718
2.0035705586148556
0.7684838774425348
0.08075923554961949
-0.2925935164287338
0.4560994424519363
1.1365068319818745
-0.23443757858028386
-2.4331992669228906
0.8679763010467695
-0.2946837870434715
-0.36830923614985783
2.2559003393231833
-0.4026601162437626
0.5348250922698411
0.977764047392676
0.24419569245647912
-0.9918515617239779
-0.6751872984298467
1.2754626467234198
-0.057361627603520954
-2.12025935168651
0.8835725657340765
-0.66422346191407
0.5676633427944032
-1.1242725921749053
-0.4789238882724892
-0.21893207554776475
-0.5554104140206445
-1.0479980904838024
0.100609126790879
-0.6616108608394903
-1.9125585413577852
0.6939381802801536
-0.5134790803720234
-0.8528669746505351
-0.033638087423590424
0.9969092278907309
1.067480059364969
-0.51360171889197
0.39083101654368363
-0.05243101439857578
0.30415979677477567
0.8733280686793665
1.0740980856192275
-1.2830632547192582
-0.4307203975248676
0.44833883570431965
0.49882529035409684
-0.3304646817854364
-0.8733924622154617
1.410866890101929
-1.1071133816631464
0.700466902256525
-1.2029139943379628
-0.10313051724939189
1.1340610181785087
1.0184985894186844
1.1978273372020465
-2.5853240480070414
0.21712336313033895
0.33528350916716887
-0.948562999399584
-2.882830534618087
-1.4914189315132025
1.2043934656150646
-0.49284976925366886
1.3105737592720863
-0.4402838402781719
-0.43579620976703737
-0.19465045530747316
-0.6793423388156241
1.169564370591243
-0.2564901551400613
-1.6248557985377179
-0.30845429713368355
1.0019804933259902
-0.6728616273493887
-0.9123436358898439
-1.493533588843841
1.151477682358668
-0.9815381774641739
-1.055384762557719
-0.5802533997028467
-0.38991178548676536
-0.5045267767081125
-0.709931334461425
0.012204831884646428
-1.3231406078934027
0.495735511265627
0.8115118275358828
-0.2873376963467425
-0.40562472659184506
-1.729634291929548
-1.6178229750609345
-1.5787296408160552
0.8132649638374471
0.49808215762917274
-1.5192524660782623
0.978320189011562
-1.3810058375821401
-0.06325884885457451
1.2123254932868874
0.29746028339788694
-0.20076833393232354
-2.5112057145618163
-1.4340575813220289
-0.12060990190476618
-2.1310619866448994
-0.8361904885949875
-1.0379478564993134
-0.36582472426605395
-1.2065499554477583
-0.5132204463526323
0.7551242615308907
0.6620281947181753
-0.4610389934215201
-0.34626633188952377
-0.06536695397007045
0.09927014803798302
-0.055815348188389645
-0.6528761224041134
1.1129393929494942
1.449584506613065
-1.175922592630305
0.844930881621283
-0.8480977079607521
0.12100840599653574
-0.3102086890155448
0.6593391503501397
-1.9328159567687624
0.8322401122232569
0.4461486643643076
-0.8439097796430728
-0.8142109117153747
-0.017579710951923705
-0.14841403001026507
-0.458777867268777
0.47553464277827356
0.39920483467092105
-1.9339383880960046
1.4418854364237068
-0.46907392525522706
-1.0498543224764196
0.7372693357506351
-1.4333887825785543
0.2632195470274661
-0.1915593109419244
-1.2740476149003215
-0.5341006531680116
-0.08556545261758415
-0.35956646465489833
1.2553403437423598
-0.9991657166619212
-0.3091190267840222
-1.292081598051636
1.1047618487668054
-0.021046779330233297
-0.1566719505082274
1.0439903349254867
1.0593566762914737
-1.4096698819493456
-0.2517693451802563
1.1211655634820936
-1.1033311295932071
0.41913831623337805
1.5237393190894182
0.6349967035004753
0.3176577848321277
1.0313765723903443
0.30227196141471396
1.3149006439698439
-2.2636408810698714
0.2517492187621094
-1.118782676166487
-0.5883770996512818
2.0965917034877646
0.10911207997595325
2.2065977939876515
-1.1718266862861189
-0.3459218683491099
0.5563892345340437
1.0113522713662964
1.2940111325453834
0.6079936165377693
0.1419583866206567
0.2965164807399975
-0.616654032472475
0.11372552686275149
0.8636011232440104
-0.6732299308089641
-1.2367165732190017
-0.37932102657783023
0.5752591106793788
-0.8900215448938877
1.0106110072211663
0.2811492111256382
1.0650173432464856
1.0617909487637638
-1.3322290272488977
-0.19391043167779912
-0.004175788674249604
-0.688902212451884
0.6168192121485225
0.9161281268507052
-0.8700599066793785
0.3653258269701599
1.2596423868828914
-0.8963478599004329
0.9906904085788579
-0.5381494447591855
2.793090970125982
0.49562447491891615
1.583668143734723
-1.3687622875711334
0.19717698182236854
0.1975445136039156
-0.23088808806691002
1.0431987720282254
-2.0427122347374413
1.385507680154905
0.24331769309814016
0.7081706655532839
-2.1066988366354065
0.7874037729459276
1.3871736407190332
1.6951474612625788
1.3539764764732405
-0.5445312203298411
3.2169713345163014
-0.7532189268808545
1.886361798749644
1.9148283798394001
1.2731794485886136
0.42673551168098406
-0.6762087625060733
-0.8299529803294212
0.35730564140311527
0.6875962100882524
-1.3916638794207474
-1.3678508905155193
2.231011691531545
-0.5394543797487293
-0.69058469359876
1.0277241762361162
-0.701229979577582
-0.7711365511948379
0.037473810392973636
1.6072817328843316
2.175036605780316
-0.5686141016896356
-0.48389179973822044
-1.2144659646174942
-0.35825831304312294
1.0174332252623055
0.44399108127887477
-1.5782255519037733
0.33787908100026914
-0.7842358778825316
0.32767396485402595
-0.08097975565403209
1.9330717771531771
0.6027182038693067
0.6756255772332096
0.3815928262863278
1.1094286136314953
0.5935574741399113
-0.5886869703282008
0.7054470230915906
-0.30900854921923643
0.2713879386643846
-0.43396396742154625
-0.7616735497663022
0.6952490778177649
0.3312369400817027
0.21150256399600065
0.02011012206278522
0.956333857977074
1.3699756204074973
-0.7474883900844868
-1.4075344361025461
-0.9382325997856986
0.9868163209259109
1.2454417314822595
1.8881320406983333
0.35992027900540513
-0.9483650685737749
0.3862821293687684
-0.17773672763259943
-0.07984330564678355
0.7743464545171509
2.259227461309554
-0.5622362749977875
1.023867794102849
-1.107204560909148
1.755587109755916
0.4979345148797428
-0.07452027427738946
1.0975527796682427
-0.21772748882690182
-0.9405050170590701
-1.3414673298080984
-1.50497327634829
1.0440113123145396
0.4194742387141978
-1.0509024645284495
0.29665869143538803
1.6313872971429908
0.9420714814767825
-1.296419818533942
-0.0638227567982549
-0.2702156510356131
-0.5402780428900518
-1.081758140399925
1.3314548196183906
1.1452315800345434
1.3487000674602287
-0.5876675715107464
0.13255876763823776
0.7499940673726653
0.976276789563803
-0.41217999503178093
-1.7127352161485603
-1.028283787613128
-0.9843168435829317
0.40367809961248186
-0.31780562493280984
0.19495828104871735
1.4083433545897306
-0.8414015357539139
-0.46208152933291313
2.009805886133211
-0.08000095149421364
-0.9333430686110877
1.3025249373962826
-0.8983230030464606
0.9399441654208976
1.6476660452501295
-0.48935699142127814
-1.1355886692733543
0.4481293415193579
-0.6758242290937876
1.647377087443331
-0.20513959316960015
1.1642137354889377
0.2883489514384308
-0.3601375817449931
0.2355197471396567
0.492163314044306
-0.2636249614311034
2.5374885448714943
1.301354212839257
-0.7715267774818991
-0.5659892412070391
0.10518094576660428
-1.0134540155703318
0.2376119873573599
-1.0086601281772103
-0.3846377876263885
0.5469405747684668
0.08854350386743462
0.3865022390198811
0.13100817951117855
-0.08265542698456749
-1.3153887604066496
-0.27861078091434843
-0.6156421168929155
1.3542669813297181
-1.7379713355527941
-0.1469231240077229
0.3827299396706541
-0.7085400911471991
0.049952917703587334
0.23477117883647353
-0.7908331903645736
-0.45955645752826924
0.3571818985988579
-0.7316373048360875
0.2911135583792557
0.09390380157522535
0.27470964135225495
-0.0350344172771129
0.46861617866430333
-0.7949928745593107
-1.3517106960843543
-0.4291052536670087
-1.505918559499257
0.31632441787998083
-0.9176520066315875
0.008912651981319672
-0.003288761200243422
-0.4533061921156818
-0.38753769560241946
-0.2266636893901935
1.709356549587331
-0.9746790433259496
0.03744693428510525
-1.1588843109375613
0.8775121034115801
1.6405333919574459
-0.0071706057470913975
-1.4580128432506523
1.7238638438277105
-0.7944257946535016
-0.419332807130621
1.3763390766582542
-0.7898725719519656
-1.681678958370232
-2.303150085366552
-1.4172677218741891
-1.1516947446634527
1.6984763082030143
-0.48062626776033057
-0.12356852475500366
-2.4567642274371386
1.8145717907631205
2.6309973222938066
0.8270318418742377
0.271873748865803
-0.89195872366639
0.4403270698129293
-1.2349383902160482
-1.6997017672975119
-0.19226982234666257
0.2952710730694591
-0.16608833860739078
0.3230346834141688
1.2149666663434973
-0.11927481488663404
1.224561268109459
0.1394698827802272
-1.22199042690587
0.3598897388313197
1.1897612924337688
1.4722246469227316
-0.6648860380237044
1.4956772028277925
-1.0062257045114853
-1.6032163082422635
-0.7479810631969649
-1.3754444645698107
-0.20908684443785283
0.23420868995108643
1.049093992796944
-0.2510818678383404
0.4238569491177086
0.36162375566411564
-1.1010612932780444
-0.6786498875758641
-0.3371397876214219
0.05533905684008194
0.6897977902587624
0.16496652171788012
-1.2166413850104114
-1.3859992222349935
1.6052678813283112
0.7344910657127477
1.11008043708286
0.6360288350025737
1.083699334949971
0.554480708008845
-1.272296030610576
-0.5318162199673083
-0.16870417181326441
0.9216394717772444
0.7395822521960539
-1.7565934411365887
-0.35289554223735004
-0.2943961752739033
1.7719502667067581
1.4306798033692134
1.2566096434565037
1.7472435907932364
1.9249246220971952
-0.6851649175445041
-0.8773548145556935
2.194964609976626
1.7025230551759416
-2.3244877234282555
0.022799305668061726
-0.35994051186395903
-0.3072084436323246
0.6090997696692572
0.5988391549814999
-0.2644453108697027
0.5947774180244932
1.210269911480147
-1.942737068143236
1.8447935665352542
-0.644701604037275
-2.3652866393608405
0.8805238806100545
0.6197273665747566
-1.558087229632809
-0.9977750654622228
0.47748432454478773
2.5733297671386635
-1.3774854135414438
-2.9608228206952303
0.16045132236486312
0.6578889615452019
-0.20943588871042831
0.26067499940330235
-0.31144109028339956
0.7651682156561078
-0.8194003791021602
-0.6595043022460002
-0.45299683340301444
-0.7901639001597308
1.0643608074552007
-1.4279954585275556
-0.4631409308415386
0.6404057602522621
0.14093043387534365
-0.13023302093941175
-3.5720441820098907
1.502117458996297
0.052608486551818476
-0.6657177015980731
-1.1462523259372737
0.2959853094894457
-0.7354975184886575
-1.2452803758528925
-0.9464384312241161
-0.3083335394336692
-0.4726123952415779
0.390960537994971
-0.3850343636469053
0.08859129050157095
1.1078200043587962
0.9697382397566582
0.3461878965011852
1.0602407160254443
0.29133047196857914
-0.3178399046990792
-0.5250689115207705
0.08999437047057594
-1.3134700934227066
-0.7910825917154357
0.09278705078716447
-0.22636965073976534
1.536124374703286
1.3063653086039715
-0.20706515501787254
1.1232272573557147
0.3147165394979591
2.8579814520620563
1.401969058338523
0.17628160503873797
1.0337431738424547
1.3996374996431113
0.7999283189353931
0.1579050616660433
-0.20572255722885013
1.604568431793062
0.4170786219978603
-0.3799079049574708
-1.119007401461647
-1.4274513823247732
0.2521885631501656
-0.8566043679586836
-0.10515903637278548
-0.27622263178222584
-1.0022557507275145
0.39919284967473995
-0.3073539489703539
-1.0538138800275298
0.8544067659560306
-1.3407373613007776
-0.8211780488346344
-1.8127519271073296
1.038700160001524
-0.7659530862345497
-1.067005738769146
1.327431122029147
-0.46528516062984493
-0.9528862439204329
-0.7280950067857688
1.0473669278789937
2.451888821873335
-2.16009728238142
0.97782030295794
0.8742151732751305
-0.9690066051423502
-0.002333407915874568
0.29816992580761825
0.4727615258898655
1.2457148315721345
0.06866307995455768
0.13266197631625465
-0.11874613751129788
0.5153852710654179
-1.0040313924590962
-0.5980113873858942
1.3299548559480527
0.7991494759090972
-0.07302256349136602
1.2910517189358308
-0.6195696838615181
-1.0881862038033365
-0.6286413851377196
-0.11546018735695923
0.28735972108974134
-0.49937553568640236
0.5714426117568869
0.12257550081921018
0.36734594741009924
-0.7700001081861847
-1.7395603129261514
1.3785015679406223
-1.0849070874680138
-0.39774987552583685
-0.08046300627490838
0.37208550250078604
-1.0159560477719325
0.5172715922382383
-0.9672834230038474
-0.15064449676352828
0.5999380604510949
0.7878753858508363
-0.6162953916195961
-0.983620886834161
-0.6722617821673079
-1.142323148646696
0.2115714750198303
-0.997922557190316
-0.13720620276743312
-0.09039742203384556
-0.6029756522049035
-0.2803104736384765
0.3954107042638673
-0.613239281584476
-0.30051599206879714
-0.8101870374384247
0.4201532745502751
-0.3564373182468978
-0.3388405315099294
-1.2185524324545156
0.1847013590942162
-1.200399203154085
1.5281768293251976
0.7193744274349978
1.0018336765218154
1.2710110709464604
-0.9569775522693057
-2.600865503356434E-4
-1.5896924843553428
-0.2620207527577636
0.2571342989673349
1.1227950800287667
-0.8209268334954158
-0.26678382748452034
0.4792920089913074
-0.9004951813941589
0.5965145420032423
-1.5796502825906722
-1.5996806168765494
0.2786405080366415
0.21885047566057192
-0.46780892339174834
-0.5334824574290725
-0.5891400326264943
0.40322139760972964
1.2450231827067626
-0.6822607289363798
-0.5058099175974253
-0.19317426406660987
0.2744207319008655
1.7023192116835753
-1.2247539840790946
0.8262956153417753
-0.31371757994480765
0.5992828313566593
-0.21459961046871429
0.9343044089370118
-0.8813079613183473
1.0941740629584282
0.6285962159286964
-1.5297631631494726
0.17976920374990132
1.5884570194844818
-0.5981541785392456
0.18500042262496022
1.1257446449183877
-0.3063485943081308
0.20172364336078832
-0.9168710377536228
-0.01592371675745389
0.26691239817749834
1.3570709482799534
-1.182630967424945
0.28113983234927087
-0.7943061557541317
0.20527515477829866
-0.1432359677520516
-0.8487034042831981
-0.22451408249907717
