0.6324969931507335
-1.6658064637660572
-4.000604866455715
0.8734520702613552
0.6598418150105337
-0.8558087243382819
-1.1838269925239957
2.9294582233103683
0.023286864797173117
-3.3587073883839054
0.47201434812172244
-3.1512985021112594
4.214737606452921
1.2761640606002855
-0.24127152366171184
-2.410571745424148
-0.1721619727015456
0.832042060127468
3.190526729157436
2.6057959733246
0.22109079544329993
0.10347949229558583
-1.4210385891514443
0.6228705452572239
0.053169690099488444
0.05718119777478477
-2.1026320562196044
-0.17282420371285973
0.5897789229739776
1.8786361079755585
1.783162737868213
-1.320256503894135
0.46307262690551904
0.35181035232163915
-0.8600328064120808
-0.4373187071700237
0.9000628426663103
3.191141864484101
-1.2897449453923895
1.5566613373932054
0.08040234516151361
-1.3345942996467317
0.4590486359409231
-0.903613929011652
0.588289001385848
0.4459470249964156
0.1980566666859518
0.8031548437334519
0.9475658406158596
1.9809561127217052
-0.4981308616216734
1.710948372307532
-0.3969101600762467
0.8419702303731504
-0.19687960796578133
-0.22446033451164363
-0.40172097879529683
-0.8742792178971743
0.9447090209860866
0.7430309170337269
-0.38201906465758306
-0.9637490263220057
0.3255562132596022
0.8855314411159524
-1.2821986629795896
4.103959540434683
1.2077585265468103
0.03528898434360408
1.594160608440335
3.916922606339245
-2.4033365412086227
-0.24408018960711186
-0.7919599015558264
1.8167177847237224
1.646746542407907
1.543296088941448
1.0525780886207314
-2.022171908867925
0.698384859827461
0.31561573923084724
2.1144427855419123
-2.204739462987951
-0.9851479434783982
-2.816529495782373
0.28990157221718943
-1.5714580067808461
-2.372667781311976
3.6602321907955018
-0.299349140850078
1.98159212143865
-2.730928842901572
1.4626411426952797
-0.7510107518768744
1.47535131955561
1.0191021821382924
0.315797598785932
1.2245083963924042
3.0038681032655705
0.2997209317841539
0.5305565958560337
1.3619589186669883
1.451633865062908
2.3755675091168
-0.9200833790912709
0.39831298408024357
-1.6898713278011155
1.7814612302271073
0.6348354775287431
-0.6304180919344273
-0.13163230133551834
1.7702971827637288
-0.14779241643933594
-3.789398250492324
-0.8771033888459906
0.1879275293034122
0.6904633743303473
-0.4643421553818821
1.3372941688689917
2.934361717739091
1.1851246602982175
0.324148907865339
0.5923788226134122
-0.5544877382166276
-0.8865497518179946
0.9321422656523342
-5.211261633334718
1.4627727500750978
0.8830192736747594
-1.9893261197584295
2.2653588312057
2.5690504133500713
-0.7578216878139608
-3.778951970334809
-2.429779957300295
-0.6522064529750113
-0.38451354678948635
-2.073684651203254
0.012291232741383657
0.8583984555143765
-1.2486051928679036
-2.3978540239890336
-0.3122714258338828
1.4424181685267735E-5
-1.8090238235841345
2.477547499683129
2.2612881854374054
-0.13076707859919778
-0.13184152562339357
1.2912566226710704
-0.9201924415466269
2.8260473359653684
2.8194646250732984
1.4111183611929912
-1.0515474203954185
-3.2378162357031806
-0.5143719622020595
-1.1670977935325881
-1.0491537653094085
2.3267898561739533
0.8516556258158354
0.668686744453898
2.3353714282521283
2.761487336087447
0.2765111112467405
-2.2909499759626244
0.4313681346616323
2.678708311076589
-2.5450807876832364
-1.747081929644219
0.6439919584118048
0.9640376966803705
1.4902314594800847
-0.6866577746243508
0.014040502713246222
-1.217472684982223
1.1413581816127896
-2.3814113784046036
-0.9036354754773251
0.6071944665570144
2.2016855393878476
1.6790312416120927
1.9902144435713733
-2.2257930796210696
1.2463946999710949
-0.3622081354783217
-0.5033480816536775
1.7230551983481395
1.7832964410079577
-1.9855107706074209
-2.4569902065902536
-0.5329023857641282
2.862982255167679
1.2932171746776897
-1.6399542239000005
-2.221270108025366
-2.8302331357756323
-0.04358378953986902
1.4029868097207985
1.2459993785751167
-0.15540568555709258
-0.6581956249268351
-2.627060363801825
0.2796812241837806
-2.5341969650513687
-3.114433608277677
-0.0776502001307611
-0.047535939829613655
-0.7755555514990231
-0.4079336811419777
2.6182044828000945
-0.6631684447422747
0.5160325833886735
0.9023014641590131
-0.46532585715187696
-0.722890942677393
3.278357926085254
-0.46648987058026414
1.62118754153235
0.6949295224260723
1.360399943430162
0.7712203221288229
-1.782218182210431
1.7612379001444711
2.1693144951555148
0.41291182875143306
0.4442954036463989
-0.3219745695590527
-1.6033438507429374
2.6973830223115667
-2.052778099465567
5.342427227922039
-2.834668413430633
-0.06481387353656339
-4.598693459075713
0.08554267128419261
-1.2311822024550323
-4.861397175526322
1.2095574307450174
-1.1665938720417295
1.774378822729006
0.564039767677215
0.7085918131947131
-1.1856415356284806
-0.3167535607515587
-0.623043874848052
0.9684082957219105
2.2018366206628155
-2.5449304656870755
-2.7571390324710046
2.2209275159192288
1.5169543292672485
0.22761292454104748
-2.09387752143723
0.5302089004611324
-1.441298468108587
-0.18295492961759785
0.03732142216498277
-0.10848873922887348
2.8189216677819133
-0.329786669756992
1.2864500715200187
0.477201109283798
0.18998955990355926
-0.8043142712030888
-2.3617158364410646
-0.5838231406910784
0.8003468824718749
-0.8979497979904977
2.490618371324647
-0.7929510390188615
2.49281556123665
0.38800244450510113
-1.2626689099230806
2.724956774691574
0.6276956796614633
-1.8926722380013716
1.3510204219875146
-1.1945486651123216
3.0658468513766377
0.30510964179990896
-4.058555324270012
-0.9140550470334209
-1.5678868065449272
-2.6907368245644014
-3.3027085991721434
0.5180623187085026
1.4725692705532967
-3.1824655940019433
-0.7817383106754118
-1.0383983235846088
-0.07362923948950938
2.4192697941858463
-1.0572100770754798
0.9027699093767474
0.43714783290172216
0.20895391542405206
0.7089774080700219
0.7510807258314396
1.1340347367048407
-0.163603064860869
1.3677254098803497
1.820843580748755
0.036901133079867435
1.619061282399111
-0.4997981958334595
-0.8644884575892026
1.5371749799278895
0.9311405160531065
-0.7969274310244924
0.3276525518601766
1.2913240041658691
1.322656452024279
0.22284225854549367
-0.10561675682174437
0.7726978796215219
-1.1901109415221516
0.8245962625283164
0.035989605028431904
0.6251136757650207
-0.620330755350976
-0.4029695420434709
0.31901703157217143
0.08429668329940326
0.8975005952784965
0.7834141563412373
-1.2287818251215226
-0.05429177686350888
-1.3241223051169915
-1.3451431562503482
-0.8119505824784881
0.5884199379128002
-0.18457949982005623
0.29008901926054764
-0.7599827255964485
1.0646696230709138
-1.4323943128584782
-1.112541302537456
-0.6399322898293128
0.2825328968923814
-0.22459304360806756
-0.573840029718811
0.046703706143120555
-0.38434702286705896
0.8964540980130593
-1.8364288702444862
-2.4409230102118564
0.23872012878306775
-1.1597211187968712
0.3104111583880849
0.4582183173923283
0.8042442307396163
-1.570240213916714
-0.13622530215906942
1.2543196316436949
-1.0383157212706153
-2.8591398940692057
0.11171645859301269
-0.012798782592059882
-0.22268766809402896
0.7507582644435337
0.46144611178442396
-0.3935550296049299
0.6027082587563843
-0.8873961043421075
-0.5301940963156099
0.4215065701505271
-0.08344157455999057
0.7684407984656321
-1.9923545789239734
-0.5295762459203094
-2.251683732502019
-1.9268048369222042
-1.1643651854302592
0.9099842860836211
-0.03268551647211363
-0.7214828795490897
-1.8227133336333574
0.40465406146999067
-0.005104857669519367
1.7385010764060003
0.6390470446038857
1.5293885365314197
0.9919757936385751
0.30418446767167223
-0.2520463123845569
-3.6337888569423855
1.5929919920699354
-1.5733485688171507
-3.2663831355943422
-3.488257072764487
0.7518514386806399
-0.4912737357977398
1.3102776764187944
1.0327759847932492
-1.2411941895981786
1.6636474120664828
2.859695284818374
0.6429361920247485
-0.4074765795074958
0.6125597238964089
-0.7544744921877897
3.1696798291824377
1.2366377593165652
1.8683676105825822
-1.231388404730853
1.5053111296493682
1.4159702350121246
-0.6513337769533847
1.8378163570012203
-3.4150431634106817
2.0562295444267225
-2.6515076374739226
1.1931986930618088
-1.1864081720672683
-2.7251620704307755
0.05325044638948847
1.585457623471043
-1.5605629747725769
-1.017697327070272
-0.4236820043051784
3.32216808832081
1.861563606076474
0.8287550927845215
-0.6947380578816265
0.9133972950551685
-1.8611931268186745
-0.5596002329843464
1.255369943356905
-0.09315712294706747
-0.3937889724533806
-1.9208102200993111
1.5543494474363073
-2.1381152157172183
1.8225989838419658
-0.05337952163076639
1.0579503160029073
1.8729860499694075
-0.3561194587095438
-0.7791738182283103
-1.7398690109151584
0.7861437959127174
0.4392089551315573
1.3305876444217348
0.3119123629799879
1.8814800809434526
-1.9739874922635887
-0.46102397641220766
1.3108158159789536
-0.905486458922618
0.8016229343122874
1.3735191056230347
5.962397507630164
1.3520588928998323
-1.8523268336306988
-2.6481150517991123
-1.393503535418806
2.254181528380788
-2.704069027472771
0.8677237510113491
0.14205885040063126
-1.1652792797128386
2.7394448704346894
-2.464242696445413
-1.8861341964916223
-0.24071589055987788
-1.444168870352019
-3.3788456641793037
1.2604762684539654
-0.044093841178857035
-0.19524449212169298
-1.9024193875296926
-3.2607646753528914
0.4337944439554654
-1.1965763640517817
-0.6013428616221779
-1.1798270357895457
-0.0012267398852775127
-0.908163941480442
-0.558864360702202
-0.9899371487956002
0.35569323129569697
-0.6079735618722967
3.198911339685763
-3.150041965112641
-1.5875114772346104
1.3731424015836522
4.737675346877967
2.30616403120196
-1.7401875654921308
1.7650740581234499
0.2831545327474867
-1.037849178668862
-3.5344838069808935
0.6862336581190469
0.5118869659167983
1.8772541846246886
0.7495445545289828
2.5205956018244713
-1.9560032484910463
-0.2391957950188769
-2.294328246018767
1.088336751853559
4.911943105539178
-4.104985256148857
1.1868927115058057
-0.01209095129174766
0.4218990332450272
-1.1119411689398484
0.14328013827408267
-2.314275303452675
1.8085881173115304
-0.689697257800092
-0.8080375983590082
2.966906153382934
-1.2389627992484555
-0.14411773868596292
-1.9904784480129838
-0.18848903956287033
0.5842616867563414
0.30490456085642376
-2.528513139646183
0.60796492411823
1.0310005324632237
-1.731589291606218
1.1495199744877624
-0.028798722101723986
3.3353671420111377
0.10710416524033627
2.9414744043562937
-3.1795659615947165
-2.2679192855188397
3.0751823715115543
3.2413379459426905
-0.23916204395601104
-1.2016496760228408
-1.1833852839766577
-3.1086158145272407
-0.8967845820394623
-1.8651760095305066
2.121726237311593
2.3090286922263017
-1.7874806725055343
0.3909423944603685
0.2329736583372597
1.4557777233382003
0.22139698330543747
0.3299945533836067
3.6694437715260517
2.412729572541992
0.4713864937339185
-2.2667134993847817
0.35808062662748497
-2.409851699632256
-1.8344903132899557
-2.640351695142045
-3.4826586448261545
-0.24818826052702364
-0.8684011038434339
-2.437573412353043
0.8832519055754618
1.9859286639265377
1.4354612322691331
-0.4574741203937106
-0.8381472901583342
1.2034983168883515
-0.7037038656064238
-1.7926724266287115
-1.5409947221994476
-0.3058657043706782
0.5082060912363681
0.6113674427625224
0.5721359477725398
0.12531102833294008
-1.9067693043618543
-1.3168427099567905
-0.3719045101539466
1.6636284881788168
3.171770596822923
1.2443081196335148
-0.06847386368049695
-0.6388906805513741
0.7994116618342443
-0.47878882957709035
-3.669564665499502
-0.56847893259582
1.4387499477897328
-1.696623041534254
2.5342429934288186
0.028728733613677025
0.9512693753357074
0.06997750460624298
-0.6782983377815388
-2.104186419426979
-0.8042254368544571
-2.147477889697068
-2.2603722136089566
-2.4956440187095983
0.4938655780533114
-0.45764557703105924
0.6291362609435923
1.090690451719066
2.4433366995752066
-2.405506548796636
-0.30839558173341913
-1.0999759181025515
-0.929306518557283
-0.18961022728427845
-2.8189622213498455
-0.026646302491178372
-1.877816869039264
0.8649299230644573
-1.8076954755894763
0.4793284898218186
-1.0076500666408796
2.7688467811309807
1.5283055735699913
-2.617260041540919
-0.006345117133294672
3.007138250634718
-3.297150991455024
0.5712913617154949
-1.3231437467101856
-3.5168262174724148
0.2839594618318969
3.0549517539603683
1.6456535025755292
3.3582797726094635
-1.4149986261561354
0.705420461933552
-1.5469285933840495
-0.3088603991474523
-0.43403552682298685
1.2674105368208226
-2.7315893505784645
3.329751809327973
-1.3116056382899428
-0.23414899360230734
1.4245179707666555
-2.765398148103808
1.0579218424374583
0.6324371051172977
-0.599197962150881
-1.659807799891418
-1.4060589831440862
-2.479403492995236
-1.0858296446869795
1.9994873625625371
3.1573441385332264
2.2411666969536097
-1.3187348308034559
2.801535963843844
1.648464625805201
-0.8027472639652368
-1.7448815003487983
-0.08369525365470927
1.1296020655615022
-0.9920093766288086
1.9223333407392775
-0.48462696321261045
-0.5161758331563373
-1.0304886770100026
1.3434446684973234
1.4494011981447665
-2.22368095133828
3.2994343965519506
0.11488303865160522
-1.9072003244528544
-0.7824635024882847
1.6159726767274287
0.2304736178268635
-1.5547674073075826
-1.3770830459169254
-0.038822231577050344
-3.010120782216279
1.201273313039272
1.9493840529689699
-0.4267256387209497
-1.550543862491424
1.5482816531309638
-0.923849590663975
-1.5461564405753623
0.6194164499021313
1.2812746239138182
1.4700892370502554
1.4718254631025454
-2.4141111796477897
0.23637297925996237
1.3260483589966945
-3.3699010263680487
1.4331181197538398
-0.5613756831472371
0.6948677139627214
0.8928482490633165
-1.1324721496812191
-1.2200760699091748
2.1000783997733468
-1.5706821461320863
1.6888037641250615
-3.1146732440497633
0.9603500795220202
-1.7967915228898999
-1.0792754345552877
1.5963591848212053
-1.097598117258818
-1.256703074563279
2.3816567222327367
0.15030493355395902
-3.2434587624994533
3.2207137195260067
0.45780639148509744
-0.7966471470044121
-2.4793912620346994
1.0825389602689874
-0.5924273916243157
-1.874716514559235
3.147422697357142
0.34615891045332975
5.796868431869285
0.040532374272276024
0.06772386716923091
4.059762811895781
-2.473055300879665
1.5505379123098975
-1.8346447826543846
0.5695010145040799
-3.322656371775137
-0.2878152627158679
3.3990423092132946
3.3020844682310426
-1.1629623216061082
-0.6589372041167343
-0.2525705769920008
-0.727697118619116
-0.4391712516481038
-3.527252649199583
1.4043454353599805
1.3430547901982095
-0.40695971415891324
-0.750416610758577
-2.12394278924437
-1.2234929006760544
0.12285067735982333
2.9393712558418548
0.1835393402360436
0.3608729918173181
-3.8221901384160892
3.5629292903762346
-1.289133888904531
-0.7139257181070813
1.3826232289479565
0.3370998520486221
-1.3337033575895292
-1.7847703477057741
1.322682345561057
4.033721283085583
-2.2713606959574095
-2.2895816729615848
1.008353380820943
1.973689416384015
1.6699591853899316
-1.6873839648029096
-2.071997999337143
4.267661213480854
-1.6978027011693722
-2.997904747872486
0.6781763278009549
-0.49936300219311114
3.670350952786207
-1.1585895997281537
0.23794215548413422
-1.0803433419024604
2.4721181020562057
-1.4848889637574754
0.09107410019529752
3.2285486619109904
0.7648231082570542
0.36571566946049133
-1.2724766719738656
-0.6586540114401414
-2.0958280144539954
0.47260786323301524
0.06829537182691271
-2.4528919980510824
-0.31868889842535997
-1.1196762826228601
2.7371138405379467
0.10655372911943824
-0.9270728265627708
2.3400578370651157
-0.49872889173412055
-0.08932314381722486
-1.3527404767215832
4.302460328689376
-0.2819212626758522
-4.055950204526856
0.37325297124598883
0.7345503089402545
0.41949827004555806
0.3347677866971169
3.062125304453118
2.622425266513744
-3.5029597234068537
2.487664981963974
5.061976798662534
-0.6398099237829709
-0.6870952328781587
-0.12894697102925767
0.24825485831231503
-1.102641115213515
-2.824054448506974
0.5248874239253315
1.3336214667790658
0.9137236785251053
-1.3401469745640355
-4.315544029160594
0.6587634522542056
-1.2845745967654798
0.813158810827502
-0.7760684282155632
-2.743992703743687
-3.354247922701875
3.0516671107111217
0.10774088068345739
0.15359011313215032
0.5171511121425184
-2.2575685192860417
-2.2010259335193214
-1.2711078621417418
-0.7000547566478957
1.165267546137062
0.748324055380644
0.4652209007691822
-1.897983208142903
3.590930830953064
0.08535685552786451
-2.66823011999518
2.280613423538121
-0.7821262618869954
-1.4569251466625335
-0.6349132640227942
-1.4658176761419917
1.9151562461168952
-3.4227786169069487
-2.43700742384412
1.3852565355697908
0.9217105935627855
-1.5348511951439199
0.7525161561754613
-0.1649960182305215
0.17274193720496872
0.3722422338152049
-0.8498961731593404
-1.3003940317739064
0.6031057043908585
0.24140272275093544
0.24542125790162686
0.1373758941804364
-2.3000218789046576
3.5225703547252847
-1.0827929022024168
0.9565274636344073
0.11813115388910835
-0.30628507246558234
0.2950334926514607
0.5033861220320474
0.7576717267105495
-0.5501168321527
-2.2714104336684744
-0.9471755537866005
0.47572663901181966
-1.7433689610252023
-0.8369776575396202
0.8078865291951053
0.5356590952480407
-2.645263155675533
-0.5326513387835156
-0.14669022657123287
-2.220393060411276
-3.643269414004088
-1.6930562604995105
3.657544768469152
-1.4598055424870646
-0.4393172697307943
-2.5869342574569907
1.2667167952937883
4.829158231747148
-0.13325435098010838
-0.5025721542228214
5.477533379240083
-2.5303235274211646
-0.35340054559759726
0.5960210959381144
-0.9946557347084797
-2.1530124548593874
-0.22414246405895263
1.0346488366600333
-0.07408927763900626
2.629586983903467
0.49114025012607326
-3.3532121054437733
0.5193841637007854
-0.305141563799522
-0.619583285324304
-1.2102004897962764
-1.9401602413362569
2.1965223739624404
-0.6321778428512341
-2.300194709566536
-0.49363101491063704
-2.9868986701134963
-0.7284481349687946
0.485545358759236
-0.7237138872376967
-0.9960422639283637
-2.0291685644247823
1.1962159395250327
-2.5428035397815094
-2.232562653481203
2.4561667369978464
-0.23830259479370078
-1.549667926240518
2.230672883573278
2.7452138641836337
0.993467046194167
0.005518029600112132
1.75067764143191
-0.5462156974501291
-3.6158298996147122
-3.2462980218982795
1.8590416680436297
0.8305315139321132
2.4900885729381352
-0.5241482987306024
-1.5757538015485337
2.930895723657599
2.606063107936929
-1.1458776361353595
2.107569904174139
-1.1997852896329781
-2.3405521968406076
-1.1664336191555986
1.5093569695026332
4.123494024099257
1.8562961886684803
3.1000177490528187
2.5109363487185705
-1.7202519362183724
-1.0730321356679222
-0.38126976261787565
-2.1393198561155895
-0.3298424677857673
-0.6255946992239624
1.4519770567422434
0.45784979060090514
-1.139457633141879
0.6779630349003022
-2.082848920220727
-2.9183419737528635
0.5741746217046508
-0.7183334233427514
3.7944790862125175
-1.6369137760100183
3.1123930233301107
0.8749804902516
-2.872197490800154
1.0945920879787119
4.051694326394451
-3.572332811837029
-2.2020186068543866
2.380846984693985
-2.0337541177514034
-0.7551193136163753
2.7266347671381976
2.5573622542444325
1.2426941388090376
-3.648499764967587
0.39580649655052075
0.22200865356761149
-0.6109311745083409
1.340019130809768
1.1954626109501836
-0.7400185182900598
-2.0732108946966803
-1.5145161350646934
-0.1836776165584996
2.1822727934661437
-0.19206279503923207
-1.0816376264231575
0.3930037324434551
1.2376944887216654
0.5203630960824306
-0.5617740558314327
1.2987593228413337
-0.41807642508541704
-0.7652003699226971
-1.363098723529981
0.633842220224598
0.8499061396268152
-1.4022242193757841
1.5590285739445333
1.7032335521851634
-1.5450615254707276
0.014707545548134207
1.2011519178628063
-0.33309916249580324
-0.8682909659087441
-0.3385058957320557
-0.7817514384359541
-0.07715680290515996
-2.22248061204382
-0.9821441027212169
-0.8311655725106537
-0.6001694691467925
0.16824429103373284
-0.37267955008517367
-0.5672189057171966
-0.10097737395569083
-0.6209224572919516
-1.5024168764134698
-0.6527772572457001
1.0110593917817774
1.1514704774856972
-0.007255396718073079
-1.1446074020852592
-0.3179415668934007
-0.8428252480723354
0.9714194386650262
8.426934543686704E-4
-1.1614444530161123
-1.0442953799213768
0.004162522475352784
-0.259615792289109
-0.577869367854274
-0.763352673058501
-0.7879485415928892
1.8599365507930823
-0.07670912851618558
-1.5823411656208912
-1.3620814142865816
-0.5182004822304361
2.751554240164432
-0.17318934199754774
0.013086565592099619
0.22731243199465123
-4.159916959518674
0.7436261557602024
1.465865206845245
-1.4184595597247258
1.4086586329825448
0.921536620381994
1.853604790889628
0.6130171095012438
-1.344577021621183
1.4870387786433203
2.1768904916096563
-1.7671878443058486
7.133368152440354
-6.075905337668434
-6.738063165186655
0.2879393035576964
0.8267264383838493
0.07764845856464836
4.719796298614132
-7.038461254596584
-2.3459703028038756
10.449525620614835
6.295310926867164
3.181695136080971
-1.492637254558051
6.222212406459098
-1.677503737984481
5.185198452296094
-1.1775928649271097
1.8954809427338666
-5.649368084649406
1.3112527334166484
-4.8238011765902264
3.714839420184726
-0.685432756335934
-2.051556281176786
2.7793188798511514
0.9255555720790907
-1.1663371369258972
-4.7534856749691565
-6.047522779623767
-3.346740306891839
-6.663024120668726
-5.371177123683909
-6.3701219775213636
4.32174848927693
6.519225034774753
1.4670177514830594
3.448133024234796
0.5511645934516136
-2.191547414355314
11.046151755648898
-2.616034416476226
3.556432112067511
4.392416421314935
-8.859890815523132
-2.7362435265614846
-3.530668365981322
-2.1327227346564324
-2.9541888911917384
3.158844946699794
-0.49271939879524673
0.798804245260598
1.9419622597523294
-4.93338342227561
2.474166407623392
-8.566117544381603
-4.5523323246197815
-0.6687604698763958
-4.637892935251
-5.550095383233764
-1.965897974596203
-5.039337730396755
-5.909949059125628
3.215568591204253
-5.091429978222237
-4.886750063441802
2.273367221797931
0.06967978097262835
-3.8184527445817
1.1372752935182069
-0.7262954028608205
-5.213089925991852
-2.130735402217738
-0.29000663494758216
2.9361368993472126
-7.06437475296379
-1.5733491488227946
0.8319936165349497
0.40278758361060685
-0.5538284162631368
-4.53756610694927
-10.102934941143372
3.630262226989549
4.814313556942904
-4.078277928039625
-1.0102474703087756
3.107367987851418
-5.580505296788366
5.480899822582131
-2.763700997476365
2.485544839117462
-0.6920426658951202
3.4296121841536666
-0.7679353914831061
-0.33367554272999883
1.9156027429180682
4.554883972401661
-3.0438677205198776
-1.1971732098671026
2.50831812287707
-3.397004435744968
1.6200854185158626
4.5235595714029415
5.909472356170673
0.5969418853309668
3.4990670127248453
-0.3617402597413897
-3.3679015747952925
-2.625696752874548
5.887529896149632
-2.747314368044184
4.439102725434613
5.60148959384769
-1.2448589629783073
-0.9495720000323778
-5.90874865322763
4.660079296608349
-4.79646175640318
0.011649455806266537
-7.344166323017416
2.171100299451744
6.224981749202036
-1.4231967720795022
-3.65606289244677
-4.4564869581798074
2.0708278129714994
8.141500790829548
-1.6356061950207772
-1.8027117687124978
-0.3483383209946098
0.06599839074016448
-0.6584764143666971
-1.6171007422572992
-2.6541904908079887
-1.6862699377510557
-0.03492727932799194
-0.08739938468439647
-1.0087540404293571
-0.5045261769096976
-0.39455772494536057
0.22872885512563995
0.32141288395382317
0.37575804966294396
0.6683179736058064
-1.715775574405306
-1.544518166821531
-1.8580676143175319
-1.0078583397761416
-0.6568080402034389
-0.28399684133485065
-0.4539193351500339
-0.7493312978508575
0.43611155385756545
-0.9367547791938946
-0.990778694601259
-1.5184789073781093
-0.6999922930587015
-0.25557974426995356
-0.6101957784553051
-0.5583002798225364
-1.2039534438973019
0.0031163236635523375
-5.066806615536972
1.3733228169944762
-1.5342792197581567
-3.7072805573010466
6.0008537520461545
0.9380658539637494
-8.554366194412596
-0.036834101680969726
-10.678705174155597
-8.6039760816731
-1.7195404679429316
8.051609282270972
2.7807220194590063
3.0120967951964275
5.851416979887119
0.0463769410293651
-2.054835600179877
0.523969571357116
-6.8618180604388685
-1.102603756920736
-0.2742668730540649
5.809167980998709
6.761438873641981
-1.4357674168285828
-0.05165327391244156
0.5519092497733284
-6.69621304900441
3.298930716543793
9.124521067672022
-2.7867322475046072
-3.6135452808822746
4.1917155799020716
-6.324869942607024
-4.112369126242415
-3.0145028631077153
3.55895156082203
-0.6471296200038456
2.707609710546597
0.9579698787398838
2.9121694734087122
3.964053499549016
5.061841744820828
6.297237437179535
-2.661701366372761
4.445796118587906
-3.713492016695284
-0.6552612794971355
-0.3812906702802936
1.4825928973444975
-5.650161213259614
3.08174534566764
-2.196097486724563
-3.837709768022755
-7.588027294916473
3.0229000067009086
-0.7844285674827376
-1.0353520757767936
-0.49871733813533664
3.3457053573784465
-4.673840621056422
-2.584050500652862
2.6812999625087475
1.6342466723790403
2.6522950090211803
-5.061892430761946
-1.4993565073639754
-2.5375832152385116
2.4718702737731553
-5.159097347139753
-1.4091785793893836
0.9210686451349552
1.4852925795009775
3.763437225243654
-4.14405390165811
2.0457720436107136
-1.2829423670678808
-3.8857626643068777
-3.830074240734838
-1.1716773348092393
-0.9239561939698796
-0.17243589730200531
5.520050969520303
-0.7066469877713891
1.763503834650489
-0.9224256737853482
-0.10236358476954392
-2.193554544689252
2.3565082576902805
1.2607560439278869
-0.02328226552982811
-2.2079329014844555
-0.8852740637292208
0.6915301719566045
-4.718487515245482
-2.0420176234838703
-2.8436913550536898
11.042169431055411
-2.36369196484083
-5.634074133441552
0.9051662840954363
4.694398574035099
-0.6824717639560651
2.433937407475187
-0.05043735841890828
-0.6870823330478719
-4.614006461135204
3.438852668949874
-7.186392735668687
-2.6409281733168286
1.3932632971827479
-5.6123204828286966
-1.5464509603362315
2.1621671588879194
0.9718326235821592
-5.934991608230774
1.9297831109013561
0.19311365705305353
12.561797940595849
-1.1495904375487358
-2.03287808342109
-6.4615452926958605
2.6634763530947554
-0.7537128974351542
3.139814396243102
-3.9234521612793705
-1.8922399379224568
3.320795385895089
-11.298825595251818
-5.0526159010540495
3.7655181067844588
-0.570970826147412
7.788865047449878
-1.0024924557834387
-1.6586503127412064
6.526273272076639
-0.6418502249036144
0.6620954298352355
-1.5898242872356088
-3.037684735653516
0.9949054189700356
-2.9177185921933746
2.1481701428735014
1.628531832916017
-1.123620305784384
-2.9817281904885147
3.7766602580982567
-3.088842585031654
1.6819894747115378
-2.20127908055621
-9.073231599822437
3.8636892195058476
-4.376484505838624
-7.624882088712619
-3.387411276813228
1.4616907196122242
-10.619318789604094
-0.6062245797598312
1.4852571867971325
-6.338086781964104
-6.938842154029699
-7.258235483359553
3.9353635267897014
-0.08225500904858508
2.450108264486571
-5.815677926432535
-6.218829247481754
-2.6904642363389533
9.473358072083276
-2.7380730707149947
-2.4185364085627934
-3.1389312601138957
-2.8742053487498347
-2.107101703860867
3.924055020529693
0.9139012497333541
-10.158892572790597
-0.8262692651549729
2.6274916959660697
0.024896403485108742
2.7343074553113866
-0.31884548584133643
3.4157258092685416
2.3936588509467196
1.7236228823669018
-1.4115137162113973
-1.4533263648174828
0.48366337783543967
-2.245405685430252
8.679607281024404
-3.0724298054033556
-2.103128457233077
7.247422277900361
0.36127960417351057
0.08501143316415084
-2.6817102727752733
-3.852102512180226
-4.392742580275292
-0.2922821679965374
-2.7721881225116576
4.202681577945544
-0.5306215256159174
-1.82040588109676
10.025095271502858
-1.6670470201608045
0.8214936617708568
-4.72934452150199
-4.380984981700916
-1.5433301686222762
1.1163460588144487
3.4432266947806927
5.8632855270124535
5.334592188359534
-8.923314754452226
1.6410472266280378
0.7424842725110881
0.38992553030509003
5.0844614804457
3.7033499287573926
4.03401371216135
2.793279702684236
-5.585663986014481
-1.795842880455875
5.830476511202221
-2.076706560051299
-1.732634215211095
2.94698241613554
1.522285153140331
-3.559517952147251
0.8352161483189758
-4.602296074388766
3.5282530267026515
1.5203207062053883
-6.798443745019163
2.521829431095791
1.1589802219573742
-1.9940979899684887
3.7616039693509027
-3.45073156620955
-3.4385233045395407
2.4530409457611575
-5.499532635196235
10.242811651281315
0.2925337977934967
8.807597363899218
-9.13304753418023
0.2513920224047555
-6.3776420241796945
-3.879844628724392
0.4120181073290958
0.6864815610608219
-2.669720122671922
2.597128546995397
-8.577737708794832
-2.6200074898188723
0.7441844553455319
6.379497372444397
-4.194008690513396
-0.6329798582296772
0.7081425040013176
0.11357406014021865
4.9975867856401575
1.0310113617171934
-1.2378850460331896
-7.543908243169904
5.7341605214029645
1.2740635265900238
4.172668823312143
4.163457689769047
-1.0004155349177755
-4.976997513788843
-0.47546106377042746
2.0048991066105444
-1.9243424870138388
2.2087978653006015
-5.9391922599567835
2.4388569766932964
-1.1809765239717782
-2.404743103745094
0.5692434736363311
-9.15555652189319
1.8212123520418335
2.3767507670883314
4.613939005321639
-1.3866764052166138
-2.1372964315451117
-1.6396925379808238
1.8798311166359685
-0.19831791720288447
5.985241765734256
3.881114613494633
-1.9347564375928434
-7.921608221026294
0.31942966471918727
3.5919950819793023
3.910885210330465
-0.2887583374318986
-5.523766094072373
-1.0021353073151762
-0.29182546017613076
-8.661659075050636
-1.8154527708151031
6.973903441134277
-2.0346326125851557
4.6845024638640345
-1.201588992889224
-3.8031884816653836
4.607499738309924
0.2271898446669169
0.39739282548444044
-2.253454924036718
-2.0515240208172334
10.931453959226658
-2.657432928219364
-1.6299407326904447
-3.499444022007424
8.143291196790042
2.0679752108614893
7.235753908814164
-1.0850330828404497
2.831619762205305
3.403345463854384
-7.018930112248999
-1.2219531656624614
2.6528347504015586
-6.04541031609105
-1.430030738785531
-2.132300453295492
-8.909175091961233
3.0903341035567196
1.9326139344664395
-1.755870072668827
1.6781079061771962
-0.13927080605562023
0.16553574489064857
-6.577757874198232
-0.4243138244048988
5.316473239873138
-2.7377186150490753
-0.39452039479791784
-5.897606986511041
10.270110051849453
0.23480847847337702
-3.399595023338012
-3.719343289612453
2.093012884576714
1.1069498493236647
3.4609344726870424
-6.334524627637755
-2.3272106587998427
0.4646462256047936
-0.1259358380384221
-5.708858381202932
1.4125394226658454
-3.2328220677854964
-5.764885699627783
-0.31609145859459215
-6.461940319599165
-5.037833900771263
-0.625450236679097
-6.015518244857032
-0.008329003268583412
-1.15552522630771
-0.856032356646578
3.0618514956678755
6.110159640279077
-6.665363643836524
-3.688677154115356
-6.222648628429334
0.4005968540693319
4.332112565793862
1.088336903881212
10.709203253551829
6.318078214928972
2.124669858806588
15.311154093875501
-9.041080475500294
0.9277748606204411
0.023784967665363796
-3.1512985021112594
-2.053758975582078
6.952340339943346
-0.2538859079162797
-7.3298862256236434
1.488288229580906
5.729839142467214
-4.727203726928507
-0.6180150923064034
-6.265035239768206
9.686317909991844
-14.423604694649896
4.210647848626159
-0.7541366963017057
2.759218137678366
-7.646880130838002
-1.7308199214992546
-9.967135890880177
0.463539230301052
4.3735783672195865
-8.434388953546746
3.1432440979328273
1.9414790424740618
-3.1478979705628514
0.45346983813129355
0.5004641318219821
1.5870101442908346
-1.6636485072541465
1.9346954755990655
-3.1981088557043553
1.3577478782658376
0.38415516910339514
-0.903613929011652
0.7666401707731696
-0.11733904016662977
0.23080432588667055
0.7237228895309148
3.259953935074499
2.003656985595216
-4.939816510842134
3.9071755389354976
0.32244417842628853
-1.3123212169369647
4.59003428718186
-0.2075952527642047
1.0234540846739089
-0.30092711778458264
3.0673044834756378
3.025302689144627
0.9280029097140106
-1.7426638255311082
0.9449293804132526
2.2030464653317323
-0.6367485285853043
3.9046175844258477
-0.23468581432185695
0.03489137621555567
-0.08125644589713514
1.4161516774339087
-2.5378371630986947
-1.6868491627387847
-0.015987693348116012
1.2403269214617092
0.27990476139188714
1.543296088941448
-0.8779799666210273
0.42416343350503655
2.6805565294925766
0.34649902556710827
3.7477577019980144
-2.2371438438260136
0.16199381149774353
0.25762261875225834
0.21881213049900478
-1.7324003212626062
-3.902299463741959
2.7801978463585253
-1.993322349859997
8.455620768706085
-2.6534872389143387
1.089687710954754
1.7181901320651725
-1.1925509958356535
1.4007834525419887
3.0714259786382048
-0.7835254222970159
-4.854892608736759
-0.7565087700806667
-0.0663140851488726
0.12338379943497936
-0.006364652784762639
-0.32133264739208867
2.67251109239913
-3.253345800226572
2.3980081264074915
9.375461973512163
0.6348354775287431
-9.926140733653897
6.287104457068337
1.5028763460247005
-3.5123526802361322
-2.157188464278188
-4.1249382145863365
-6.864663461007323
0.681533298188363
-5.240749108911837
3.1235224667439376
4.106238691669795
-0.1259842338776998
0.386215361370487
6.140497735950944
-2.0397493527321546
-2.008651677850077
-4.12699352740441
-6.646404606011639
-7.746376819599618
-3.2007659634258308
-6.972522763578985
3.6866602644190065
5.488855376787137
-0.5872739500561532
-3.8714932249119287
0.48939677012540506
-0.7924840239552932
-4.206796685915459
-0.7784169734637032
-9.372728832470687
-10.086999684661217
-1.2486051928679036
-3.351073188613266
-4.427140555480736
6.167066317722354E-4
-3.7437141160178165
-1.761460298248597
0.3727170850977466
-2.4477885490758573
-3.2909635656464875
-0.8707907574344248
1.7869902651569909
4.030869000789254
1.5884159128547053
5.5249058102278825
-3.482866438209708
-6.208308413621345
-4.593968359630085
0.11215515233753587
4.569890430180211
-7.630844824840938
-10.900400304236474
-0.3895063857843373
1.9212991672678121
2.251250680328466
0.2742549445821704
-3.4109231710421763
-0.6261496612222296
1.7378096836592012
-2.8896529919338745
-2.493507841226916
0.23838365871858805
0.47065520003123695
1.4902314594800847
-1.5068886797159735
-0.9656368429589698
-1.2173401635143162
-0.4162142800091836
-2.740852292119002
-1.8653967287613553
0.021599371597263016
2.022234015798455
1.3297551620445853
1.332823045826853
-2.6182219098042467
0.3294617824221221
-1.5793478846069018
-1.8986910586087504
1.7747529676092435
0.3685449658529577
-2.6088099271506286
-2.490832365292471
-0.5879812277321216
1.2343801596696078
-0.5430944922675834
-7.425104229952197
1.899410102986885
-3.0135136271435954
4.2666594241923885
-2.573812735657375
4.460523406904029
4.398225332358123
-1.1076218630948511
8.816426993848435
14.373622819329281
-2.5341969650513687
1.904991108289487
-3.820306339898167
-4.610455712396268
6.09904309957353
0.9203020243960551
10.924459118361492
12.488259902944812
-1.3009119458517486
6.1385275527851215
-6.082515742913373
-11.073427435847789
1.7144629560585245
0.7982893157832148
-8.009182065978514
2.059212670278538
7.1760820863154136
-13.964450951018717
-4.0243945821916
13.568809672663813
5.260751190180007
-13.388017780710785
9.574554207807745
5.754159530444341
-0.37759088233532195
3.616339930229086
-3.4457251738422547
1.7362031128767497
7.0342455276401
-4.2281345932749215
-14.141080950189592
-3.931152018960448
-1.2311822024550323
-7.018100611933258
4.056801938762145
-0.5128306648688375
-0.25083597063143176
6.657676885532161
-2.116323461999507
8.55688553828156
2.85407457331902
-3.590210198992654
1.1209305886288383
-3.384819257855696
-2.512369728766587
-2.155174086615536
-7.355005302183481
3.753784483073888
-4.199805380204966
5.190618945337457
-0.5939495206411122
4.077114834489368
8.460176863786273
-0.327876966977912
-0.42700426870003
1.6556429883893606
-0.32609836061024217
-0.015890199797136653
-0.8607136605851652
0.18634145392354337
-1.3438251439350108
-2.674214451659339
-0.5920108291147873
0.8456925025948824
-0.8979497979904977
1.3343301300649233
-1.407896413405376
2.5031402585908875
-0.947407236558449
-1.9254506499386261
1.388079644288057
-0.5399891677819803
-1.8922056987352553
0.9063499831310271
-1.9104556678693807
1.9198906566246225
-0.11696356150431128
-4.154125960692986
-1.796665949032487
-1.5783532366411648
-3.678552360813109
-3.401538575477021
-0.7195456471140859
0.5883864899644834
-3.2092445216401453
-2.818374616697536
-0.7024054343875237
6.154721797230134
2.517476680765721
5.897382720346217
-0.9492090748864417
-3.5908101088108024
-7.254974741205903
-5.426690086322553
-0.034347309461289166
-10.211129456644063
-0.163603064860869
4.961174814165063
6.478135932252521
-0.17879169690054397
5.7117828596298
-1.9741295926097069
3.0689996576789618
10.644220227200849
-6.217802488143848
9.380105264225872
-3.7396273675676333
0.07276071493487243
7.181394999171361
-12.124256769695082
10.984798022745316
3.1010808638624963
11.292942512220929
-15.07833036876056
-13.487283804683779
-7.413397478885593
-2.1389362888724923
5.436478518120172
3.0064458719779266
-6.5308188661092395
0.9703972980721038
3.756013161704713
-2.0822020651219493
1.2036070559939254
-11.262620496553666
0.7796474775830684
-5.660534421766714
-8.668187851685671
-0.18457949982005623
1.20686787207937
4.981126078395245
-0.02925920288908679
1.4163606289399862
-4.545945448823269
1.992672745862988
4.225944767551779
-0.4453086378501751
5.784591529019139
-5.240853802129018
-1.532414569973771
0.8212212700583891
-2.2175659921676987
3.3190034490672193
2.550907902226392
-0.09072186116834448
-8.538132139817668
2.6238290715518118
5.05683156321331
2.507316881482146
9.455672081413805
-5.983291439835717
-4.2394300242800265
-1.9807824463994994
1.164871716275233
3.674060673926554
7.883176785277788
-10.17966660546237
-8.891106565442692
11.092953884450518
2.4029522531304965
-0.8873961043421075
6.5070726563792185
0.9522382921949684
-0.35359533494245754
2.660354464954196
10.378566827453001
-5.5746843522111496
-4.476047778014301
-2.0116624732591153
-0.9357503615126938
0.849540743250344
5.445382011524558
-3.0364328090614454
-0.30706573242528534
3.8126671755234254
-1.7961433042522053
2.9080296449717666
2.4786365495382543
0.5705741640892188
-10.094284563200244
-4.337736338018323
-10.848824469130573
-10.93148299917595
6.4536446976531785
-2.2749231952892877
1.3134643290446262
0.6825256782270821
-12.448537655805156
-6.510326529447755
14.354284404821419
-7.718159887324189
4.014204767127827
1.6636474120664828
-2.422452066111347
-11.410817160159112
-1.205982821257454
-1.267940640489617
-9.342463748186024
4.580631847622246
-1.9772034318949012
-0.7532088784138773
-1.1554923830289905
3.765637029275823
-5.600128439895997
-0.5520301310502896
3.869499243231825
-4.662001134642055
-1.7607410556111045
-4.762447513083292
-10.367847008258996
6.6563945648431995
-2.1142903107056608
-10.798484530582508
1.5765456959301338
-1.005259190404408
-0.5992987828980728
-0.40940365822746344
3.901811416242985
2.3857893295223107
0.8721947979039827
0.08534674445536343
0.9370416608309295
-1.5763053927570392
-0.384579910657705
1.255369943356905
0.11106298621311246
-0.015384789155667813
-1.7485291200346893
2.200868134016022
-1.5213948441154475
2.433728327323865
0.2589350701325944
1.091009870688208
1.8624835654381693
0.11034927143409297
-0.39639524728139247
-1.4278415716879211
1.3252186651825333
0.9451669649034157
1.3315970802120851
0.652846597243178
2.069897156463129
-1.464302721048957
-0.07801489183471198
1.2975197381120362
-1.413805157206413
-1.3879300031033113
1.3195332597235785
4.877199261267284
0.7815709292580426
-4.809445428775163
-3.0293877617679286
-5.4891386684580095
7.005634515229342
-3.707742966058736
2.208804215350264
0.14205885040063126
-1.5019103704471741
3.2143861665411135
-2.5087587839113326
-2.041200278153469
-6.948171666182306
-1.588055413920733
-2.6451599137871318
-0.1588090279073505
0.9965767782906304
0.3258601021241181
1.1976820228969942
-1.2734986626878921
0.1430872536632923
0.16482589985297857
1.162495573805024
-2.5708881539579154
-0.20537560816040581
0.5165244534937359
-4.302677823552768
-0.13278502525495536
-3.045400146917593
0.39398590551336604
8.586457889090735
-3.2589014574764006
0.040333826710559156
1.1629831507325217
5.668749402416162
6.664440972834864
-9.719336575679275
-7.490630902727678
4.924220609244142
-1.037849178668862
-5.567300865033192
-0.7654213725053279
0.511886846337305
4.463775547770543
8.275728957882771
2.698261547657365
2.245873084686748
-5.903561309557348
-3.8120306095084744
7.643698310489539
8.61907399077344
-4.92702765211183
1.4128157647201354
2.551709219342976
0.355925559532085
-2.5250623670848675
2.9466327114135464
-5.665555938690773
-7.408302489172979
-4.2658041042697175
-0.41939887445561835
2.941880263809467
-1.269765080707976
-3.61105512859285
-3.9776274541302996
-1.7351766508820636
8.353882708798348
-1.5171364576481454
-3.863026529787024
4.563837983386949
4.232590211043665
0.17601770359793376
-0.7368662726055886
0.6023424279826695
3.1561742371694317
2.5690860722944846
-1.235784386227768
-0.2868211745996882
2.0482673694341322
-2.5641642233881647
-0.5459520972718158
-4.018163453483736
4.171556562500367
-0.7205721443216221
1.2180651067690151
-1.9722712299878598
6.676339846342792
1.5097804166132403
-2.8115271949347425
-2.4336831459392103
1.0019071137115747
3.176650710980668
-2.421152275050315
-2.481117660439089
2.2178856712624957
-1.7759213663205564
0.8371060241760107
-1.615944639690595
0.8675170633812078
-1.1346365356543917
-1.7142323901820995
2.2645226167387906
3.862962492809481
1.4515178412925154
1.3612664441382274
0.6015943632946545
0.6944186873872856
-2.2778027722213983
-1.79728898874642
0.2611055214334831
-3.1059866864219603
0.09389227333191212
0.6363699585889038
-0.4026602536424663
-2.243619503447127
-1.4045714018801445
4.696672100849965
3.6233094375343238
-1.2257426282315682
-2.1306284684187187
1.266158375865898
-2.8195744688527316
-2.3691922616774765
-6.97682326872812
0.22323747121887874
1.468114323703139
1.4728736541380176
0.49769790800786107
-5.625153611086478
-0.5619622539916621
-3.166576881560527
-3.0434291491454237
4.38624898847688
-2.0485261599199367
0.6277425611457537
1.0646125963586286
0.31980798818510986
-0.03902433299492902
-2.907300819015434
1.1345977830599883
-0.5527724514394103
0.7515685977654656
-0.5115520747828829
3.495515069908517
0.04872011092168672
-0.8090244571500889
-2.208864599507094
2.0651323532308066
-4.141077913346962
1.7496857172926168
4.587983426254308
0.5542500732909595
1.6000928982279172
1.9242799764585274
-0.5930082214465338
-1.9452839403036124
1.612598520632374
-2.4964921445488755
-1.7413024186082382
2.434285984411775
-2.444244873484664
-3.5675525205908976
0.15043634647785772
0.09441622836680053
-0.550757634963031
2.2356790570713017
0.14243597738989502
-6.1670606795491745
2.2497190625085697
1.3679490311841702
-1.2287053978869185
-0.19167664515801394
-1.7240551587677313
0.37991170674197555
-0.1274367888316106
-0.8260234079905
1.8379928009465658
-0.2370844572374419
-1.1482365872456746
-0.3116551172649127
0.4589463733843326
1.0794444304419804
0.9672590073442151
-0.18047823253844414
-0.8089873358702107
0.1379973708264034
-0.13203847619984574
-1.5383748396555668
-0.6769844173651394
-1.0341293994861103
1.4727348836192256
0.7011770927767256
-0.26185288850982485
0.14818959591818928
-1.9868713453448217
-0.09875124633662127
-0.17031916628455665
-0.6771940351578843
0.4175678089594717
0.727972470938491
-0.8239688377212147
0.7526261559159211
-0.610069669192243
1.9279038849571895
1.2749277814148414
-1.134373189206628
1.9356803270966072
-3.4294673981891317
0.09688944126545167
2.2060171291529067
-0.9057132516809309
-0.6223413175167115
-3.3159803531338925
0.19270768690566673
1.2724553262469085
-3.5035911812991305
-3.1649133542480703
0.6068671279778571
-2.776093578427731
-1.8458226177494947
4.116124397213111
4.669723637856626
-2.663206280217011
-1.2922715129035094
-2.0680086524636874
0.05688711533388894
-2.2992741620526713
-2.6071861858765493
-1.7455503919472515
-0.2719228291509422
2.480786122509136
1.1561265855540974
2.7944227462389732
3.8705055869591454
3.019106877826861
-0.2480157649113369
-2.2033689982260283
2.509663447100296
1.2036569206413874
-0.792524118986713
0.8479068598361126
-2.8840127686337915
4.028609627784198
0.7189593454238423
1.5408808548878337
1.0831649173920097
3.892942645152181
3.136371966122561
2.195577440045803
-4.6132483058982565
-2.1501591356999725
-0.11105424181665927
-1.3694594935612454
-1.9622985730125493
-2.341987824483792
0.5010392550514794
3.2390184209551336
1.4496185194440943
-1.7267542227018495
-3.6444408872549303
0.8651044807600915
-1.0428923366952136
5.850212036827463
2.5420491942078205
-2.0345366726609657
1.9698346691635853
0.03494758432248025
0.4548307170245976
3.358533623107826
-1.280545690107766
1.8566214922950768
4.055741265029453
0.018993413892771698
1.2440979408351396
-5.79115725892492
2.9709384895709827
4.549822503291734
-4.21076785131431
-2.427701312545859
0.4231747910765172
4.032801830562678
-1.8784865505272408
-0.5410352684075725
-2.821922847830909
3.452215761969443
0.17550009635082484
3.8575772378087567
-3.669908216822487
2.5409378345284748
2.1303104258253556
-1.9258756398624621
-1.305516517497516
-0.7130061904577741
0.8537828766128205
-1.4884521397985833
-2.042547150691073
-0.5946414689919854
1.87770766041048
4.444734524700194
0.9130955300974132
-2.567727803218571
-2.2342138750655085
-0.28919485979586246
-1.4876056196345022
1.7003151461669122
-3.000166750330825
3.2978938640754887
1.4681981929934256
-2.343911725013569
1.1952594794642284
6.135469324117103
3.2733123395533896
-1.4919550067111407
-4.104807655242939
-2.361028678192294
1.8392436216364096
-0.5283762187678676
0.17048535045374066
-0.3348928029208268
-0.14708266928491526
6.686521714871055
2.3608146679694886
1.2967917542420144
4.862488425446847
0.2273052304380871
3.464817050659837
-1.1819940106754006
-0.7183362075809758
-4.047608585600502
2.0344928352565894
-2.535269101081126
-1.2883488068832176
-0.32039619711938333
-0.6718362454452305
-1.077877541869339
0.5716949352160177
-0.05028493976559949
-1.3469730161067328
0.5913983598771717
-1.048237999707269
-1.6842849508780047
-2.4430620206280516
0.7405306141359788
-0.33235181215338494
0.70917354355928
0.7118053894490379
1.0799152696253478
-1.1617937244892387
-1.2813849087003333
0.3007388932054834
-0.5475645946912068
1.3748923911558526
-1.7062381361618462
-0.19757492221901335
-1.4908483151679364
0.01709138137083029
-0.6723806773768858
0.5644497784091308
-0.9376051271442521
0.23227343639261588
0.588971595060307
-0.7408441149033071
2.3832145017888116
0.6114500101381828
-2.8248921398962428
-0.53206940846267
0.4878534573564895
-0.7407614767300794
-2.0241676847425247
2.5240238193922737
-0.08945445291505905
-2.3080593994226817
-0.3616415950215069
2.772549953473837
-2.1098162630254107
2.0887362603903674
4.658359440881212
2.3094310184084974
1.732544818949616
1.095389853933238
-2.2457393458895942
-0.9434611690015838
-3.9232038249515044
-4.648200731741702
2.522614007849197
-2.0022393916815924
-3.2344177226120383
0.3745767785765783
0.19906290562729867
-4.802010317137373
1.6260597721911751
-0.9506777135897508
-2.1698883233196256
-1.9718680807956606
7.653805767966603
0.7043188739673182
0.2304265299512562
0.9497435656769193
-0.482304855704259
0.5136162363078102
0.15073242683893062
-0.21316579872787308
0.8747426180799821
1.2003886226972784
-0.6376129108990849
-0.9194571420383361
0.2385583191637155
0.02531983811021053
-1.0407632047373176
-0.3017961417753635
0.31367067130207754
-1.058408211247776
0.4731927160484502
0.47343374375603964
1.7437932843515989
1.0547246301875102
-0.038145447913526816
-0.808604073649192
0.625083765629717
1.3601176193687579
0.9823886894699981
0.25046277752392976
-0.25471205069091757
0.5031144638861594
0.8001706789845155
0.6366604883833887
-2.6850687960721005
2.3374401150811166
-0.7722058567331053
-0.5614221690370158
-4.367543222393581
1.3577191606482812
1.2533080365201243
-1.4418798771560912
0.5283935904392398
-2.1095979257835586
-1.4525691088482329
-0.5978250552805959
-3.058345334770965
1.3219121005649725
-1.996085348435155
0.21562574410628166
1.8331436866322268
-0.7788477335228466
-1.4859444271218756
0.7486032772353431
1.284860151687722
0.5948805972931539
0.5644479494161091
-1.1518574821500527
1.0012629714732373
3.6058919851413584
-1.0408384075903823
0.9581377758560295
-1.4606920724756678
-0.9896315593213768
-3.101299417630046
-2.4040817699417554
0.7837603530534412
-2.077936699322902
0.29645578219196467
1.0909444032293276
0.20702274240681448
5.567616747788077
1.1108879906721514
2.0194150351723863
2.0211930918280263
0.9331389940000261
-4.441207516136469
0.3923930674160908
0.07788464413204063
-2.414906189279023
0.4265609148145639
0.12822907482714133
1.1120185290464115
-2.1434155003780644
-1.4359127784949262
-1.6876868753500245
-1.754236538354328
-1.851800492825207
-1.0041217375268536
-0.3376193665251403
0.757924130092471
-3.00602756960035
1.2466159543576536
-3.5825363621943227
2.6407704925710807
-2.2988479618495807
-0.7053174917792733
-0.9229115709146744
-4.197317005752505
0.08113088744279286
-2.9180257262896974
0.3674333949878112
3.7558313965541883
2.6692725905386374
0.8213824152324812
1.3407203171841904
-0.4260700122013772
-0.46058557630520425
1.284767397893116
-1.6596651035067456
-2.156309873238381
-4.206418426307148
0.17956871862012044
-3.1416941312055515
2.9150654497935578
-2.387118823901715
-2.200041161369413
-2.063773601022375
-0.016647851729112248
-2.89093874703777
1.6450817807489713
-2.035319865039329
0.166927280652174
-0.07384412935129399
0.5282189405927818
-2.937402889932772
4.103643902568594
1.508508976399871
0.06819782265654815
1.965058351328923
-4.954403769792001
-0.6688459883458031
0.49074988704980027
-0.2968887070432763
-0.8075147300118646
4.29764045842176
0.6206157670540222
-0.2829584790098778
-0.19245983318467985
-1.3469951625433778
-5.198909213100059
4.746212958609986
-1.2517358119464626
2.007513776744652
-1.3974247106368354
2.8046357614786035
0.35231870052944647
2.7505909746980346
-3.2621761314774336
-1.5267365922824436
-2.8865525869425808
2.5854472039781253
-1.4768218113461264
-1.299185535798392
3.2937946051707363
-0.5683624022262919
1.0253806963015293
-1.3620430481829668
-0.5796872484364544
-2.65204927652211
-0.05773568233446208
-2.7686024978690376
-3.62694034557849
-1.3332630223641726
0.503089012740949
-0.40420773198004195
-0.8987717376180571
0.06773311090711155
0.15437242558881525
-3.352784327268841
2.2921270308472526
-2.206091784297413
4.318753120463279
-3.180151629654727
0.31951307456052863
0.12527936687784158
3.9269107523291287
-3.613413812178382
2.0000605436977277
0.20091350965485733
0.518675045380066
-5.470597656545545
2.4046871951431226
-1.3748099909717635
-0.9750545618293749
-0.022499976860721065
-0.06171169129501521
-4.1889017647012485
-0.07398262665887978
2.836945637565609
-0.0958654129796849
3.96945145138219
0.33532123664522395
-2.1275960175978694
-1.7116748050844666
-1.6891256734021431
-1.7833206070356376
0.14188622159864345
-0.910477277581685
-0.5993098852932691
-1.647384318267871
0.9011738722959407
-1.7827025920444628
1.8827574128585203
-2.3821470352976997
0.14149312992216373
1.4723166011452304
-0.040428800608316294
-0.22228591476176043
0.32756041243617356
1.6085195390208142
-0.8806284219966084
