1.7980445583322762
-1.455341338659972
1.5383826426003888
-2.2671632996278266
0.8228344274602104
1.3470559569226717
0.3252380636651845
-3.440630174866832
0.8996898705880532
0.28107526679026623
0.04465073299474307
0.8722788758656224
-2.8961193332589383
2.5203951398777305
-4.0499162134384505
-0.6773104952736488
-0.8683813836547032
-1.3372370575337575
-1.4585553289155269
-2.038653467437353
3.296430499405363
1.4414196601582183
0.07054901122665899
-3.821248177960427
0.8061786286020448
-0.0964905886586844
2.119493382634738
-0.6719568430833512
1.8294963000726714
0.4302029628249502
1.7630631385692024
2.7647829779986606
-1.0560497190451301
-1.3653942335385412
0.13886947400150712
-1.3750117383393174
-2.161181031480665
1.3510959016479431
-0.39403774007743986
-1.5579104779291488
2.0280726867984336
2.0162927458060804
-0.8896117687856223
1.8234957056069565
0.2611709005682705
-0.7664986580760171
0.8864418857240282
1.5248301057863414
0.5313777078798929
0.37981611211935973
-1.585117729991779
3.1491287609138183
0.7323307190091505
-0.9004498079878381
2.1378719781816904
0.48429765097939464
0.3285033128326024
-1.2710546588805394
-0.9787773824059512
-2.8000383166027762
-0.4351259747100848
-0.2396091157210887
-0.9866788509736065
0.7787815237850013
-1.5748851848355485
0.45494626657579457
0.4034753159533322
-0.9584429307656283
-1.3127597110699991
1.811091598941183
0.500580106114806
1.7725150775427836
1.8211856216417177
0.4490756887439276
1.8751745691071318
3.225856797951051
1.4548589137616568
-3.922666626813402
0.410543197434039
3.407766796023961
-1.541787002309325
2.00896602563378
-1.95052681492591
-0.41579495057560395
-2.060068671678231
0.18260954750914044
-0.32621588904645804
1.7307957317634142
-3.6303435882394015
0.995883971643368
-0.6166261889551282
0.6696909808956294
2.03094298449662
-0.7777804516459628
0.5409994262931692
-0.24738554191094514
0.6135863926472811
-0.8957700112675805
1.268327049180417
0.1866573589509526
0.46514188450998767
0.3273794346310755
-1.7657752915749034
-1.3168171195055096
1.1418741341273186
2.2758966910520373
-1.1615940611920705
-0.04934140505531319
-2.826644036426245
-0.4291764531521097
-0.8426620673995728
-2.4647944239205604
0.7404934334721258
-1.0261783631728565
-0.015815832979105084
-0.5508770786700474
1.4748486191730172
0.3541366851516544
-2.316790489817831
1.5360579856202117
-0.6807592658594709
1.7813910085570202
-1.0504366498163513
-1.1351274801288285
-0.6689110012452723
1.8838029181617684
1.6594171333857377
-0.5152905992507197
0.4617161980276731
-2.2452234659579235
-0.8973238988709329
-1.0850805960134031
-0.7604463985468515
-1.261190012718298
-0.8747829590945609
1.4159185229353017
0.8813700051677772
0.09223356208319024
-1.2912188617444924
-0.31689308638610786
0.8748263209875307
-2.668710880183742
0.5357937663432534
-0.25552402932670276
0.7169023507217005
1.8656526707222598
-1.3283236788602726
-0.03158040088244285
0.6898108816640742
-0.08832850583276582
-0.2279882111790814
-1.9024376312094275
-1.4261701439555898
-0.9971765962229762
-0.4965571087867216
1.8970159020305488
2.361968388197682
0.40536566968433446
1.5905724712501892
-0.3372591586354023
1.0435449805597814
0.8005625079909161
-0.30861475977771835
-0.9518415024196218
-0.8833152503933765
-0.23436691229267104
0.5187369646347942
-1.2616125823242186
-0.5754159862550736
0.09499008512612406
-1.0940606026137125
-1.0700435646035664
-1.017334195238583
-2.4924288501761955
-1.4879598797690816
-0.38352849582280657
-1.1205496278906324
-0.09987242287125471
-0.3974943432881416
-2.4969716521696284
-0.09495568870694537
-1.1868614971179454
-0.12678789260715645
1.1936768359360983
-0.7801908027778501
0.2511629086749442
1.4908491818817216
0.3471934569561644
0.5052179783647784
-1.1604056985076439
-0.37684022256494154
-1.1165370323562551
-0.7259794085358635
-0.5561768185853914
0.2627298713120488
0.8387999181499931
2.7243189727171013
1.8281140378532224
-0.8123501325912165
0.6571660999796091
-2.3648300229818533
1.0598329082218216
1.5723692539268503
-2.1311899078625696
-2.7962124377331348
-0.7763563976573281
2.118070827014292
-0.5009254708138479
-0.19939722868350665
0.22667545736212513
-1.0182828064255787
0.10664144183203486
-2.260068941973429
1.4091109118664644
-1.8729641710860803
2.3698010011992126
0.799605307227943
1.3855233738047785
-2.304839176527743
-1.8043845012987252
0.8746576096398397
-1.5066732575427217
0.27633466810942287
0.713523589253498
2.0182154570700233
-0.4962489457370525
0.15552839123441708
1.0756405945938523
1.384331940387241
-1.915907833597005
-0.02821235068943936
0.5504854600801045
-0.17293992072041578
-2.023054976196896
0.6049292809880188
-2.6713445685239585
-0.09650549187145209
2.125890411765825
1.416557215209968
0.9725247957672887
1.3459809594622894
-0.3332980007614959
-0.6261117059269959
0.31082201396368386
-0.03357888886027585
2.6209129901356727
0.36700058611849584
-2.3803389461975493
-0.29990185204690134
-2.562300193970998
1.5502957903206251
-1.2770954885958032
-2.6573427250911665
0.46033864042259576
-0.25610907613887307
0.3390906500948084
-1.7908186806948356
-1.2386804829697575
-1.8038706859606617
0.6410629949405571
0.18888841452613345
0.37641634123681195
0.044098487269141916
0.5352539841265886
-0.07885611330447839
-0.48365391490059567
-1.2273867829141296
-1.6010093778899144
-0.6512265292430212
-1.7194966470454416
-0.10256366711081631
0.36717043850295367
-0.7197330676983222
0.9714255108839767
1.4816348948191749
-0.3840977336340122
-2.2026628907834693
-0.9028987174398264
-0.48002963688842093
-0.29096559752215334
0.17760101144248977
0.17480201635775966
-0.5299150762066871
-1.5403163038822698
-1.3087283626772686
-0.8676760622865406
1.6304293317299372
-0.7562053897971517
-0.8922334707220086
-0.25865726158707547
-1.4451881835994227
-0.7549711320899031
0.546028384044937
1.9902291245402515
1.1447757339861175
1.0829909667379978
-1.0537212869562567
-1.77586233942901
-1.999300017587129
2.537638514302125
-1.6859940270078773
1.3486655924591775
0.8837527253304004
-3.001959796123496
-1.8828647545142505
-0.44772568355794184
1.5521234714258423
0.48105949435481193
-0.1804268333374856
-2.6624968780095086
0.06460498995215391
-0.4753899584538646
-0.1600882497553466
1.7111854399184976
2.826207074407373
2.335018091618097
1.2999284058169325
1.2206939135892365
0.3098657483989931
-3.8989620091251966
0.6335968854853907
2.1739230587172393
-0.892306703969496
-1.151651573147693
-0.1206998998071978
-0.4797530291607352
1.9400634420577292
-0.33778500367231323
1.7819312385761317
2.4570140853684093
0.4775214243109717
0.31575283638263185
1.5549872131675955
1.9513344251212754
-1.7540556696930727
-0.7887008159302138
0.612316460214634
1.5089795372881205
0.08886345073717634
0.7330593985275998
-0.6943374944929899
-0.7647705570233648
1.1031005860355176
0.22777292706206614
0.8803944142041602
0.6651663712219404
-0.1576692114116551
-1.4259463742099479
1.0093146333306264
0.7902307968046427
-0.7630121952639648
1.0947986868198705
1.1636043574098012
0.11249653501982171
1.6147459378835651
0.21828689739707993
0.36460160883300935
1.0147815646406761
-0.6313271073349488
0.7023246516385993
-0.346321498885229
0.8525819236718952
1.0937103729143876
0.5547434254742716
0.4090046729556338
1.5704232665770488
0.038597343542019796
1.0800142353440696
-0.04608181078643287
0.5784488685860127
-1.3823546604302965
1.8732444098238492
0.630467918014957
1.165846305101758
1.5893465645168992
1.5554914352141573
-1.786569432361378
2.616219461602826
-1.1574223181495458
1.8348906927435187
1.5637358204768304
0.8140236930417833
-0.37985002040104415
-0.45116688639137037
1.7097278194025163
2.647375979233413
2.685995208005103
-0.26104336949837126
0.816646444984501
-0.178818441223641
2.164062776928823
0.9895987637480891
-0.2029086841380873
-1.354851067001481
1.1539204380801644
0.2774519511392098
-2.2222178826238097
-0.6257468211940984
0.08636700929774473
-0.14783616231903987
0.3228190435887952
-1.4624266342623946
-1.096708275987417
-1.0341838995264794
-0.9654330541057904
-1.8781887304375111
1.1367230968718334
0.42614749459727924
0.2602263800873172
-0.4039463778347023
0.9049071788691452
-0.4888184299740267
1.051925110121781
-2.4602900020770355
1.2497808834605602
1.880161924044841
-0.2177654935707156
1.0844790711483638
2.193887365749923
-0.1252071054582194
-0.01271782206610348
-2.274738243719344
-0.34685780481051903
2.209022475472117
-1.30829912651261
-2.9265271877950187
-0.220113590019082
1.8627457613529297
1.5812948827647648
0.5708870554655037
1.1946827708733931
-0.33111691065056253
2.649518694343531
-0.006954082512574782
0.4632392986759461
-1.2379338917444636
1.1958576268358485
-0.3938275123625665
-1.2598738871440975
-0.5859797709890834
-0.051056624662626074
1.6327025987987382
-0.44601162160534286
1.550679260802686
-0.5154389915493558
0.6261344761695016
-0.22841712694780011
0.5203457049553679
2.0529256968443783
-0.018790586385653785
0.8543583827823554
-1.1951798524957318
1.1387497734183367
-3.107259909030643
-0.18978796002153883
0.6996133801925624
-0.5169107313664705
-2.6576504645627805
0.7721642265604848
-1.3391081148019717
0.5375281659397311
-2.51867298626127
-0.3096170943794613
0.5837662488141934
0.37038091219439956
2.8057543815485735
0.5265126949910185
-0.144343964411507
0.01954156691845183
-1.7489322015370454
1.4681748959919343
0.06954809651925693
-0.6678502122774741
3.482307404727458
1.0383162692056385
3.864666177648479
-2.042896762003767
1.5045622590833967
0.9739817986228304
3.185687170350914
1.7701196001641106
-0.7825392802548747
-0.28158235758696654
-1.5043531199412021
1.0529177518978492
-0.24665146555613257
0.6427216519151094
1.6093149608893529
-0.8915931798419566
-0.5731687763965139
-0.26570723817090214
-0.6739585421168515
0.09450820292432326
0.9048901513293893
0.7851419033651146
-0.8780289079231778
1.4603582164389632
-1.5275130423417485
0.6703971990053813
0.1731975546617914
0.37442016644388637
-0.7789854560221292
-0.14983184928106114
0.5219288429667011
1.6103333099756243
0.21436124232256756
0.2508635660211448
0.37917226586195735
2.1215484152908886
0.9673832418476755
1.4420220029823259
1.3801839710505934
-0.26265530151636207
1.2201747120787274
-2.36585782667267
0.4596192027913152
0.7069787367786481
-1.233288864623015
0.7173033822625325
1.7182964342388864
1.3773662810653944
-1.4087235060795436
-0.04180856217301667
0.6115508968017278
-1.221414188555976
-0.1869044947303324
-1.9543170559093148
1.7158464117170864
0.9338537994539229
-0.07404108706328341
-0.33850437101144
-0.5690091415573405
0.7547346900077933
1.0204123382792942
-1.3912956009585498
-1.7373601649920902
0.834351159588538
-0.03442286397853962
-1.3662464201916535
-1.3424120487141116
1.0463109818735816
-0.37378915154288117
-1.1506669153303155
-0.36053772512235355
0.6988571555953819
0.7597237660414018
-0.47543563271076295
0.9735329163490519
1.9150990902156908
-0.8815674547919381
0.15661207025467805
-0.6331347735631101
-0.4594532505889327
1.8002446044546663
0.3905543389394431
1.5624657556983852
0.1824644591435283
-0.6936363031544059
-2.001130273729112
1.7570337091983954
0.6377308300246783
0.7043296907544481
2.11973228568263
0.025039659413555366
-0.11676661743806985
-0.6336180991452781
1.138200680456327
-1.1032969105476826
0.12704750865622938
0.2298093501681883
-0.16137551503504063
0.48540933061086117
1.2470177159231326
1.424902332825718
0.6602111574324325
0.5790427417635768
-0.042733807941370244
0.5890871238629989
2.2745710583515604
-1.6770069689027367
-0.6804013043071548
0.9641046718436758
0.7252099278482657
0.14338679932807372
-1.0025100152850488
-0.13575045268964048
-0.2170630432518787
2.299884266693894
1.1214952895207755
-0.5044693316321489
1.0270080083333795
0.2204947561427218
-0.5081885484225045
-0.1808511297971996
-1.3829629556324232
-0.5975241171487861
0.7672392286174445
-0.22972905468886562
-0.008372056252329972
1.6679800294840517
2.6314509737216083
-2.26912700367238
-0.14399709366883134
-0.6073378241428044
1.4838167090964365
0.2274561202357192
-0.4455679139092347
0.0236979388178707
-0.7656416965811552
1.2977657698252707
-0.640802184129211
-0.7227640530977651
0.12203491747301397
0.8500998196839473
3.203333290194958
-1.1248952255956253
1.2955270531208463
0.8341338643512622
-1.088730006586621
0.9545303708891798
-0.9944249605405446
-0.4446262014005959
-0.42693998426577756
-0.7079862161613552
-2.0433698224551984
1.136988203424153
1.3692351979562352
-2.1605676922343044
-0.21684857056082224
0.020803580883261407
1.0136947438163162
0.7771653385122659
-0.35106524235342945
1.6037913805555344
-0.12654468446657754
-1.7544551002532678
0.45653457641493633
-0.08515350067256487
0.25183879565110884
-3.652899905928279
-1.0551688142300348
0.071269611147152
1.2159226838120918
-2.286045353820822
-2.669768560203831
1.875072624822152
-1.5872312086546385
0.14472720800396968
0.42936377228877803
0.6513601743179381
0.15984227884453847
1.3648081038201594
-0.5249770657113452
0.881524633215247
0.41122362355425784
-0.2797527935872924
-0.5764009881650152
-2.6958005330032715
0.9536762402831889
0.2088072330709847
1.0421474042441028
-0.20382375168382222
1.5067786759490558
3.046141694740823
-0.540547201015951
0.22482510719310483
-0.42084835874081483
0.3065566156912474
-1.245269207814256
1.8835808225349617
-1.044929587055139
-0.4805242764227977
-1.8868458779751136
0.46670150742910677
2.3510883841500707
0.6596497988866251
-1.0571529900264125
0.11637561512743334
-1.9847440441561606
-2.5273843309372466
0.44817901701120116
-1.007709338858126
-1.1004660908711126
1.3006420054892502
1.540419628602871
-1.442539216630598
1.8981014553689028
-1.8434442285540968
-0.10416077180724412
-1.1850790221170557
-1.0233289439839826
-2.023775898254934
1.5375160649390645
-0.019803234309032476
1.4486172551341507
-1.5640269528944328
-1.0079897910117628
-2.6088036040538136
1.7270561565074274
-1.3762084779768358
-1.5131016353431763
3.0444168635548965
-0.058396644064519304
0.6349995351723071
0.7870696865884608
-0.04384125070940926
-0.8116792456525418
1.4200621078717124
0.8826029117098195
1.229655338988287
-0.07263397190255341
2.768538329459226
-1.7116850109284283
-1.4637498906898443
-2.1037381394184775
2.848099198059484
0.7455702745299114
-0.38911465853118676
1.3727961341596802
0.24254355837390162
-0.1739420370827453
1.3101183425119105
2.63008188156311
-0.06831532778998277
0.39167456218758917
0.3410371109977336
0.4318868610389271
0.3561595400414781
1.6415241959474935
-0.7397817216572229
-0.033737332366803346
0.43714875613794135
-0.19884645041057425
-0.14767342373839681
1.2024210381714677
0.5397928080774195
0.4716277528433402
-0.13494492592260518
1.1871166251470988
0.9644202323587384
0.23961167013577864
-0.5323570164819377
0.7552642114209436
-2.638865033389897
0.5751285615157584
0.0022605066337418513
0.4477784053079244
0.41391234620795175
0.31021173892994186
0.8064875656780585
-0.8157372830977909
0.7231292044956924
-1.6191909073600905
0.7905665611268751
1.4491443610777113
-2.02517015775547
1.4764573198596072
-1.6597910299845176
-0.5075793363704534
0.9453339689602626
1.8642581001043388
-1.7470957165439998
-0.7728644843012088
-0.7158676887485315
-1.3468335827592581
-0.007904566118694667
-1.243093125364385
-0.30806484413141155
1.6304777560804324
0.7105677534489906
1.5220335473406863
0.40070700484961264
0.30908241815647014
0.22857232358058457
1.0225208409431978
0.3803381975209728
-1.5713043194831078
-3.56210721520276
1.1685162565523293
1.766840681547831
0.00856107154106029
-0.07457269968252628
2.7529922795454116
0.2409690070648178
0.6339219499517976
-1.1885014549995678
-1.6815356699542767
0.45131409505736264
0.23325736928750063
-0.23621238725615987
-1.3967376462816992
-1.8414587062554588
-0.7816787872583498
0.14348989484213834
-0.7925810471969837
-0.28916766509923597
-0.9271555435528911
-0.1470580589806861
2.1183993398592893
2.300221510489995
-0.5858337384382559
0.6555266566782748
-2.0438182069213653
-1.7081552522258552
-0.9598934724616379
0.6256965855018897
-1.458496049331219
1.108795094125794
-0.2713810998068031
0.30962110039781715
-0.3037458047268118
0.8997385777087069
1.038787583461503
-0.07682827821479891
-0.6874732019541315
0.5103883406607552
-1.0166398857589696
0.0853916759238703
0.10543583997994384
-1.3614294471236232
1.4463134390332397
-1.1358451580357756
0.8985538315706272
1.1478448114117794
-0.860937888447586
-0.4967464244339777
0.3215460270928109
-1.088745187653872
-0.6955738534427909
-0.1572308662895383
0.7466990125677417
0.6879469447983475
0.3146300688067376
0.47982917986542595
1.825137798249919
0.25314415501825527
1.3334405044900446
0.03929104953024089
-1.1703160747137822
0.7712001743572733
0.617594170746264
-1.7034924877937012
1.9541482995181458
-0.3714086975658821
-1.0738547205093707
0.1457201041919795
3.253795764215495
-1.2587830353260143
2.2260373522040626
-1.8538009585481197
0.6410460375507474
0.999157538010656
0.9334937504326926
0.6557379249704081
0.9382573886614386
-1.9777294722879217
0.9250761830607702
-0.9780059162538614
-0.06451423810318668
-1.6598149769017976
0.2423605032454294
-2.548230631786722
-0.6890979943937218
3.1666131993178075
0.49066008643551295
-0.7197556666732902
0.4085679907516296
-2.6296998806734955
1.7758805137815739
-1.7051930115174672
0.250560682914658
0.73885953324688
0.7673134922426553
0.7869037869079024
0.16246969364547229
-2.3729381793511544
0.3847359995186507
-1.324670918408507
0.010345594068730712
-1.808096811019257
0.16579858927924976
0.888452465739324
-0.721385588957034
-1.0982830261351737
-2.2355488306302336
0.32047548715144175
-0.9572403154454687
-0.7304526410134448
1.2022006168413417
0.03801441320564931
-2.182386240907376
1.0390047818315882
-1.9916804784298814
0.9925199994445314
-1.3194256260102444
-1.2679596994581217
-0.12955373746756776
0.38850074026287124
0.458103152924357
-0.21434882464466265
0.3388519749035541
-0.9068664502588368
0.6365545011808295
-0.19414967459641444
-1.2877564171188598
2.36616419637264
-0.6950257633265955
0.7364352279363661
-0.9933487164022778
1.9435739952978994
-1.1527216111050271
-0.9792161849981528
0.6151780448046661
1.3772496968977954
0.14974379918332678
1.6225555527427569
-1.162323356340252
0.39706085284817866
-2.477897729944742
0.5707256428312825
0.10812219435646533
-0.7086568924530213
-1.6371522856127836
0.8939040222853779
-1.0836488835573581
0.1432751813461841
2.1302689699473736
0.9555903038943019
-0.4190471865273613
0.83826138982893
-0.36372410287840623
-1.5086349615556764
0.5290812554650905
0.12833543573394957
1.6327489592874043
1.3455476133531996
-1.1232706652517201
-0.7614865209737713
-0.6354199174817027
-0.7174271469471505
1.4784799328017302
0.10901189852501873
1.9746568601818635
1.4862617627800103
0.9307445747873879
-0.2684072564276911
0.9037021378515054
0.6051303867656663
2.1142462831398814
-1.7800927067855148
0.7282831678886306
-0.2212132464469786
0.749032528159424
1.2298874796189379
1.0550087625916182
-0.033013002951832765
0.6676504269308263
-3.6429870420754713
-0.8861334514079762
-0.939627207332851
-1.0302754237179967
0.7244330989867039
-0.4587811526145305
0.28099918691854087
-1.2361861976046211
-1.8295597086360698
2.2792799853471517
-0.491711889532297
-1.2392219230314179
0.1828890332466449
1.7291608118023682
2.3348933339395135
-0.499000442568671
0.21232412643738696
-0.9623135982719391
0.39126806406721154
-0.18397173539954226
-0.7618133432239882
0.21085412734696496
0.30490212856128646
0.3409735559110925
0.167204724116695
-0.6092337632385544
1.5495703265833831
0.3075286767282496
-0.7885106725907016
-1.9434705138818658
1.3931965054807505
0.42077708763892735
-3.2472979362703778
-0.5381976080434911
-0.2577035899449435
1.7653028693631843
1.7488196515188583
1.174038481819522
0.5804859700057852
-0.13389044925370142
-0.7127785695987474
0.010815980819843479
-0.23988540302786177
-1.880063550492826
-1.9571862127001856
0.3184962854483776
-1.012135163656187
-0.6967194284533672
0.7135178623399263
1.1780842146778554
1.275053100931341
-0.6625368318937134
2.4501869617947882
0.27639088440214127
0.2238850804699126
-1.8309446733615777
2.3558846522371426
-1.5145771463656676
-0.15795316865745063
0.1606128575530739
-1.6845719892991724
-1.2886105286859253
1.1491818306941364
0.15825548212377002
2.8123385362586895
-0.04198433876893685
-1.1569436193322862
-1.185927457095233
-1.1967662431969601
-1.0417613673165749
0.18062941110940087
0.6729274509907873
-0.9742847985900952
1.1948977807317263
-1.9926211116690984
-2.3095852312576968
0.08482282939704644
3.1544111952982936
1.1340532418336622
0.3991030689406982
-0.035209740049703286
2.438877038930906
0.6037026197187896
0.09712696515318335
0.09498140243228174
0.741678900200043
-0.391465060386599
0.9074076266314749
-0.34487487572826203
2.356888105431777
0.48804105343709775
-1.4360950916281054
0.2947057494183008
-0.8148526397035651
1.2506574504389345
0.5753641290996049
0.47240209593984794
-0.5187804526129564
-0.18823624110364798
-2.9014152610396415
0.46328769362506966
2.1512144158810327
-0.06823971972406093
-2.1958537365443616
-1.5814995685253008
1.9788843342476063
-0.9500066062575955
-0.8496388216935575
1.0470359088564851
-0.8289405206131194
0.4303156476442891
0.5046244348833652
1.8078568992293782
-1.6832038857924143
0.40149232082684333
-1.4078015502905572
-0.5301946087639788
0.14135437975449497
0.39244181702477204
1.9971616920684823
0.15397777906450882
-0.09362032581885683
-0.11053681792762395
0.7710467687281188
-0.1276542114628536
1.0765680853159285
-2.2780617090658657
0.7957661854011682
1.257489810919125
-1.3703929782022402
-0.5707859233696702
0.9348095274872126
0.46335667405450115
0.9507590668753758
-1.8163387741221892
-0.11703089279199745
1.513760735136488
0.6262770437372569
3.7242032288582805
-1.043852329001889
-0.40266168965028176
-2.5084889108638184
-0.9408918279374309
-1.645300722788798
1.0340638915024527
-0.045449727788748076
0.8449061456649091
-0.5930757933795809
2.045113970841526
0.2898850603521316
2.428541568933226
-2.2224888252958186
1.8785975217502189
-0.3612462720137895
-0.24327904840942594
-0.7013177440247903
1.1273510029374454
-0.11698613535722015
1.1767245094011234
-1.2858540241165923
-2.605910635773658
-1.640286545160879
1.1656311699383994
0.5290706049275969
-1.081025607250563
3.5553606682419656
0.608876616539416
0.04252056373614605
-1.1807548066380678
-1.0540401929336911
-1.9826706115071964
0.3212264112408249
-0.4375971902613394
0.10612340186487085
-1.1815207210963323
2.837547954311733
0.7805876689279121
0.9154113468180077
-0.921060559044779
2.007563547045953
0.8213419847057921
0.06905948992294422
0.5285148850204987
0.7202022272978188
0.4306004131662037
-2.229988556860645
-1.783151921859201
-0.6951567612071808
-1.3232592412024624
1.942239146009118
1.7374135100925772
-0.30819868228656216
-0.4561708042054108
0.24864613283154566
-0.05390387212887756
-1.0098810318509133
-3.7698036490864846
1.1602092675922675
-0.5695142172329892
0.5348723117071567
0.8584738506690146
-0.44556871139384646
-0.010573857124400994
-0.07471510043571006
-1.6737282969741656
1.1481621107638047
0.313366137794328
-0.5474385126816936
0.4878809459370475
2.0436829773089786
1.1022119241052315
0.4197183034688049
-1.197278838161332
-0.7982477890459561
0.2998512739988981
-2.2191074804370956
0.07244593533878493
1.2885080599749272
2.2950429050259107
0.0952750230511662
1.7207282624876254
-0.20201431934477126
-0.7690310858691406
0.4174096981851682
-0.9396182058681204
-0.1600066401977089
1.3166784313678386
-0.13983652177920183
1.260779239170625
0.06501579759702032
-0.8193729006492644
-1.5866176355234465
0.35662765079052444
0.5562107941836963
0.6094184787322763
0.36724137620540553
0.48880281156739097
0.03684706848486639
0.03186709738381485
-0.28332079650689823
-0.2002985935541125
-2.495374703369739
0.37014040120897673
0.6270182025689074
-1.4102432329038483
0.3347718354680835
-0.33715040901095367
0.09395201003043332
1.4247432181604507
1.214305153064084
-0.06831879478177459
-0.5401395346916937
-1.1499067876838251
0.1926887733336792
-1.3993730339081623
-0.2701635907014537
0.8257008369415552
-0.11281157846135582
1.9727230571389591
1.320974426612541
-1.7130474412182883
-1.767533678389724
-0.82667708185877
-0.23856207042058483
-0.21298196932377422
-0.775501928440952
-0.5332348930177954
1.5593435844200474
0.15706010516723296
-0.7326056324772376
-1.9481842711566106
-1.3307280262715324
-2.203580662348036
1.488891510610806
1.072261362050154
1.6716537577019726
0.8463646483102001
0.43857753832373186
0.06429898769689035
1.226987483491448
-2.2955450977054284
1.0225226592284442
1.0313916350763277
-1.6118182607610494
-0.514453540130314
-0.8790609710966852
0.7450384360687198
0.8226307080809852
3.251906001913803
-1.2460276985753098
0.46561134564101636
-1.1169632514546664
-1.0860859610753966
1.7180114681728906
1.1749744905905934
-1.6570597802687448
0.7271156812942177
-0.685855897789153
-1.0464454326472565
0.8507977974320334
-0.9266866353761737
-0.6681203212002935
-1.303125845483929
0.3709081821998047
1.586104740839221
-0.8869964249824888
0.7907502673230438
1.262781860619267
-1.0652926632387052
0.01786239888655091
-0.6090263835795641
-0.1135927694188279
0.9907541079126765
-0.4450473666864042
0.9676824557614735
-1.4529869187924433
-1.0594651380179438
0.9392709595217289
-0.30170869446176224
-0.29157449172419697
-1.1874647502732603
-2.3345756133845046
0.42197303790614665
-1.5355134303288964
-2.067933511753846
-3.6143477160861597
-1.949247545583245
-0.621763511123884
-0.8848890819651244
1.3631172524393556
1.490135366559616
-1.5133120810067895
2.1829954866422097
0.463426491232825
-1.1888570871084656
-1.1073164185701152
-1.3883824090200259
0.8311950089027278
0.896667261393414
0.5936673717999751
-0.9944779436957002
1.766872096729874
-0.5981199651517777
-0.6182557818940426
-1.4659982488819072
1.467623350702719
-0.5037343179052809
0.7771737369026361
0.2858049305613078
1.1597765257441646
0.9448140416753217
0.015021299559278813
1.8450594905162347
1.2761852565905236
1.2234692143301846
-0.0574951066956044
-0.7336328493830496
0.6661352261563003
0.07818470690126667
0.13502563424752742
0.8835031143225476
-0.8873757086632813
0.2927366019442611
2.113904186678331
0.12500114542220314
0.9749358395919093
0.2664000854602219
0.6554171191200451
0.13813413621213252
-1.2950578114618005
1.33111296988808
1.378938083650773
-0.12423167770042015
0.4827922494759587
-0.30171024010229824
-0.6893886271663476
2.115342674483415
-1.003865040879932
0.4996218494710415
0.6912691679394312
0.8146774803108037
-0.22137303660441307
-0.5240262636641116
0.8648038479965665
0.5864676382920014
0.6407825978843426
-0.5943990479121852
-0.6753323115075792
-0.2947173927984606
1.8031266594562092
0.1327036227272605
-0.1994380456470203
-0.6206645402313021
1.7738283563144548
0.46133428541960914
0.5029423223091577
0.436171885970481
-1.9248111736671574
-1.2427527464615296
-0.6621825350741988
-0.47928726534521404
0.17169165255334734
0.0036156768183232845
-1.7053943558143845
-1.5488321936024043
0.5937755758468839
0.11413951849173082
0.3614705519194025
-0.6209113413366224
1.9009641051686745
-1.6533627258524952
1.8357246465520942
-1.122994683825663
-0.9105821000901625
-2.7553858909843414
-0.5702303620908206
1.0191261350979408
1.42525650297937
1.5187001570260887
-0.3568693002500332
0.38124922851750964
-1.2253038812304395
-0.12184934213911856
3.6042903923373624
-0.677746244128724
-0.9576401222056246
1.9866712418068517
-1.893325154178472
-0.7974539582079824
-1.093459325526792
-2.02835402399588
1.1504809278306427
-0.9166178677035882
-0.011203151592650904
0.9628428547606204
-1.9115740476277951
-0.5425934630688038
-0.5575580891577661
-0.39851090463034533
0.8819816962937348
-2.5350018111709764
-0.1556038783016966
-0.14575973201961573
-1.3806336763873732
2.37422087310294
-0.10875292123295364
-0.5337252358892656
0.6926070232786274
-1.3879865184138058
-2.090804829612202
-1.5098745588309739
-0.6935791973099011
0.05415589123638417
1.6766704767544938
-0.937889882531452
0.6315175886700767
-0.05750176298231808
-0.08677490468822745
0.19904809532418166
0.19232492582602392
-0.9773957306070146
0.9534718641609915
0.2666921629244806
1.4246923622279974
0.6562180312078267
0.14456789297303732
-1.0719389429857302
-0.31737256912989464
0.4224899690713998
1.2335146685762757
0.31066327810239663
1.5172398961763878
0.4542810625699705
0.7779008892924012
-0.23122745886355214
2.949533990972665
0.22593328511093985
-0.5281217996416515
-0.49309413319932716
1.0199824078100963
0.6052963600863137
0.05916143550521232
0.16744953909714339
-1.1153656398147997
-0.7474332429980881
-0.19802572200242327
0.3828953349687132
0.7261020097061415
-1.226980147416789
-0.35636585070086163
-0.9006207599355468
0.6189256823734611
-0.7372656272138407
-0.7317101359319765
-1.6746452985475768
0.3336763153334056
-1.8717301735519136
-0.495175382200961
-0.4723179984404942
-2.3572877228880134
-0.9400595967860397
0.5143646898244254
-0.08190901345804343
-0.2313253028194115
1.6626283570386247
2.0055670232155385
-0.18410870218823508
0.5577357582059574
1.865534366812141
-1.6119697066334298
-0.4747316948422904
1.9354553203497413
1.5760893432401948
-0.5379688386091588
-0.49357014850247716
2.331327095081379
-0.06915416639346975
-1.336729881474227
-0.2004241149049128
-0.19806780891378642
1.5875759330541686
-0.4585178300209688
2.183382592128578
1.0432204484868048
-0.08826066529077876
-0.22043403239494536
0.5719233443342016
-1.9153210836738406
-0.15079626559434967
1.9861537365046085
-2.1274296684262772
1.623401915848977
0.07655231309277231
0.5321781498945609
0.2670289511658922
0.3897945901458394
0.6552559931372848
-1.2461992953130625
0.02130363725353093
0.031182150961020068
-1.3460317192112612
0.4421616420547663
-0.5862747502916904
-1.8942521444923177
0.37017293378207156
2.0163232529977813
1.2406922200009625
0.04990852756810176
-0.6401422669046445
0.9849173631182158
-1.4242304468612172
0.4290184046727367
1.1971436800550934
-0.729668592724951
-1.26850603971525
0.6230081596520622
0.9355412536735168
-0.9779524983927007
-2.3867477195072824
1.4810613578141025
-2.0787583594403602
-2.0329635469213243
-0.7127407968708962
-0.2924206828626987
0.5917087891384518
0.8034721486734009
1.4659725559538472
2.0544371967547135
0.8608179414421478
0.6833365972358796
-0.5537500280509029
-2.4048897208858757
0.29764193661863997
1.045507818139922
-0.7892099402865704
0.7898215419991332
-0.22493814596015121
-4.409812447360828
-0.18533651147704513
-1.704738741303885
1.4238498121160632
-2.8619113624087986
-2.5176653760961165
-0.08074164525372111
1.5454681917842785
-1.0957379666173532
-1.4631144311824478
-0.3728159148598808
-0.055481272456837656
-0.8187161750055209
1.742617000564172
1.1914162706861293
-0.3373319951713717
-1.0559390160704765
2.1611272743360006
-1.3227603985804637
0.2937262868452698
-0.48210728421359356
1.3538230004225547
1.61331376805036
-0.8428152160566169
-1.9807890368799703
0.20326320054482844
1.1999302327798138
0.7743896733162269
-0.8496880281904344
0.38618432468930153
1.191721807796611
-0.20585147238234427
0.39689591977188243
-1.1820024618591882
-0.5687175520594965
0.29930956253541063
1.147564233427272
-1.2290897911624226
-0.012172053618896044
1.0507483166179075
0.10827219265304998
-1.0805836274861587
0.4435699976648515
0.7693967025989592
1.4616213990662592
0.9277704486625399
-0.37656714921018214
0.6494586899879885
0.9739731721162974
-1.1349718747001516
0.9068529239110065
0.681879502778306
0.49130605907767166
-0.5144185755198253
0.057004713533560854
1.0286632179153272
-1.559942956106332
0.057239264750647195
-0.7588924267614584
0.3943957463925009
2.5180168810521497
-1.3104120284145646
0.2083641023553542
-0.3393169443036171
-1.364306778327727
2.358768722193915
-1.2327186091620368
1.4475356147819722
-1.7217449648768501
1.0853562976925126
3.2759297296818137
-0.8015157715281785
1.3690889966398532
-0.3842440037801368
1.0361192936017714
0.5085286394530564
-3.0251582644754986
-0.6076009970276105
2.0484061628905192
1.3521214049078254
-1.0104129170738965
-1.6919741682587335
1.4231964086497164
-0.04851996283513357
0.820706156502835
-0.5685710901816573
0.12833956132142368
-1.0004694222624544
1.307696510964338
-1.0837323982238598
-1.8027770082237484
-1.9784389473966435
-0.49078812677325173
-0.8778438736964657
0.37862439470040116
-0.4878220140475534
-0.16150829832696784
1.2597787074805908
0.18574627417162037
0.9094842879061462
2.1327005621772432
-1.3983791086773634
0.24240773658008677
-2.174262969545236
-0.27358958422667584
-0.054429785543031864
0.297037180055514
1.59074387808568
0.7094955513762665
-0.26398728698062235
-1.9245816610664823
0.35384129820902693
1.478611904602278
1.39330346830713
1.1108425876344394
-0.4886653093445462
-2.28463901352954
-0.7949007979266647
0.3819096803713844
-1.1291361394341528
1.0568343168642989
-0.5330668357489937
-0.6671841653506467
-1.9193917278180346
-0.533183278162719
-0.4185695359060853
-0.19252129721253122
0.2620946386733832
-1.7398195390922857
1.5049823841092167
0.06847334094366425
1.634375498562473
-0.356507694014794
-1.1774914843228124
-0.7254307724032955
-0.3000890485929232
0.9460271470078809
-0.4515580715907169
-0.642812485791938
0.545100228984874
-1.0109642776059682
0.5333576122978115
1.9245352583242605
-0.28064070580269745
0.3955138655928218
-1.1430444455486257
-0.9198410573744602
-0.38026378622980517
-1.8335576505919566
0.06330586541395047
0.6438112085391992
1.9352777221749746
-0.4073242616459685
0.04222777854138467
0.5044645516192383
-0.01700846197976336
-0.9887515368837775
2.1863401178797206
-1.8066228456152447
-1.8322834258302971
0.32592006437442017
-0.7405595911334091
0.1266994455610235
0.5785956892504501
-0.25395586584659685
0.29079894417593044
-0.20586523222724745
1.0676427089234541
-0.4563783756499716
2.306154255875085
0.6661667591463409
1.6059391542153845
-1.1942239480147174
1.1359768724809498
1.2767020436669725
-0.10587494514791332
0.3474881737890946
-0.850085101361037
-0.6946253548400768
-2.397017251058185
1.3397489084681338
0.024197552126860845
-0.5474039243105423
-1.3011117999818629
1.4408325940716857
-2.9216655999979593
-1.4756043895270938
0.022670106001593804
-0.9327501180152578
-0.9058683562580643
-1.1481433959385259
0.8244806297069415
0.6229671103905697
1.3658516678699961
-0.31867874046758554
-1.1528564073689267
-2.311728989637978
0.9717320998418568
-0.027622415456185608
0.06509468929244294
1.0220498448456241
-0.7276964935030971
0.9626744581175002
-0.7859990921743867
1.0563240974561232
-1.1442213921271933
0.2822523948198786
0.42804436677501223
2.008391663415989
1.171438948878924
-2.206967791875358
-0.3294727754257662
-0.3669326666895005
1.0169999563085672
-0.22505797862185198
1.570121901386265
-0.9416743232401782
2.499754238430834
-1.2265023824720476
0.06386932651397194
-1.3667526113598083
0.49500508349331573
0.9131227226444185
-0.15761940464418667
1.1422723513465585
0.6369946248053452
-0.38704267619076743
-0.30527921310237205
-0.17736393183689916
3.646784358025599
1.2892806612340766
-0.28260816907542013
-1.627284026914034
0.8174351934915915
-0.06024262488506501
0.8248985902272985
0.47076419890925025
-0.9207743463914458
0.02425896370317869
-0.06845831188480297
0.0894396572156517
-0.947621184103723
-0.31713559052081186
0.9313681807794959
-0.625292026986494
-0.9078283279245766
0.6229434117127688
0.49447239705524165
-0.9481252717709736
-1.7353183842570845
0.30438167047796855
0.25355559358098095
-0.743839100903428
-0.10881144239394162
0.12838067973785125
-1.4905071622717458
-2.320924599885965
-0.014102168208908037
0.5207323230065349
-1.0519890606027626
1.5406139452826124
1.1683911642874498
-0.8279395089404847
-0.9645129515842172
-0.5183767032629037
-2.914642798960071
0.06293437108555391
-1.1500806660282459
0.7613746126394072
0.08559718186123969
1.0230401098302742
-0.8655905237073201
-0.9548705601146479
-1.6546241088057578
-0.9705892571654099
0.33544335425031546
0.16158621307655502
1.1542276292520957
2.296065039948566
-0.33891139251719227
1.7223883095080825
-0.9654541142954283
-1.4190629812943178
0.9836754398544111
1.4569748603375623
-0.2582242788806896
-0.19493056923540517
1.6152469109867902
-0.47741325760560305
-0.9862685509879311
0.7833541234174503
0.2870625405927278
1.6983145204565102
-0.9481844646088242
1.2486147660345184
1.8259823424156976
-0.5174308158834888
1.7281635404784044
-0.36926230312217234
-1.1980788003736045
-0.9948261028034845
-0.9002160449434483
-1.236178629059023
-1.7013263450474212
-0.29864584365638286
-0.35179633846528263
0.9141823603127341
1.4733097168082898
0.6485035865636911
-0.6604844976527411
-0.8686621758106753
1.511490621571004
1.437918302319896
1.0514028505741195
-0.2451172398615549
0.7491723437640928
1.2361531064790174
1.4631480094791716
-1.216755008619556
0.9368498435144978
-1.6031992195372282
-1.4987439978857606
1.9748514282040976
-0.6859443935083074
0.7440677711880871
-4.3715893128106815
1.540795491050388
0.34587653037068883
1.0616731593542719
-1.3416887152760275
-0.055806467353373565
-1.6146923109407447
-0.8318346040819173
0.0273536631187293
1.4256722662472336
1.71208285566733
-1.2727984061971458
-1.3022417992822894
-0.6833896271330422
-2.7025370305091343
1.2646604510724482
-1.0734490190361745
-0.6896014458176173
1.1563311340367415
0.9438243139286593
0.521699645921518
-1.7321996802989372
-1.2583222888988725
-0.3616503027869322
-0.05315908902491936
0.06271270308225019
2.8136229867264357
-0.3707791744091125
-1.7807421961027563
2.5946483665525752
-0.9169214156227675
1.0024320128542135
-0.02806849540270994
0.9758859582264208
-0.6440601727687233
1.5346985535424842
0.011921330407768929
-2.086623777237956
-0.8371556855444339
-1.3598095215071007
1.5612452973745947
0.8978410290185176
0.044930170556145156
-0.01808383367765215
1.9164443330255096
-0.7523410135245834
-2.933953952542555
0.930675455649553
3.064738167431687
-0.15282098578817405
2.266171019250674
0.7057884955214203
0.617360982030573
0.6566684325611197
-0.8046773377663434
0.30704299500471255
-1.4413790522850365
-1.7039769467966568
1.7822268962114534
-0.5991681112033361
-0.9113014154254401
-0.5432409760733992
1.232293137210002
1.7744657754099529
0.6134219710454215
-1.1104331954058966
-0.32593396411097103
0.32395924464908576
-1.9407170242221432
-3.032949493151658
1.0025260058640242
0.42167492345664354
0.7150710833308701
0.9550462390357009
-0.22479252183498963
0.28044375218271106
-1.069191115283172
-0.15010179507751012
1.240502024018424
0.9829884482830642
-3.027269789865317
0.49063944328745546
1.332680592877011
0.39716291547255966
0.13128511777911456
-0.10901196765902493
-0.8031706484917754
-0.5539728124223454
1.426012234750604
0.4099728743678066
0.1891235810815384
-1.3103552934313598
-0.16893002306208543
1.1763111812340183
0.3176155822232733
1.2830668725869776
0.538697401409537
-0.6901109860272433
0.6618748318201856
-0.21970081192871002
2.3050861573684545
1.2664693475405273
-0.9257140222714171
-1.3887336399662624
1.1310582588217837
-1.5335992665668263
1.179527160965879
-2.8285931838876963
-0.843383989430266
-0.3823095960680604
-0.7866222083477696
0.2926589044740602
-3.137603720320154
0.03256864522758624
0.36557859418780897
-0.1645901909994359
2.0101508148797986
-0.5454366393780793
-1.0552618102781701
-1.424454992191257
-0.1507897317776485
2.499007574838441
1.7579544235678906
0.8279603090156973
0.743576215771212
-1.6427041495354242
-1.2764657541498945
-1.34365250292691
-0.8787818226951569
-0.7439445794536801
-0.338145103888331
0.08233755608912147
0.5218221767532739
0.8335203424372145
1.0871598295845595
-0.9059671977395466
0.24894910672962076
-0.25244051994737104
-0.42124861107572725
-0.6529966251579219
0.09968072970434164
1.7916901006412387
-1.0306481271593098
1.392490602888773
0.7490702909691926
-2.483531520635767
-1.4542693448187967
-1.0954483509276873
2.190947836273777
1.049308873027907
1.9603498783482591
-0.5425997764451015
-0.881537119966945
2.8420943556823457
-0.1738415797167461
0.6027292100608993
0.17621805582157066
0.4286526422713124
-0.7176186317939725
0.4025743077731778
-1.2264714491786841
-0.41139504733778637
1.5348470035854902
0.4479320514001606
-1.8649555112006724
-1.973928931042693
2.481166895505037
-0.40352390455021936
1.4986334030815778
-0.9238596531401746
-0.8574391083251423
0.24404786190422736
0.682985931353379
0.43421197287485414
-0.11384630982653494
-0.052960286205358795
0.03757475493779294
2.133124989382949
2.5636527919596124
-0.6875424122602672
-1.3657783361773477
0.17107443769908975
1.1202901506479426
-0.31567060640437394
0.3340607952414961
-0.9231222005428332
-0.78021491414749
-0.8239567689242276
-0.8650121880826256
-0.38201770039675675
-1.54005889454594
-1.672239825557763
-0.46380984947394027
-1.3218177041004415
-1.722519193648177
0.7057875698693907
0.3724377421016648
1.1450410772922763
-0.61511028393577
-1.9181594068611165
0.46532176351381693
-1.1823096867344671
-0.5752608586255096
-0.06650185763135973
-1.4949359558955542
0.5448642580625878
-0.052445686495425956
1.8900494347028531
1.8172472330423775
-1.4319521227968335
0.5604029669795175
-0.050453478603197446
-1.2071143648371816
-1.1338890640653905
0.20306999929430156
0.1361508548766722
1.7429221382176707
2.0607513453417146
-0.31788657857509534
-1.2880737111910534
0.8405474938382665
-3.06047681086516
0.1372304647680019
-0.6091480245230029
-0.7785761930228174
-1.9520139665252236
-1.6707495670956165
0.6059185545289222
-0.3784048433616799
1.9218048230028184
-1.2033643595720043
2.7540960568772164
-0.6807947619022582
0.6241405932598166
1.0017082773573538
1.0904200642569608
-0.9136641006026965
-1.4207365682670814
0.8889022797987053
2.6723076068084324
-1.1124132416582482
-0.5019758153537855
0.27150874370299444
-0.8738104170551663
-0.39047319609618136
-1.5497130185416819
-0.8373176787046764
1.4411289125903244
0.9568693038828714
0.7131121865510643
-0.6519809712744019
-1.4569596780755039
-2.348683617788923
0.29989100981261124
-0.6136315211896552
-1.6832515774970132
-0.8207906178995921
-1.3438315719193399
-2.7864629058054997
-4.183457848342201
0.9714704741462
0.15946258235332514
0.5043642721776744
0.2857416268947725
1.1359330505486966
0.2263553341744125
0.05796931025737284
0.9477226809320699
1.4584994269164906
1.5505248181227584
-1.0649947075822563
0.17861596000878605
-0.21357987835845849
0.7865022976918149
2.2658756556531987
0.2014747066820611
0.8223030413583032
0.8116327913996473
1.4807618689751127
1.2434287206418044
-0.8084457772579424
0.7266720507268769
2.9718713692768635
-0.848003649055912
-1.099237671502726
0.4181553581773565
-0.8246081404324318
2.45315424935098
0.921885380589841
0.338740807555888
0.2139723024125672
0.15308990354816215
0.693253722732539
-0.48612699321130526
1.751674558554714
0.37642690606884927
1.544194992859764
-0.004769428176112849
-0.9614376683038995
-1.3413357070119338
-1.6078775773611715
-1.3889735898558346
0.21911018862324125
0.3844679199249316
-1.5201165231641756
0.5409427105376436
0.333161846355641
0.008212257034771582
-1.9665001362025247
0.48086710779483877
0.016146506657773393
-1.6221580898607306
1.0829806298119944
1.5130071190754686
-2.147391610423794
-0.010600792494900448
3.062229084269429
-0.45038197765852017
-0.85353566730051
-1.7606701694084426
2.238218970633871
0.6537100849412378
0.28563179961951113
1.632823204964119
-0.618872682691589
-3.4930375593632075
0.7920153614847837
-0.42110949663674263
-1.394698119161557
-1.03440631736252
0.27589324570078166
-1.4352379424017203
-1.7701278843973909
-0.12825467759439355
0.8736985498794688
1.0550355980094692
1.5951479192692606
-0.4272145503587192
0.4475504174385945
0.7395485418896903
0.05881569440759553
2.7952763071931583
-0.8460028203212986
2.6289968513550037
2.5398133538167724
-0.3437096904243686
-0.7702184032309187
-1.7954198768450682
-1.4789662175871798
-0.4078363499859159
1.0993416305789625
1.215632335814673
-0.6659773140613464
1.3296855238142016
-0.05554345558889202
-0.8811687262774203
-0.39712691174606674
0.5500526377262152
-0.4560909808374152
-1.9965057971131102
0.008530459475746446
0.781885798752601
-0.6651574607437998
3.2174753050659
-0.2730344670756269
1.7171085774914758
-1.117390525636554
-1.8654070857058256
-0.024730714421716773
0.5236775711426239
-0.7248111802124336
0.4796515014409568
1.8275725354722998
-1.2900609747198044
-0.03537636978676829
-0.8886856641231544
0.15677831566291495
0.8736218725250157
1.3806847549830727
-0.7511492739143122
0.1236404275818717
-0.0032712869575413097
0.3497167601554147
-0.05706608958203945
-0.7033606039148323
-1.1424348129359254
-0.3549571573613014
-0.6911101554296383
0.9361144933023258
1.7130703397595168
0.33990472292129703
0.332952736198998
-1.419863811317883
-1.364938218399421
1.72377399275995
1.5219633160730603
-1.5144499149384816
-1.7002697303557024
-2.3480790806668645
-0.9025226568832946
1.402573998829191
0.047562373779272527
0.5580983533534454
1.7802472078032037
-0.9910366732013526
-0.5773264652790359
-1.8116215983102217
0.9220131653407863
0.6303261834987419
-0.5976620662006825
2.0960450362214345
0.2513979350648408
0.2184948763166436
0.42238988841347147
0.08236443374854562
0.3921957389143229
0.33317626009409074
0.6131261401295742
-0.10651454189833036
4.373158214953884
1.659784555943276
0.23348978853625596
-0.37137768789952885
1.7751586974221163
1.8204833013729798
-1.636950694056649
-0.8941168736659014
0.7122219769508356
1.5378998266753912
0.07986055261617007
1.0603696757372587
-2.091123635103591
1.5506543336860759
-2.3134996991802597
-1.744705170069361
-0.5622225698084877
-0.2162552384637107
1.778479217901837
-1.1788886706650437
1.042252024071273
-1.173894355480613
-1.5709803960347721
-1.2430692019289566
-0.3234360433448777
-2.4838080953262596
2.1896449235760946
-1.8449818871220507
0.4871028730359787
-1.972815069363018
-2.0767833798608772
1.5300193263624415
-1.6699048720916363
0.22143824969794768
-0.09594736458130201
2.0567143297944406
0.4748937922193053
0.558483746906019
-0.3439276561993179
-1.8009298423138937
0.4082254400815015
-0.7060657970098015
0.8834695291939905
0.1333748196675748
-1.0639759538106
1.2060028593486374
0.46873432736964504
1.628905508587967
1.5811125948718168
0.27885176693163305
0.47365109447596837
-1.1384140984882627
0.07519999643963016
0.1568295747736738
-0.43366420634995895
2.0981746185202437
-1.2958651505621883
1.258238765399491
1.857745461826987
-2.2654170715903565
-0.34041893003239165
-0.8681836925832892
-0.9933357570419838
0.9823868292886373
-2.342334888694837
-1.5567636067547304
-0.0516018821549402
0.9069708238331715
-0.43410563141882375
-1.6098011273885156
-0.3534767244631268
-0.002415579491576116
-0.7187873133009219
0.7217664747977173
0.4404976042795517
-0.18530059057779366
1.0988708154248434
1.726679299092815
-0.8868550117280792
1.6165282033947406
-0.3433510776432508
-0.5445908762789263
0.16315943927676055
2.0300516040177365
0.36715439543826517
1.5737180750598405
0.13943910555097042
0.5830634331504184
0.07410249107943163
1.4746385712044892
-0.4044247746392274
-1.8905933475639818
-1.5445027360233883
-2.1796112983695104
-0.40415870985038055
2.4715890017848525
-1.4708359427556141
1.6778305236102444
-2.0668973877768284
-0.29082399901938816
0.6208706060224206
0.11076725722444047
0.4483123052698588
-1.6219269130170333
1.666945442735698
-3.112749147419142
0.6356077937607715
-0.9848521277571464
0.5729513478881887
-0.22977393100413523
0.23458807584155408
-1.5466678528126265
1.5090836458690424
1.0957151441224022
3.0942028692231256
0.09901242120377048
0.6678378742884118
0.10436191356263098
-2.565629900971116
0.9360925531043476
1.5370348850235753
-1.3188318548590208
0.3312873822543961
-1.2307304466485658
0.9272140498641231
-2.1415873280562
-1.177330963434161
1.0972678748239617
-0.007815905413824141
2.2112297855471197
-0.9862513104771504
1.0139093677514925
0.13287209649718246
1.3327145962952889
0.3821175869296897
-1.600807615875255
1.2569104456435731
-0.364118180344682
-1.5447424732999957
-0.46149265124268596
-0.26071968157289
0.34849921294901415
1.896551937401235
-1.3931374295735721
0.5051340237412466
-0.936686650261433
0.2795539100209203
-0.10624458605408717
-1.2669136283270495
0.5969110797599562
0.46773029342679434
0.06827408962298702
-0.39238225297430707
2.520300298943755
-0.2122216638754342
-0.19826111333494317
0.7887607350389114
2.199452181316465
1.2253609848744071
0.9361361711640498
0.1162141360643737
0.7088088380222402
0.8706430280923947
1.2564341313541516
-1.8775830491189667
-0.07763277258178554
-0.6804036681865806
0.024657670103089134
1.2341458395622409
-0.3705049585089471
-1.0412531352333132
0.906976339826182
2.9622087176808813
-0.893940381478046
0.028965475204058358
-0.3169836438194056
1.8313980862977988
0.8730569555939285
-0.4263023024825136
-1.0217018723141404
0.6107509695075944
0.015180996123134852
-0.8803661550109191
-1.138032970169526
-1.42541899278224
0.059865266887846255
-1.8037739850935828
-0.1262724720280436
-1.068878719236329
0.6506760428814776
0.23092986949972014
-0.6723218185956732
1.1631830089582167
2.384299847442106
-0.5469898831180877
-0.5773643836636264
-1.5828988662626147
0.17961280378935976
-0.3369003960065727
-2.5292037784179175
2.113830566073508
0.03197825483975411
0.6850394145608092
1.2773482233926154
-0.04422146302912716
-1.7885827027137702
0.22068737416628967
-1.381283140917228
2.311765807343133
-0.45774257930750245
1.2462698790160485
0.3272691785196155
-1.9484206132061348
-0.5084201071033158
-1.2517855100604613
-1.1353249797643181
0.4058832898139722
0.9541324984174141
-0.21338082918651757
-0.7063421578389382
0.7439599834063012
-0.7305526900530639
1.004323437617987
0.9093611151822651
0.1707628489807113
-2.3012244432335414
0.933908567784104
-1.355816339988399
0.5825736193051233
-2.379508046312739
0.8140339595441624
-0.5869247098644267
-0.25009157725155073
-0.365861765551023
0.3736695567614007
1.1084979700657163
-0.5223986210615907
0.6095560000917973
-1.2214510237375518
0.6135485486578911
-0.5317970404697773
1.8656166037716582
-3.3567024871557063
3.4266698710901045
0.5339127127724943
0.8454561575440777
0.37165728437632284
-1.806320806890207
0.11257534644832
0.5103890132490175
1.0346179284927763
-0.2317511072802695
-0.9809704339841055
0.8754140774284839
-0.41287752092549473
-1.5555167876815565
-1.5006909248053657
3.3180314037719487
-1.330604949420453
1.2721774441739035
0.3692869026195164
0.8503569743195653
0.10375005412193379
-1.3984032341680472
-0.06251497731522153
1.310103997800292
1.5269718153496188
1.839757086338355
-0.5518755220894126
0.6888819283114713
-0.8196950961160333
-1.0561009544217925
-1.0812446246830036
-1.7912403408730049
1.708772087424857
-1.3062150840307443
1.163211214701453
-0.6812663513037802
0.6875236312071142
1.060816168374759
-0.12835933858125564
0.3960576971118119
2.692105438259488
0.9133469004247488
-1.10219967134269
-0.05413156262007933
-0.20285522137239556
-0.5183276302238551
-0.08159790110129088
0.5757385093689863
0.39850268457647325
1.0675750718715862
0.9125007534657725
-0.2746586893295521
0.2706139583977047
1.4558839960411714
-0.5708991207744232
0.21866149831971224
-0.8958040033546933
-0.9495962924702595
0.04742839394644962
0.883163792524642
-1.375736443345717
-0.7644473495782582
0.23548805315563717
0.20440621648082544
-0.029346962582308424
-1.5783905227230892
-0.9148453638941111
1.1701355406284941
-1.9898170191034448
-3.0974512681274717
1.3645684729459238
-0.7023006856311913
-1.264570409941861
1.4305229145837137
-0.6051032900465698
-2.164154766381962
0.05861572982358315
-0.6183173839755123
0.9385653972269028
-0.4645829678764585
0.1729559558361674
0.17277415006993552
0.6915317986772892
-0.6282451625728178
-0.9674389764999618
1.3923863317316958
-2.590389002563082
-0.4841787570688064
0.19345298193656588
-0.12586541891810912
-0.1610493617943254
-0.48679760342364303
1.3839776545172136
-0.5900401994845064
0.33276686707286224
0.7254147592549796
0.12605226637680617
-0.32366138418792173
2.078444468979533
-0.8500772889626911
0.4812897656654896
0.2729663576708185
0.9251611761790756
0.17620879035560913
-1.7967417522753233
0.12248739836484676
-1.191152081646079
-0.8770885226243438
0.8595515620579264
-1.2587826209679869
-0.27564395697363686
-1.160082463933054
0.2636293886401985
-0.3106243564541211
0.7204448210382111
0.20032492482966643
0.046881960948802814
-1.7191283095581429
-1.7559505120033772
0.5475129291582714
