-2.697812795635339
1.0720320529779104
-3.8118854556146013
-2.381494794818368
-2.355314617026613
-1.9287662809834982
-1.3527596542772264
0.08999591860125172
-0.25063348904887217
1.8616384567029736
-1.086497809844431
8.460703389580305
-1.366502056850019
-7.048709356988406
0.15188461586556995
4.160309989942085
-0.14392999368055917
0.1977048896260046
-5.939436311851562
-0.5871254379935571
-4.623079271372684
-4.535493204063438
0.3719656586995686
4.001451193451348
-1.0231457679226366
1.3910260475401506
-2.819598412107104
3.14162678948
-1.3489490578211947
3.433365974594175
-1.8297446130552892
0.9629830737790639
1.2864014336603649
0.8606222723768749
-2.45324001665601
-0.1229823876634786
-3.8078711996912933
0.45964231531190286
3.2557903770375893
1.6540301847114658
-4.892091190377291
0.16780963403730245
0.541440615194359
-0.36982489885268577
-1.0331015465864424
-0.34427288726903515
5.677711716333182
-2.204022140339262
-5.670309621430756
-2.2963307790802308
-4.075938582402193
-2.666615229702897
1.7308238778920952
-4.309227216488305
2.470411458470684
-1.976137975263259
1.9143226511340583
-2.848308346979571
2.4299240933159982
-2.7648730675991557
-0.41561132583467225
-0.89586455702005
-0.7153388776951025
-3.1202454750622763
8.35851045044138
-0.30803814300279575
-1.5610723327896885
-2.071545263785127
-1.1282871548128905
0.033008143751833745
1.7023131265365208
0.8697193873234118
5.458269168145794
0.3581714552311465
3.052748714091211
3.799677549436053
0.789909643558494
0.8610493206629505
0.12783411114721388
0.9809155348143281
-10.386550791726258
-0.18050596356524323
3.677428085145092
4.809033423845738
-3.5717520208830624
0.2927607465000715
-1.9543903931130004
-0.8925399073824694
-2.259328162026567
-8.40882123757147
-0.7001869868189458
1.1058725029174397
1.6040274253364
-0.8668443439764257
2.659165177216782
-1.8741067659927984
-3.4009402179435564
0.8709593089043849
-3.0963886348769107
-1.9677516728555566
3.9890719694050167
1.526967396176808
1.700697073731988
-2.099251173953546
0.2499844749664432
1.5290581199943747
-2.6092247408444718
-5.9161376413005655
-2.6588524318604314
-4.943240215405842
-2.3192493565093626
0.5489298980030429
8.4786136199134
3.0586987244754273
5.976372975114035
1.334063347778678
4.258823483114733
5.088945579308935
-0.9197521157249509
-0.601661443486147
-0.7317882875836095
2.166041111925884
-3.0698211979987735
1.7790048099376126
-2.58337506006208
2.0012708070568896
-1.4725849904858919
3.9117263298367613
-6.003595252590484
-0.042428280454432844
-2.379693168657963
-2.7411075720792786
-1.3352411030183513
0.3351515032184794
-7.853070262487993
1.8998327568073703
-0.38008372557934045
0.9083358555586982
4.55990680883875
-1.3293074387858155
-7.203543087137917
0.18917630160580445
-3.236139665124445
-1.5890681641630653
0.26256527532135443
2.442926387657733
-5.683278955871845
0.10361342740862775
-2.0371925263623383
4.3402497900792865
-3.0130366921894884
4.445503502992399
0.5122535822872616
2.729836543084089
0.800702439259818
5.204390035079883
-4.0055203113903355
6.7166950373330705
0.254489006251033
-0.08833981825757367
-0.3628663708074451
-0.5082234837537286
0.4883420285292352
2.245555818406419
-1.2403718666604295
2.6095475138023305
0.9187951028911837
4.633836943340785
-2.8442045345429974
-2.8371459061619624
-5.458136542490561
2.584613851639074
1.2651833172238243
2.371268751510957
-1.019729960789584
-6.472262385424017
-3.120196667355176
-1.1573932492397234
-7.625882346688493
-2.6216087194024023
4.447516756545852
-2.239168679542571
2.7812515868308854
0.22970810720901297
4.208830478463822
-0.5402234033995278
2.19870511149394
-3.1910449841674464
-3.548383378777941
-7.634506426228502
-5.938359495894744
0.812284850796379
-3.742554455210728
-0.18783496241366648
1.574504321903686
4.833385726698992
-1.5584893067448036
-3.3936033165297244
-1.6174564358052845
0.9212125137302783
3.172546112728089
-0.501024357131632
-0.4080574403401514
2.800235286057515
-1.658807171299154
5.647768397706936
1.184381344115951
-6.923828205816319
-3.2140218356836283
1.0280748787739218
-1.0266866454114223
3.191287108343122
1.0701341871239731
-1.8013351007928389
-2.7092297609428573
0.8229122361293413
-2.9761833467028285
-0.291351952326244
6.507515205846431
1.3678268020120499
-3.4540901831047384
-0.3183785797573567
0.820826625157638
-2.7016061309766695
0.5589998551309872
0.09166561103231462
1.5450267563587199
1.2740336683802707
-0.05917230663903015
0.7687741626215908
-0.33086663153759743
-1.0601237643389607
0.7212939388618422
0.7121689428132989
0.24009025602748824
-0.30439112716471683
-1.104086160664425
1.166400064444679
0.9918514100266967
-0.3354796795668097
-0.7325333708021696
2.1173195033749006
1.1954686135153922
0.41797235963419943
-0.35668991799214017
-1.5567503624576335
0.8289510876803763
0.9469028331684194
1.2282722848998113
0.9518501703735608
0.31302796732027505
0.17481808723434908
1.171784084709768
2.5323259609312117
0.023194363010936025
-0.17277013003994196
5.848667808933112
-0.57961439237933
-2.11013189900071
-1.6880296831284034
1.0344269562448325
1.8097218718228123
-2.212980255441196
4.4969297740855385
-4.335297279702244
0.6458701481577207
1.8505739880925067
-7.274023332148059
0.7913075699462174
3.8900185555167437
-3.2062914201076462
2.1618744222841735
-2.914889035072479
1.37681001481844
5.061132959437204
-2.0248449461033236
-2.5447452448975874
7.164249148975729
-2.628917905287155
-0.2463349208123297
-0.9709269594775757
-1.4298592896545328
-0.7664533425260148
0.48182580160071875
-2.8404746543183417
1.420580431935644
0.836411590127285
-3.1052978908378384
2.3334593585919996
-0.19913834099514044
-0.6764515048013365
-0.6550774058849428
0.6204826159886903
-1.9227098181110684
1.9887653237281018
-5.2159080904379485
7.083957695866617
-1.4946058255846393
3.8365998877980787
3.555839390582018
1.2916390331791594
-11.696076073700693
-1.5623850901971685
0.693369901827308
-0.30645248718166535
-1.3972486427094366
1.5649700855085418
4.059727168367474
-2.1288848118249537
5.26297490628623
1.8396447730638625
-0.45148846483340294
-0.052767288016839296
-1.2948356496021451
-3.0709278102820066
-1.802762329638933
1.4828943511048593
-0.722468900140596
0.31830688548980945
6.493579019810278
-3.8347696029052525
0.4182912609679612
1.3013188538537195
6.977889858574871
0.9887717768471008
-2.1483980324643936
0.22618545583382452
0.9742815393284663
-2.1867022874989193
-4.145927899947063
2.1512681778847167
5.747339205519989
3.8180081955909433
4.637813847112325
-1.08515006487699
-6.864652376405927
0.999898318655086
-3.86897457328439
-5.201525464193373
-1.11308090466688
-7.595781704139136
1.1713965850819352
0.3291180930376278
4.582716143558036
-0.05503837043890485
-0.6702016627780022
8.652249529994023
-3.980043085880546
-6.789634087697606
-5.916181746494957
-1.978744919894003
-2.2911583393329575
6.772366061537162
0.4002556863915973
6.9615061865551775
2.908775558808469
-3.0545688968604496
0.31291909103572
-2.8855019075555695
-2.2291759020458524
1.1494093867305344
-2.288778092268158
7.63706162940724
-1.004964230402716
-3.7003001788749357
-4.122164447184484
4.740154459977195
-5.677756280453318
-3.875643080989555
-2.947049768838847
4.491582308312058
1.1244214946626943
-0.16065656267003642
-0.456257835942287
1.2517355535529282
-0.46751510459575113
-0.5292107318120716
-4.031692744190357
-0.8881979620271055
-2.7239821469871277
3.1223632682868123
0.6592280450734402
2.350630143624464
3.3212318087942965
-0.4917569291086924
0.1159776879548075
1.4820292294929704
1.8979148703005504
4.598975643664167
1.0797071469099853
-0.1311309133340861
0.002129624217569335
4.725413791510594
1.9592103302109067
-0.5178687889244504
-0.3634926191602101
4.938793141741163
10.79179703457806
-5.957953973215822
-4.198963080798409
-2.579836328721648
-0.3888329888220171
4.678208224068602
1.7495227322465485
2.8345932799681557
3.044809579234665
0.21622420656901806
-2.5064797640015137
1.738663052473537
-1.6485825001233103
2.773013725898509
0.3559030103059449
0.5793682218182571
-0.018060731302487486
-3.0584033799975323
0.9764508289743691
2.8075229161641055
1.3657251833217599
1.9815443884727098
2.571948383803238
-4.945944815685295
0.8485659346279726
-3.2610839199870583
0.3633214550986012
1.9352917742517612
-3.7495723022678438
6.340023292688524
-7.191874491658645
-3.655978704946685
-1.1424413144790166
6.4192524183695845
-6.9519288123842005
0.8769831773606964
-1.4947566724837131
4.859678359517301
2.5256838881192367
-1.0860994612696586
8.722930238528576
-4.3701862950629815
-0.17933044619453958
-2.014162223943493
-0.3425056905834241
0.4587498573783472
-1.6220462115822438
1.7682861800089675
4.232693903158042
4.348065865731194
0.05963034082428962
-4.608392804147635
-0.24893776176064614
-3.680732059685475
-1.355666176992621
1.6681224281695504
-0.502485480908388
-1.8848978727678163
-1.1242587803892874
6.878890128947437
2.7009549604705896
-6.300895097327445
-3.427057399322177
-0.6783826965505753
-0.4459600057889318
-1.1651061749729563
-4.446214067973159
-0.641469232595028
5.015811325879139
2.8389831965382104
3.9264732522407897
2.8511527276155397
4.220412262102655
-2.342859919759573
-2.6612218880515566
-0.6706883928587508
-0.9192887439333094
4.6077450860874
5.035287144013057
-5.856820687396515
1.453620381949187
-0.1824253779726928
-0.8705492546691757
-5.3636353322221
1.029518831267246
-5.244018449292483
1.6112530088392982
0.08364472749737926
-0.75351607157613
1.1683623880941507
-0.8382522605601095
0.3086283530403504
-3.334613543361842
-0.7798734102856338
-2.383888390161735
1.1746680688838973
-2.278458727713885
1.8164936866159531
8.65412085209073
6.957323989795849
-2.0263528164385223
-2.381708183102835
-2.1534296991176323
2.5880187759082496
3.450154182472632
-1.3184270958123998
0.07075203775101543
-2.2925363127622838
3.1106504892469955
-0.7916922234278543
-3.788908510164819
1.362070874279545
-1.8918864794233228
2.0804592091920027
1.662228443755387
-1.4853547130793587
0.06915372030148412
0.9651867736251835
0.47298102974979395
0.9099797464728037
-2.069301199834613
0.2341661262617204
0.6373266081353102
1.5038915146670617
-1.5246310122630964
-2.2667193710216766
-0.5612474570228748
0.0017081709932642807
2.5222629592688586
-0.5124326562628709
-3.7534775976737254
-5.3928400854793255
-2.9309132515687786
0.32367261648037177
0.18288958361827812
-0.38473985323608967
-7.854638689773227
-2.9723524370617382
-3.262750126879971
4.207211538412928
1.4894060386127579
9.073803310436011
-0.09283280815962071
-1.7752256992768314
1.7780456593266303
-2.4439708304518315
-0.30818425163636115
-13.040874283915882
-1.2773220187323793
1.4013795881373157
2.515312740210596
-2.6578510024434667
1.649681286357343
0.2813639404989838
7.396221950184037
1.6698988612615677
-9.366266937222587
-2.6962296418439897
0.9761051298221646
0.6939206417630551
-3.883738529379587
-8.497008135364302
0.6854735124240129
-1.5431741078139916
-1.1191876021360108
-0.6789265344549263
-0.6343012081088639
-1.1080071629204988
-0.21489064423843013
-0.13682624737239427
-1.3741018553989082
-1.155457505848392
-0.14350729376560523
-0.8932437602865487
-0.498024244793246
0.2531357707808769
-0.6446722304720013
-0.6802830810611485
-0.2740591535683944
-2.497850999224551
-1.1316726356010496
0.9473065540394039
0.3188450600274951
-0.609204167080521
-0.2618308229806087
1.5408379719318845
0.7046719042776889
0.055028585061883316
-0.5936419316785179
-0.5504816965500189
-0.42091697311077847
-1.6130254205077559
-0.6831168823331353
-0.8191538530560383
1.7807036774815774
-3.8190002708545694
-0.11088289485900796
0.46068360414997916
0.44320041817137856
2.561272680764377
-6.248888128068657
0.3100279816803868
-1.9768334607246858
-0.45196462817151767
-1.5563721106307788
-0.6582065206422141
0.21633518050861902
0.6976210438245343
-2.2261502845854944
-1.1652798865155136
-1.5103667297221393
0.6135900745316558
-0.20907001256334423
0.859475076604801
1.368244031461003
-0.0910631697295883
-0.6415895367823576
-1.9086627338631563
-0.6537899017980151
0.43997775088242785
-0.6351112835863152
4.141850452431934
-0.8642035106416306
1.218175040665456
0.24001760539994016
0.6314042897184099
0.6149292833701566
10.701548953867094
-5.390836483655652
-2.6398804089867753
0.9105562699378751
-9.911943483770578
-9.922909587023096
-3.1849192177043415
-5.131786965599048
-0.9855769699572511
0.07150909962409292
-13.43855971317509
-0.8870240589723137
0.06937134434335263
1.1557642337581042
-0.22143869190644122
2.960872886521849
7.518661055045758
2.572533000369074
1.940533850252895
4.284751302895287
-5.0205517612827135
-4.0018610832173325
-0.11836143946487744
3.1800989969039826
1.663261785518433
5.033644063863038
-3.0994439324188883
-0.47996210856775534
-8.533589177367858
-2.5764175541397676
-5.325868186758975
-0.2162014472534518
-4.576261730506639
9.662645554944474
0.4675473460846078
-1.1285547823911155
4.430577418103233
15.769740785074942
1.2648491301729659
-2.9655064134971996
-5.608002228210826
-2.1234143325246895
-13.83849032134533
-0.5000351443424487
-3.748039231438065
0.9525787856836899
-0.2923639013831241
1.2473343977859723
3.910623206108705
-0.3092389030278256
-5.084015912157135
2.6505053414119737
0.33883320474469353
2.5403617423758553
1.015632414849786
-7.338972107660555
-3.272536654983987
4.026082822647053
3.9107779179781708
-2.4308746900279843
6.911497103546874
2.82743983669233
5.833701531458909
0.11583241380428676
2.1295168994828324
-0.940829263514679
-3.7178028808747223
-1.3735998976088366
6.57411406664648
4.1927511977625755
-1.0821107025531143
5.437998015036476
0.2192721609068295
0.8758448758192428
4.325164926871788
0.7910709451679843
-3.1223883877037517
-3.7585647472802615
-0.3941665547991181
-0.6636217986066778
-5.49612125938418
3.496867313348645
3.986830979650322
-1.346334583245962
1.7651897382264556
-0.2911493486126968
0.33231207005203006
1.1232640726080152
-0.37114146923499575
-2.6836912975903724
-2.87929261340654
-3.4407026740781625
-4.316058085209874
-1.6222918529697103
1.3401729702887486
1.5451907567506735
-3.0693239282446196
-3.855521289555704
0.7725025238982655
-2.4618004801597673
0.6111381291808599
-3.371751492991556
4.4323053267808445
-1.2039828992960568
-1.1513870077188475
-1.1253907158784124
-12.759470800099473
-1.7863132324051323
1.5777037769769826
1.3053607736594004
1.3018099388790771
-3.4843259182247097
-3.4828308434329953
0.5906360068864468
-2.965498634385216
-0.3702598575919819
-1.2983866879115609
4.60699449526971
0.5758187402880984
2.6083551810208743
-0.44991715337724814
12.876829659009637
-2.002376810401906
2.2855123308731216
1.2330118622047415
6.845036282625426
0.2945865534783576
-0.7060604829903319
-0.16808820245317518
0.8915310814547712
0.5008221833356379
-2.3430522682176558
0.4391684015444589
-0.9007707050602961
-0.6694906366379326
-0.6453585103069099
1.8176895891110767
-1.138937628448947
-6.710674412319613
-0.8885136986112184
1.6114981558837682
-1.3912770456815542
0.4908636905380795
1.3135719666227446
-1.6005454586173886
0.4276491572166709
1.1357519751841303
0.9040349693173646
1.7910905002609558
1.8233198834188613
1.0140708605592024
-0.65270423505715
-0.010859986045125105
1.6161701862208895
-0.3691546068978967
1.241402603195936
-0.6855484860255213
0.046475727441124964
0.7613065647866011
-0.9851716044892656
5.387305566530052
6.434874927031649
-2.479663408661511
-1.1992356899158345
4.068865118245397
9.333666466700597
-2.4785558421756857
1.0316777041785177
-0.5200143857402456
0.09520238534659328
-11.052810300354993
-0.1587669311885853
-4.590432225931691
-2.757108614364987
-2.444600204360434
2.99589278804639
-12.971623170037823
2.6265292530139472
1.0899625338100132
-1.633460081788697
-0.4790679384812516
0.7207368476970856
-0.5757796955012939
5.10271751795501
-0.18109627535350245
9.781490908049873
-1.7010505735191548
-3.0975917655193563
-0.45032693522113565
-1.9426243102693599
-2.298021777777311
0.6625273962530311
0.5960385139287346
-1.3793645727617923
-0.4744054020791363
-0.41927130031915316
0.11332898062654757
-2.8886198587548524
-0.9907251584317729
-1.1334128380224844
-0.924373594954781
-0.4642710168211202
-5.054510990100752
0.6638773824481525
-0.6224704639415121
-1.4332244604165776
-0.03772098135878997
-2.3406353763093106
4.512087235708696
-0.9879558858824365
0.36805211076850375
-1.0807296429175233
-0.11193822010925335
0.30426639422815344
0.6834457475411909
-0.10612868886456125
1.2145980119826265
2.357243460500749
2.929686136202143
-0.7823926696737821
-0.381161208446961
-0.5599636794787273
7.753499022073143
0.2854248394748394
-0.9399674126778435
1.3468184521724496
0.8763243642521963
2.4906297347460917
-7.295570769675745
-7.990883163251597
-1.775401349328493
0.26653197193107314
2.2254606557794863
-2.6707058961292667
-12.452291909671676
-0.0890201657981439
2.053110280435331
0.4904695810888523
-0.4734599442002305
1.7594783581061506
-10.852467026694304
-0.5399131575218916
-0.6750426035130359
1.5484289700511686
-0.29115703403106225
-1.2497986529728886
0.7174968686481448
1.6301386880866309
-0.23752094548596775
0.9433464753136767
-1.1859815593786345
1.7696862068021255
-0.02395095201091171
1.628371888013778
-1.202378374258656
-0.5589152609188486
2.5801761276200383
0.6168448447649559
-3.760657113962727
-1.4646361622212216
3.487851248847218
1.8682679695936049
2.4749944765285754
-1.331903417485398
-2.8074047495282897
-0.3769767123172881
-5.074886021315412
-0.3690511770527535
-0.7410683879282915
-2.762959174945134
0.002978519027170868
-0.9387254941426912
5.636101784199315
-0.42984672269060187
-1.3200218033583175
-0.2742734178676868
-1.9921814687258843
0.4274352313994809
-0.1464443318344729
-1.7749465203046535
0.5277445456599776
5.0771445163524085
0.3218966178624783
-2.372398293036646
-4.512366056384651
-1.2239243545518412
5.433720697850785
1.5491802887466284
1.4385639621721193
0.5661671524907914
-4.026297133523114
-0.6184027710858654
5.654183491595991
5.609751251132327
2.495083454766998
1.8267246979334772
-2.24322670675683
0.5741860878012913
-5.736676177169096
-0.11530061321755482
-1.1904332931021142
-3.2129309280151284
-1.4468936265605374
-1.6140110980760738
4.033329232915611
0.7190835192819759
1.986983410471522
-2.6927603235352278
0.636809498337753
-1.0967025868688067
1.585489475501404
1.6876343541265133
-0.02319834181093545
6.267782419354857
-2.2840385727267085
-1.8189427890580367
-1.2531773855950041
2.4120239972936286
4.477878669922283
0.49111373858894236
4.684038434375319
-1.751837750509382
-5.465573107982181
-1.1360314139009047
5.772495569850544
-7.0611355681129275
-1.0548137564104332
0.5892969764267878
-2.207833948364497
-1.2800915911224813
3.267326545259308
-0.32489722416833083
-1.1302220527799167
-0.54738918255747
-0.8216213754180395
-1.2694501275338774
-3.20910749379546
6.121517135843605
3.888119407071874
-3.950087325580854
7.750770315093139
-3.0005535271965593
-1.2780232095684119
-0.3085048995101308
2.287000225324185
-1.3201464770950406
-1.7300653399660706
-2.913374082311957
-7.623427143122906
-2.9784080655301994
0.5437752079713538
0.961743656559408
3.5402174546225265
-0.6154397611195905
-3.7240325235136766
-0.5166885841032288
3.082824569383705
11.686051400578714
-0.8059691540193525
0.6027745769138875
-2.9384511525041286
-0.08994426915193379
4.959058749046153
0.21575758706837525
-1.3281501278297623
-2.2645740391891795
1.6486878784618033
0.2236683816607199
7.534563089277006
-1.8468663713166031
2.765797549322874
6.752604347289841
-5.324209012448299
-0.8679186864289558
1.0187406169713413
-5.618825240267947E-4
1.3431604018788827
-1.0339734402601266
-5.554770379486844
-1.460287356593202
-7.702777819716278
-1.3564680082440077
-6.1330401740808105
-1.125474820609717
7.371624153051818
2.8962873178259287
-9.874885791906108
0.12187555355298994
6.392681747240958
6.542570452634737
4.904349413863324
3.2215068666139532
-3.5117971066484905
0.5471042758229107
-1.6460177683319184
0.32155766011811965
-7.5627208966992026
-3.62942870215533
0.8493154264622513
-4.231332571632796
12.558109780875798
-2.460195318531197
1.5938117896639734
3.628727675979791
-3.0804492858922066
0.2788798680158987
-0.1889254179297693
3.3798783633759903
1.1499824565081997
5.300511920579334
-1.9703463545072295
-4.526040972455793
-8.520530067477441
1.914771877650584
2.3203896183677357
-1.1191854531648928
1.0419339006284192
-0.6738282847428695
0.662412195903704
-1.0456248707736302
-2.717549073613803
-3.613378980792584
-1.7960600551717276
-0.41751302977493543
0.31178828814523185
-1.208410963000902
1.0244533339161412
-0.8217276347580842
-2.003646872158044
-2.9703000794862007
-1.722520713426447
-2.90571993945
-1.6023565669927224
-2.242130416658386
-1.5346678658236579
-0.5476734318778745
-2.4018891971528293
1.0336472950862872
-2.2846167427580717
0.5812493681000052
2.6614837041788055
1.3215681952013323
-1.9458463103928212
2.532575776157977
0.1319377218532188
-1.0117855965078395
2.0003763839115383
1.303037941008913
-2.3587385559652785
-1.308412253146213
-0.4379159153091542
0.5671045761704232
-1.0867776386613488
1.6297744084191568
-0.6072541441020772
-1.4408377367412277
0.6786755635347351
1.1470581943043876
1.8322383156891247
-1.167064019346624
1.2495413495503764
-0.02647144704197013
-3.3733095739791388
1.059628711089172
-1.3513144706150417
1.5281215326948965
-0.2682228494889404
2.346765590837788
-3.3081002025145922
1.8313520248787987
2.979575060452314
-2.5462906322372727
-0.08699237204621116
-3.135503033170779
-0.10520028430775566
-2.911928614729692
-0.07779506826423638
0.8793892423969992
-2.391195369623866
1.9212567913817802
1.3208222591761145
-0.5330535852666456
1.334173248250614
-1.4458081741141493
-0.6927040571787648
0.9114489894117865
4.787425426633838
0.07385748865789278
0.7478462219237185
-0.8529016242018079
-1.6410306191782957
2.3310403821914747
-0.3917460520078178
2.094153563349016
-1.868965094917582
-1.8073279678378724
-1.2456517796574729
-1.3584674777477486
0.4554443978258095
-0.49768357788833645
-0.9537125277156844
-1.7089807672553956
0.6339566463992071
-0.3493980933207548
-1.3614742084267712
1.3572764139498041
-2.1054358274097607
-1.8267065801980853
0.2612497591851987
-1.5290503611834203
-0.17532971445588652
-0.23487197739741245
1.9384574786026925
-0.503885395986577
-1.3968165743460677
-0.7668932190247599
0.6867030479967591
-0.5966050313913475
1.1918493508962982
-0.4903191858024974
0.7935594220614958
-0.7242135905482836
0.6716873765640027
-0.868355697974563
-0.7213994394005536
0.8609297065042179
1.5283314912893144
-1.8863482323482437
2.179872540631862
-0.7384370597533263
-1.2489879219081992
-6.191811368025319
1.9352431473767595
-2.427796880013487
0.3293233338974729
-0.6521155073666016
-0.3023471646928966
2.5675100356950424
1.4552737465323526
-0.6013030555209927
-1.1654236690071853
0.1604193474831399
0.5269664502736894
-3.999953008830266
1.5547242320582706
0.3373707127232633
-0.4806573114225899
-2.5146668515357664
1.5209163002182151
1.404306373622928
-1.1335523221079618
-1.8782144626277897
-2.8113358073153525
2.750801428282391
1.3089599384316073
4.755312287146041
-1.3604684109524459
1.1265149460508403
1.626725042900977
1.9987807619013538
0.7468170975558597
0.4584138826068955
2.7434618856204507
0.7193382749591671
-4.039529263136952
2.6224661567716394
2.3886607779327105
-1.785187545604595
3.4165954929999316
2.670459096723985
-3.4563555414499407
-2.206341057812765
-3.988152900406648
1.2570806343210181
0.985632289605385
4.676903734880682
-2.1389397012485554
-0.06675367978921502
0.19612993659590533
1.7173565801716268
-1.9980458387280438
-0.26032513830318976
0.88852470418249
1.586833235955987
-3.2048728698339635
-0.37611872937022023
0.01483905129860293
-5.288549913378491
-1.5908536097465404
-2.492833340288781
-2.88022377983213
0.5730849007524144
2.500910508882301
-0.7288462937923307
1.9494862628196332
0.2462380265542458
-0.19334713134655776
-1.309341104334497
0.18669395133298805
-2.270429082346501
1.7178083513829008
3.218330314089083
0.38974968171803037
1.7328532057599784
0.16771845357612525
-1.2668962924587954
1.2472929826458101
-2.174585347919577
-0.6641681546591531
0.4271303532263988
-0.34488788541304494
3.3466251073712785
-1.0260696863447885
0.5866652132480651
1.3409295852911334
0.8554032254241869
-4.839989140423918
0.28058281208476554
1.0271755488842047
1.6164927151520374
-0.3114794396039547
0.29992829484887223
0.36271055490463716
-0.511136609462687
-2.127463383938711
-2.314116360276278
4.422582594293359
1.2011029960397872
-2.6553993362145167
-2.5771379862917767
-0.9240597631607321
2.0239178106363243
0.7977995423682047
-4.086219105603129
-1.4222946364111486
0.18659266159595525
2.4201419633536245
-0.38788214033951945
1.7061810445975458
-0.9069472205708364
0.09690890299166138
0.1149652190568942
4.308846326291451
-0.5513159444980709
-2.7269889618175807
-0.924637030362565
2.4162302259604616
2.6277632695076623
1.0605257233991987
0.8884806977974131
1.378809348937457
-3.457554487321286
0.7917017154032322
-0.49234031860875743
1.456004591259319
-1.9621963806471452
0.004901007733138808
0.6979752610077
-1.3308561824806864
0.3872887411174416
-1.249240652930445
-0.36623382334483323
-2.138048337639701
-0.3251321247655808
-0.10851984642031137
-3.378346493352728
1.7898054635557592
-0.44282897831426354
3.089403223957383
-0.5477633414660302
-1.2767192999749508
-0.01508449962480839
-2.292305639583892
-1.0237719058104409
0.025509571468278223
-4.616810930802362
1.9986046434208629
0.30044787788737914
5.451948005455321
3.4080478947571784
3.206493176288787
2.0794234744074136
-2.250247764756879
0.7134487545116738
-0.061139363359472905
1.1690934833877404
-2.511622844448612
-1.0089085701971858
0.01361287422053649
-2.306092880276716
0.8393263518406353
0.7939427071290416
0.9748830029359524
-1.4515063770077155
-0.477044859049546
2.8235699555804827
0.6938053134608981
1.811881502458938
-0.22941268469439446
0.5719236827040857
-1.5798545880771615
-1.2282349912668071
5.801903872973275
3.4251684781475165
-3.270142903548883
-0.582315884989935
1.868580794475508
-1.2745499759162213
-3.1053444492440545
-3.5948253605753644
1.874246686430372
1.8830333050739079
2.419752085256418
-1.5605456116250198
3.9144547096969897
-1.3229706123279488
3.292430477451853
-1.1046144049597644
-1.043610434752603
2.354141165687506
-2.7465639369038084
1.405924924112528
0.29066908522582
1.5405947167467149
-1.1879830562438556
3.486041787740872
0.25444527160456054
0.7480516290873124
0.4562762110429795
-3.406877058595003
-3.1836052870355775
1.782995910629246
-0.5175858279808473
-0.5431877591815808
-1.2037131504321623
0.10977406540200957
-1.0441189475617152
2.0688081452209026
0.27244063775810545
1.5833265848748408
0.7470011693306393
1.924238345566159
2.657220861366734
-2.193336526574399
1.3618985773521313
1.7300551355294211
0.40504019043812756
1.6242686142821308
1.8732422920941512
2.5579765338838705
0.8236532851016444
0.36265671477557576
0.7741782587094513
-0.4828994444279508
-0.5507959879888861
2.931581759512938
-0.7835891906224174
0.39564183540204073
2.3814026298108097
0.41603320768629826
-0.07105963755019995
1.3580332533285422
0.2936024519621367
1.630144411758193
1.4294528738713892
1.025896153614338
0.8121746493236807
0.01374733492711634
-1.212331297084249
0.6726525816768971
-0.41658733553819405
0.11495243610886378
0.8480275426727382
-0.10861194865307336
0.796192055469604
1.278922951452858
0.6947119621058861
1.4461631063637115
1.3329375440605225
0.30902199013555337
1.16769899551972
-0.45695231070571385
-0.27501131315332605
-0.14276809274265886
-0.572103217921117
1.588654352514645
1.2297482565291438
1.1505124958111341
0.6315908674155848
-1.45351280891019
1.4833173777513124
0.3978163726334468
0.6400931717278376
2.371474976825146
-0.9421726667050312
1.5312680162154362
-0.7114451828336341
-1.3737406412910682
2.23508546847
-1.6070692362509988
1.9816679995167406
1.2067677740296725
-0.6200969261250352
4.720954624731436
-3.9864300311780085
-1.364316074447207
0.19575594089390058
-3.379790945949329
-4.5508899255113064
-1.7369541845476066
2.6395933182103053
3.422857125324864
1.2724466595084414
0.11250818200857354
0.6515120092621575
-0.08543332989151407
-1.1337412963678137
-1.3098168095693459
0.14226611613808077
3.404793132021967
2.6002617503593957
-3.5819917839860635
1.6851543261567166
3.8438797085007375
-0.7334472860230247
0.09356705873599984
0.8373710441398815
-1.8140352889253943
-0.32516643678929225
0.7674173623966664
-0.0930168770727017
2.7446195904768897
3.1084164489786823
-2.436338925524443
1.869281448202673
-2.4540377174347063
1.9016019039334096
-3.8830486667260558
-2.481140072823328
3.419227604725232
3.511011492059502
-5.360192985801937
-3.8741473216471674
-2.495940785351739
-1.9632738372896599
-1.429669363422581
-0.053808643314045584
-1.3253905573878817
2.3783314044804813
-1.3861364555659437
1.0497316036206377
-6.145585496796122
0.30069271909800926
2.0800653805253724
-1.870651757315445
2.617226200528791
-2.42525051103751
-1.5626132579596586
-0.09996335997291982
4.394698832627167
-3.1458355399747453
-0.5278031346426109
3.0415291370466524
0.7097085495425147
-3.76136552552306
-2.2379231965900583
-1.0805513590485623
1.8402161043935492
1.3562080292505785
0.03426590278544034
-0.24525605523863292
4.153176756692443
-3.066449770803258
0.9771796289867885
0.30053455718501765
-1.3203395587657392
0.1701674531493982
3.66390445134084
-3.530721410452277
1.6842975141822747
3.457487596347006
-0.8816625850300714
-0.8825235976969894
0.8604661261484311
1.2340878143638125
1.819104088664099
2.200260242736555
-1.64699442386386
1.438004294436588
3.9927277017059066
-0.7777287610311263
-2.6775869178864147
-0.707176709059344
2.11587447516568
-1.8050169294301506
1.9970511366956722
-1.5167231398395793
-0.9052011128457731
-0.5155939381184113
-0.8135921995325887
2.0950756467887373
0.8706362164175705
-2.172110562329896
1.2305767157218712
3.6681389104209403
-0.915602596915116
0.11413072430178722
-1.532110224753153
0.42973465636150016
0.1050681781585842
0.31834539222692687
2.183373809511493
0.7983256278406792
2.6536873929700384
-3.2153189999684417
-0.908796222625566
3.4640653254667653
1.4809516669743026
0.9604653774289706
0.2350292380016195
1.6978214196461707
4.174485072501235
2.6672060402860223
-1.0583116685168994
-3.411025340382762
0.42687452190511377
0.6545821120597121
1.363765094698571
-1.3170596017846532
-2.47408382103339
1.053215331196296
2.0151440559690235
2.881980418590526
-0.15231728980077255
0.3557286212029175
-1.383574946968882
0.09641121483185536
-0.808314149439322
-2.1796953932700727
2.4510773740263514
-0.6101102173434466
3.051910529472712
-4.28514837827437
1.094068593998635
-1.3101308923157036
1.0258873129110624
-0.8006225790943742
-1.9212248932600728
2.646886545930664
0.4681257543318637
-0.8160504730707692
0.7612701294512902
-2.0069468401247086
1.0383913023829279
-0.8189423344127744
-0.4900149806620577
-0.29631230172701156
-0.33056940352510744
1.4395839058928424
-0.5392012922554622
-2.0123299059391133
3.7270183926122615
-5.251602157911599
-0.27950736739708576
-2.2253082844588614
0.7274425187620933
-0.2509709967865767
0.2210594034833732
0.8191127509879562
1.5261249998010948
-0.7010662886976938
9.029800207599843
-1.363431037296978
-6.823835416423459
-0.530568297979585
5.930093673454261
0.17811514161050995
-4.0881277682336234
-5.940267890723928
-1.3317074723950737
-2.5977059596738026
-3.761449168611611
2.1174417737788476
5.397822517496243
0.5359293285839022
1.0274761319768244
-2.999131309985664
1.1943482565421226
0.10669342814357435
3.399742883537399
-5.209829895890354
2.3494914728526703
0.7800537096204726
-3.453562791438885
-1.6586811225954885
0.9799065051175744
-3.9703306986279037
-1.907052806576376
0.03687758100483634
3.1577426235937134
-5.807367952346513
5.541482812570143
0.3283198446906644
-1.3737061275123057
-1.0152886282748022
-0.754054932940348
4.865198024840499
-4.382157999143275
-4.5819746616013415
-7.204141636888903
-4.079104028140027
-2.1200765387616793
0.961906729278209
-5.346416721680044
1.8358177006504681
1.3584678659808898
-0.175231236499185
-0.268757487308988
3.750531588585262
-1.4210539613828794
-1.370599152852356
-0.6074842002129953
-4.161148507082825
0.0015313538989121616
7.646721007795759
-1.7862358975831836
-0.5862003581844965
-4.586461043174655
-1.8646582157151468
-0.784904344411692
0.9051066819602724
0.1635670761121332
5.304710980652798
0.2843834967959226
1.2359619669312152
2.086148717957647
0.05055477662033388
0.6926677498439083
-0.11824595494676891
0.4477734846385097
-11.492177294135907
0.4052044101373756
3.6699194313883803
4.539544408941914
-4.66697416638575
0.5172588736448671
-0.3595192824742305
-1.7459637137768087
-4.851077211013988
-8.303010775023147
1.3173946546062005
-1.926526239327115
2.47077169249311
-0.7834604955564267
2.9908264485533675
-2.0186661113685105
-4.046032422941973
3.72136320585212
-4.032541904370643
1.6042587943816804
3.7461714607814924
6.074187343310045
1.464505155742767
-6.068198259484089
2.5662473779281574
-2.886308531342748
-0.2341007164307234
-4.241616102092571
-0.5189574454854938
-4.425838672916532
-5.829215948704695
2.288830778785068
5.604322818027618
0.9785334294059155
5.942035889560889
-0.03544509402172755
5.081720458148577
2.311269853097713
-2.6833030826384863
-1.004057199267282
-0.9793766666528134
2.2626905891808247
-6.294001798515268
-2.1411285969195855
-5.918626279416201
2.0598433282903623
-0.605472207487148
3.2612228523333795
-3.6055310042779363
-0.847609182705641
-3.839912699051607
-4.113820254323616
0.6351337516691735
0.4870201906640787
-7.246744994897484
7.217859031116391
-0.8626851769923337
-1.6004290483454515
6.205538819417566
0.41365196642584795
-5.330219238788576
0.4009519546201198
-2.7816282115836963
-3.694847422254079
-0.09524110193858806
3.0983763839270377
-5.636256784052146
0.06820569128045408
1.130876005742068
2.291231932689056
-1.9573019271831726
5.083316013650248
3.551972738310105
4.859264962680453
3.1626956229427354
7.424701826994064
-1.9090589430066789
6.345488566021471
-0.5328448592235315
0.002342628882001482
-1.3000614432328101
-1.2361172672220808
0.11844490506820636
-5.734167443760271
-1.3078879575498568
2.5842204175518373
-5.62449543735132
6.814964295467915
-0.4442449743595683
-4.905848541165939
-3.9469135834139504
4.266922999609984
0.6163797655124966
2.759205235191709
-2.338407278229792
-5.067986452526208
-2.0071529165907225
3.290524053425292
-7.481440006084269
-1.4204152897295326
5.89592704915704
-0.31879190773066424
4.9042260494276295
0.3247471672263634
6.026852072979496
-0.06749886112347077
2.4383524031873165
-4.876625322954474
-4.256819657987937
-7.542405271732888
-0.3184639092816568
0.6136922515761809
-3.3838436859937553
-3.4472774751294875
3.1147124393769863
2.4469988834894183
-0.5974241891052848
-4.029639707728557
-3.7320895925223136
4.03402106492806
4.2920682762473525
-1.4384912556441247
-1.5508076083404085
3.7960619252717134
-2.565460957049903
5.121615714031081
0.7964632877930147
-7.338441549419037
-4.236600266007223
2.2514770943028153
-0.8673784306710819
2.738859863400302
-0.18971700868969502
-0.757070383731305
-1.713788943916066
0.9772723724392655
-5.2328093044358
-2.264684541428901
7.42644284212123
1.0883629189580382
-0.20211538241681784
-0.23582647615912194
-0.8968787415413373
-2.6231983030545445
0.5103179009247057
-1.2176160162455762
-0.9850520469307821
-0.3419638830371359
0.6575049117451003
0.7705167857811582
-2.8390065055298623
4.7469869612298545
-0.46221481209677384
-5.027166616903035
0.3944508300251949
-0.7699389769458641
-1.8145265155590826
1.1922195608413602
0.9550949306001579
1.1998905676826221
-1.300893793007054
1.1511733328129874
1.1962362629893721
-2.107653768995957
-0.2400815001040295
-0.616943636172821
1.752214168049644
2.2481925214519305
5.791975159429573
-0.03809756144420368
-0.23923094496885092
-2.7983082122316256
3.325739867345529
2.5421242575936596
-2.055500808209167
1.2736181804281823
6.148314709798404
-1.2707367112381693
0.8235203049533342
-1.9051160567364327
1.7192529211947343
0.585599552919466
-2.7086036311719868
3.818237677619846
-7.286457506638102
-2.079278568113717
5.482724795131813
-3.0530271271793
1.5272708655006555
3.8318522985226644
-1.4989407352475184
1.7082533882089095
-0.10719714915218535
-0.41817199846919156
5.058508683998566
-4.106626374439888
0.45351162291274993
7.421190496616344
-3.6739247937559774
-0.7378223141454827
1.7091763888480755
-0.5565894193675051
-0.4185787065230723
2.8732007889644624
-5.293755234132966
1.4063659843052077
4.831739520135458
-1.3383149090742943
0.26063096666411284
0.11955910124801514
2.995191716922638
-2.1057102700058676
0.5282181015489223
-1.8894169930202618
1.6276969993969126
-3.908319342193943
9.01486943093099
-2.4385348175450567
5.5287228377794175
3.6161187366331933
-0.8071795015706038
-11.413697378226754
1.2306635713573775
2.7192079058606176
-4.313255362117261
0.5100365264816722
1.6143492560108457
6.371506210735684
0.3854079483748818
6.420939079035242
3.8769611879107706
1.8545183423765583
0.16460649377963762
0.6677823357209232
-1.654352492954347
-5.88012713391056
2.01393400124946
-0.5709280413755823
-1.8957342812374915
6.841097410841578
-4.245610599491082
0.6503212431381732
1.5258343731059543
6.346914522176513
1.4249923137322895
-3.384207824917187
-2.6730856061423456
0.2752789118244031
-1.1879512479777157
-4.92394791799915
2.573455905360034
6.185734238684643
4.656920421663451
4.4978830639424645
-0.036593996318039654
-8.2982931401144
1.4347088445221465
-4.774329581787754
-5.162429014692812
-1.9086893814065387
-7.343451814540748
1.1167828149903014
-0.5193113267016982
3.4768006722880114
-0.8575559781567589
-0.6650849425468008
8.668847635252465
-1.2867826155016548
-8.92485560244102
-5.864268499968601
-1.6554677105882611
-1.2025046999268036
6.879424915984908
-0.6789618886157581
10.630207691008275
0.06849199289153597
-3.1734978014701976
-4.137571024462465
-1.417260561139243
-1.5027870282974136
0.12185989398058572
-0.718165308785425
7.344886360437248
1.0919619956787219
-3.8089783554147467
-4.314747466139184
3.8648013187803625
-6.304428793551635
-1.4630627186623655
-2.7658391217327867
4.536431740869808
1.753630886776931
-1.3645664263057224
2.2194978241131595
1.187664852083346
-1.1719813048002976
-4.2703577796340895
0.8753004425003619
0.9734560249032278
-1.900108308742139
3.364427549394133
0.6482870383291852
1.5465016607432087
3.3224202933589058
-1.3841485195297687
0.8409173364702435
2.7468290878462
-0.4010734675174272
4.6654888811652295
0.7903056302120971
1.3468092933386877
-0.481934842115716
6.8932821851868935
-3.5764249064516767
-2.2492091297421
-1.2853458894325127
5.463700659242375
10.763376633345096
-4.490694649540043
-3.520129084926716
2.2459041764644043
7.708998640569706
4.6763060957326665
1.6204712817164202
1.1800430095655903
4.236443276062817
0.610711696175664
-6.18145447548553
0.2101906673545324
1.371397431588001
4.402550738296585
1.8636900603128743
0.5216102209226714
-0.4195716965543535
2.4384405734166146
-2.1216851723420884
2.3613444869486884
2.901319489432303
0.25854503725167083
6.037590714738246
-4.591113096850919
1.2158087165616647
-1.9839655458213392
-1.510355130288031
-2.0756280570636716
-5.8644593301175805
6.277795638115775
-7.157937035899762
-2.3198637229165375
-0.9642879230847459
3.8012802831204233
-5.707965140896976
4.625190945238317
-3.1581609708116636
4.8569280763493685
-4.058174143486215
-1.7684822859016194
8.8150243565663
-4.90768747199444
-2.056751315277084
2.6702891459069145
-4.639134928464185
-2.464012004933544
1.2385831354753791
-0.6330783802340271
4.2367325201182995
5.277435782689463
-0.2875934798512449
-4.642243192386104
-0.007236590085660038
-3.1702578117395106
-6.844870424761014
1.3950491591714882
-0.3651692212252758
-6.626749842097503
-1.4746966238619619
8.080174135815923
1.2043646711230422
-5.811004417349087
-0.7359776189166201
-0.8347913992335828
-0.3442970408278685
-0.3050811423909269
-5.871219536018405
-0.74477531003242
5.527854812612105
2.832330680755555
6.6387658155024525
2.3230449932102135
4.065110746074609
-1.3408370509550542
-2.7667387927327374
-5.286529068973695
1.1102940335327365
4.495062209366839
0.7803552622986297
-10.02006311758721
1.6741389689255206
-0.22328637010385655
0.026005441471201034
-5.45544194443081
2.9327124681842616
-5.9229008285625175
1.6886057598523179
-0.42895230254721967
2.560433971104374
-3.979401255130271
-2.0022084900126895
-2.140390802777483
-6.94257864095692
0.004394023592055449
-0.6815096490632756
1.6603902634626266
-1.909167120754079
1.3374826429000086
8.86317305620968
6.96962482803713
0.40084725009065725
-2.386714562755087
-3.468267223441019
2.8465286666765093
1.905558558281403
-0.10401467303820919
0.9060163919176687
0.4549310558156352
-0.8934068441121057
-4.1961333603242625
-5.703211683297713
-0.0742741010153098
-1.877532455374608
2.8537565939046186
1.7028657815893038
-0.3688018563848303
-1.055040247492962
-0.05833524603517023
2.1421147215268714
2.5269792006824146
-0.7251433205360357
-0.845173711741094
0.1807316905917343
4.487240884257584
0.3583395767797576
-2.365070185868058
-0.8419791985133329
-0.18078716759021476
1.74478626290377
-0.6610156428016836
-3.358807800590868
-10.123447959477952
2.247735406142036
-10.652168994904327
-6.3885556505153
-6.63896375172226
5.420787251403363
-6.368751512344347
3.534018476732069
-0.017658018745097332
2.897079859937192
-1.1114057307278746
-4.949824250487806
17.205830553635316
1.7473779711649364
-3.510191434280866
5.651777206500368
-5.1458947789309
-1.0720930699380697
1.707164706001269
12.2704901375035
3.323940198547938
-8.158512143924547
-3.023968564184749
6.447987443955395
0.5214555939502433
5.908386924896397
-3.8904871000783294
-1.9228552386925053
-1.7320966760604868
5.317854024087302
8.298690843545078
5.329064238370464
5.400673645726421
0.0021550158142044154
-5.137333330825071
3.2847070447757365
0.04149396944178065
6.071454466752924
2.763358563105854
4.640803036448473
-7.17827435803885
3.8693636440302317
1.8785421039495411
-5.871303847917929
-5.3017086050592495
0.22005601506096636
4.352497204103254
15.970690396358924
-2.8546082443785963
0.7809958509623635
2.539058134829552
-6.678559787453653
-1.7838376582563191
-3.7704310426595
5.136707647122158
-2.2022818108982696
-4.689565999036682
1.486144111422192
-1.3336134699821314
2.464610074434142
2.7194090789932366
-0.4562579299967386
2.374468668588913
-4.951121032488608
9.660028567928306
4.157323555776308
3.834662225970307
-3.9297086391039002
2.592440333340409
-5.816198252458471
0.7069681868982759
4.352663657256464
-1.2596163374712024
-1.1955111581316844
3.034885494213579
-1.2851305381523555
-0.8975966792979221
6.728752030114506
-1.8612297706043677
-7.932240592762809
-3.078221778542543
1.2542261468471199
-1.0607952326127945
-0.14638737398463578
-8.644488333506144
-2.2640940609281257
3.9505041844648816
2.2326124590236387
1.072940231936194
-2.615546697351982
3.077533985272618
-13.39142226662427
3.554253934196408
-0.2053178856950554
0.7502235229926495
7.42220140244644
0.250489472263166
0.42542186624533984
1.1202128646179657
0.9144948400305617
0.7742992682379881
0.8854534344507247
-0.14706382297816745
-0.4335946434882343
-1.8878056163484793
0.0997140116477704
0.616749804167034
0.025150310446607402
0.7708338532716775
0.7689667555762492
1.2671071480293936
1.425389960720996
1.4521469843457948
1.7406756676099853
-0.22106987877138154
0.8806613439969367
1.3760749735442253
-0.10414872625681333
-0.7481425558818977
-0.010456620576022018
0.47990259368649174
-1.5722912667588327
0.40064994241057533
1.2525590686745678
0.42430904172156464
-0.9099419291655524
1.2316233467346474
0.7648988101514277
-1.5557334706034758
0.9902529496666418
-1.0612623691629826
2.3073872095234336
0.7701230558636558
0.3522229362775552
0.4007712886770891
-0.42148918608239205
0.421333853026542
0.08663066879031403
0.3367474634990468
-2.904529268246932
-1.1614171689730723
-0.7459261975109419
-0.6609438664193847
-1.9417859339758736
-2.3478958604693605
-0.5272969587405218
-1.245920955944712
-0.693765364018046
0.9168704030915422
-0.9161542978712984
1.4149272629665521
0.8831028381456794
-2.5872570489363476
-1.146294269469753
-0.012571121438541019
-2.1179551320627574
-1.2515177912970983
-1.562219056126327
-3.438738695856767
0.9972455185624377
-10.485873778450694
-5.369647767541604
-12.173521223462897
-6.215312988502304
0.11989616213764387
1.2173106395887223
-4.955168382719216
15.360747453860698
0.028307202874525525
1.1254670055708629
-0.23916041114502454
3.5262380397040904
0.3134564593563242
-0.40112361270315605
2.9649277089788253
-9.434028371761409
4.5563198571219745
-2.932244080064673
1.7406142256185764
10.65888245917975
-5.468766048995364
-4.4045043354849955
-16.1335359017327
10.532798372437938
-5.113341422648095
-5.815345460339071
0.8556658684434175
-2.232764354101015
5.614511374828142
4.605837360592063
3.9063079237979976
4.837863770990391
4.261410677951013
2.8047149541018572
0.15798644780121626
-1.7654237087667457
0.471770055225439
-0.06644064926824808
-1.6638581520428934
4.230040045191042
-2.064298407905895
1.0045513227355147
-0.4177226684618388
-0.06120737145127616
2.2186382773543833
5.618618888893569
2.240195709206944
4.301025967901982
-0.8585930295001609
0.4085777168737309
-0.41636785534809484
1.6458250446899807
3.280544231960027
1.3220898928604843
-7.612690791405178
-0.3999328883057673
-2.665215241684775
1.9630014687617037
-0.8493675463160983
0.6714477080199022
0.7928583770728418
-1.5559978967832897
1.4005835749544413
2.3595666994594544
-5.759913062435053
-10.772028485291196
2.01187880184832
3.196724561451274
-4.602069671802608
7.364095930611169
8.435509302050368
-7.967122870172395
-11.416876462216596
1.0307315906597467
1.7276849626900008
-4.126171003058867
5.525018785500575
-12.774392644106427
-11.831283218609395
15.252621183671781
-9.313362500518863
8.109135435870776
-6.645200197495252
-0.848966376695591
-6.272466893583013
-0.2632930099013341
5.6416418219296975
-4.9826422737397955
11.66733813144378
-4.491933143108349
-0.31302580847977185
-0.6642115606049341
-3.000532074448468
-1.6847974793497686
-2.6734700444530892
3.6146427636273812
2.388330087818912
2.375073438812868
3.8512566894831126
-1.0424822401505116
0.7647532499496281
-6.604307717077348
3.041431813914315
-9.188098751530767
7.234766986133551
-1.8509337220744044
6.9156633316130955
4.1490107608802616
-6.340185998903636
-4.944504618230852
-6.281266615119583
-7.74571579050518
-1.9180738211054644
4.037034008512207
1.8205817105237005
2.7399662519161647
-1.9021511110874814
4.068392369257772
10.182276784899827
8.9138694011513
0.3172674456781089
-1.387140421780126
0.8661332383367228
-17.903259853710853
2.4837822145141217
7.049780633273627
-1.0262514568890775
-8.396225130786314
11.65315474549035
7.0265177050184935
3.103363445819816
-5.014359914424465
0.4352575996851314
5.310355920530314
-5.8582883916150585
1.4718922964223935
6.5823498841624195
0.2925923152256668
-1.7276902209205136
-0.5335147803324307
3.6815197731478944
-15.690337862583412
-3.672482800215462
-6.124924111643371
0.1300842949629742
-2.144121122635085
-2.1654579470816624
6.835915401205025
-8.472964499543435
-2.3579829876841183
-3.0903483663441644
4.95653533849552
0.14293392183576423
-3.8668523088001243
3.146164840735013
-7.308636320108988
2.510674127094762
3.932843478776322
-0.220916191747565
-4.20671993616293
-0.9913089956715697
-3.0873882327820925
4.192356179461529
-0.026764370825806703
0.1034531521006474
0.35104813430234116
-1.0043555368685504
3.1428813395458364
3.180236478262223
-2.5553078831478335
-0.6168344338451376
3.6785431895627023
-14.946928076778422
1.1084168635897629
-0.47636870855205515
-3.8220770374050193
0.5362947169603849
-1.9209373383693524
-0.9191329050669529
-11.524829933136875
-2.994834160703552
0.41191091925730544
-5.127538897647739
6.484800940503713
2.701071001793539
0.8042228643166541
1.991950621411877
1.1134619008898416
-1.4797235513020306
0.6473275614019435
-2.1960439531724307
0.8204583983314271
-12.18558588010063
-6.874622444713589
-4.223842190956324
-0.8165899791215024
0.014384152437033245
-2.1772866918943174
0.28453538424808955
6.2924344451831375
3.6051742547060313
0.37646703976698326
4.792538042273041
5.282215662206885
-7.370916703126132
-4.124119006949869
-1.2574312597044683
4.837070650627594
1.9344712030060085
-0.6021973326627105
2.6548561828826336
2.8068863874747336
-10.640106080838262
-0.377770678619531
0.17341388126755328
14.486743170729952
-2.4357514535718434
-2.009927765777236
2.017810069739955
-3.2408935157643888
3.296889669646655
8.248479912853256
1.0735107432293909
-10.072170171862467
-2.8951045048289115
-1.0912788329160885
-2.9112420709893674
3.77603218065047
2.506512122813399
-1.8729341843209326
0.7664867841124716
2.433951464759781
-3.1090319432546054
1.180793979013576
0.9853870267307162
-4.393806074418069
1.2160086820000786
-8.946882891833265
0.37478007620900367
2.8517821239794654
1.3604809724444564
-0.8423854913782322
-0.3566619530008263
-3.2965982461099066
-5.851959273662627
-1.5595079712616666
1.1628562467261752
-1.8098241068726528
3.750355674227918
-3.7518428641304746
-1.3735254767474743
-2.2004739664489685
2.282409776837275
-0.14172471460570724
0.8564476096774349
5.595368738653457
-3.0942633198764056
-0.8362304097777323
-4.5969295954512415
-1.1406107467306514
-0.40333642267456266
-0.036305604623602175
-0.16783614742706207
-0.11442473924100492
-0.1495390657938139
-1.9509882181205551
-0.45140670672022865
-1.4891562231319475
-2.89893692762986
4.37628095158944
-0.9474048242160696
0.43264420794254715
-2.992929319727256
-0.5068893282610318
-0.9881189324050815
-0.446425102137939
-1.1542246669610845
-2.8147017940574703
-0.28151416669717105
0.2962620530926324
-2.106778907199807
-3.648772522953827
-0.6848320507772487
-2.0605105051323234
-1.2658674341170952
1.4988377963718282
-2.610484288921013
-0.17832840795455637
-4.354608468207163
-7.812429047087495
7.741826502122325
2.9471705721153354
-1.64232806537148
3.1797016376013794
-1.5922731955268523
-6.074605149491419
-2.4884530629771495
-1.934009198141034
0.4808280375984625
5.602612519435582
15.813762791083219
2.1971346169251924
-3.0266478819834925
4.650362165418482
-6.978760591073841
4.005794527714477
-5.780541171914276
6.456150595896792
4.6431505466658
-4.245625287356348
-5.1091480783183485
-1.8101406661172241
2.8542795680490833
13.683205820054237
-2.7724244198861316
1.3570619850877086
-6.706520195487789
-5.56087490175068
-6.6213822599656025
7.969959450028495
18.48034550519961
-5.218295647759928
-2.137691286536471
-2.6927251047555516
3.0931392685529757
5.0130899212518
1.0489186201280876
4.210689022654506
-4.735497468983047
-0.971044746162199
-0.3533814260338185
-5.478084264124963
-9.976155005968527
-6.990716964899385
5.556241015774839
1.1763568097705648
-1.9712662040227016
-1.9572003732683267
-1.008630165738488
-0.35730011671765743
0.8863154675918778
-6.505208848540048
-5.789830039045574
-6.9385309877030314
-4.41268574739383
7.433411607406833
-2.8360704865582145
-0.39475846119399327
-2.2698153322915684
0.4733282436992682
0.14050375787333233
2.4139496827187195
-0.8962796443678048
-2.65434986931616
-2.0098931879632627
3.2834398631076236
0.5996878831862863
3.97534187471761
0.5492571929043928
-3.602641897331936
-0.172584190991201
-1.0132031243453328
0.7181793932700402
1.4810911020297082
-0.5207865829946589
-1.8849716938489007
-5.134852003347911
-0.9438061973804363
