24.536847487968505
-10.76254345555995
13.987248941138196
-2.9204890293167387
-10.25475429405628
-11.426060423902904
3.0361524355556955
4.977642777721602
-14.750291734958001
-2.812957716490735
-18.39656874451158
-2.180769119066777
3.796776583085054
-2.098700689154774
16.142174196212583
4.393382183687099
-8.18818292493931
-3.872501965033445
1.8312470174160231
-6.555804324960577
-18.171030669041212
21.782216429200563
7.395450781615837
-2.35192915673037
-2.9199584540694605
-15.705994606973437
-13.663041342183941
13.511026700494684
-2.9403542925068056
1.0779289390246816
11.2027543118212
-13.54593676012573
-4.578291058395382
20.301746120150572
-1.9245549598088365
-0.3930637392912495
11.24234953454894
15.503362243986512
5.951554676373744
-24.93358630517702
0.4677050512480823
-41.53584334974778
-10.231091869937803
11.800644138410885
6.067473348985186
3.066131699826344
-8.16274891574509
-2.988434447886258
9.422249476973475
6.558791350775614
4.4167580591074005
11.831462286256667
1.860136890589806
-16.942885341950067
-2.4177651676079437
19.31193580720211
0.012161499134606709
-9.056275274920171
-1.2091839212020585
-8.845634772896899
0.7283864436522808
-4.131347504623499
-10.123905539716148
-13.089024266184301
-22.103266133459297
-25.663695827811498
-12.957256296868382
-27.88504012114301
10.601446778873195
-8.898653855988767
-2.4574338359955266
5.950216785970628
4.500826358296732
-6.209535654853907
-9.692321750349443
-3.5666960695171133
-3.84067326670904
0.44817539528103556
9.253987860826268
19.614692578218158
-12.907766794018915
7.111431955471372
1.66112387576034
-3.756060416156351
-0.4972677751876443
6.980546364971437
-6.30142133093989
-4.7771068699811785
-1.332757826963706
-7.71986200521175
0.8148095453372001
-24.344259933245475
26.733420693622225
2.6576011586801505
-7.159829877133573
-8.193180654736414
-6.726196603140103
23.92295741264393
-8.267819314322297
0.3712237611863507
13.549497060094074
6.566141782153411
-7.771917179806856
-9.827693501590678
-24.399190257445568
3.038103273871099
4.505676688879298
0.3665554630134179
-4.4417674757477315
-17.114498808034657
-2.483018438270394
-9.956585563201529
2.4312391516083003
-22.40232473786779
1.739536000806235
3.719229626886795
-17.44513148215078
4.919276119258236
2.935881983768459
-12.012747536759333
3.458238059238046
3.603988834532385
11.45622172636078
2.851664306965053
7.743986183785461
11.699000848403012
2.5136286020557153
14.389439247105237
2.485548660531577
8.619283896773496
-22.558782319421233
8.988465084602145
-3.6253742008454246
3.1503804837069027
-5.666175023443933
9.892798061691755
11.422160685429512
-1.7748559360533525
14.207902568696097
-2.6214928210253583
-15.68346490046974
15.041952348578514
2.1698177065962185
2.0123605632657804
3.816872957897038
6.210445199319468
-11.045043376678066
0.7394167472387951
4.965514829623391
-6.736037638042717
-12.019359535210809
12.266734254552269
-18.724512366416004
-7.202995033504454
6.915385592380179
0.6690354423746029
10.07418160248936
-40.903262105743174
0.865636326616832
-5.707439509746912
11.783644912820554
-4.169364893856337
0.3321970496122541
16.19052149057311
-9.467534924349339
19.213635301970605
-14.320392178540775
-2.2501641575956
-0.7975992742289715
3.262914567617658
-0.4625787889545912
-18.84873849477828
-20.38932245621501
5.871826190244758
16.47944244185615
-11.9653949600622
-20.58256147140978
-10.900209779897628
1.9601333054510222
-8.991495830635076
2.9909504295497316
1.824817085542881
10.646326328449964
8.986606454281896
-17.90773046227556
0.631976028110447
3.7501192642838532
-19.049939842358718
11.518682079614964
2.9675012567149808
19.678819127560455
-16.386282907993422
-6.02881790865767
-2.35951220233624
-2.6251862933607693
5.07107485613166
4.423130468561067
-18.19268561767052
-10.395014819308422
7.614428626864146
-6.30706323513866
-7.765268453415551
14.310163958748502
4.251112816819284
-3.963136671413206
-34.45611472362791
15.205755764520067
-7.595829950539196
-5.6453200143554465
12.229461889385949
-4.126722547001778
1.3696761700631361
16.54327248926024
-15.819141116336725
-12.23315425982948
-5.424026575946538
3.132345488118914
-6.3373307986947305
-22.514721773131043
4.457490120340962
-17.202171844922685
-9.835207417857164
1.0473211132025322
25.968396857146594
5.499680936508261
-26.302176794168595
20.35502496028424
-9.645036236018683
6.228640597397246
1.2001324976450858
10.546617592050907
1.4099671159033467
-12.66235523743463
0.8919966926323121
2.5239057336674
3.5985801579709062
4.913613002307346
12.290038658095535
-3.470341001088204
2.332153494682212
5.285774341643007
28.79188757489132
-1.8871358094228468
-9.5229945353574
-12.382310879263743
-5.492980876775658
-5.297626002828066
-16.1649568367493
23.05581255296511
-11.158997697214875
-1.7535138053153831
2.249942515580406
-3.4300356174665794
-12.827204312760845
-17.48029385869494
-3.9357604729996547
-23.960547297181495
-7.8808136791728485
-19.15936603895172
0.2061725539206042
-18.756629370890312
-14.378209037441733
9.856764660988265
-24.340479742236866
-11.15878430487877
6.650155442823789
-1.0109112580352346
19.419649986968732
-17.285621871281432
-33.17308673776102
-30.67046673725511
-0.9618172931213012
1.5888271664238722
7.616913167826769
16.673727658409845
-1.0868241347437626
5.586940213453084
-2.7503881436539057
-4.636058411908133
-2.3799183828518933
-5.144704884952598
3.296960586116617
-5.762213253129752
-1.4495029925460887
7.041684013691011
6.75283596110202
2.543280996398512
-6.018578978020868
1.0528384599903184
-0.7201265410320438
-9.182781661982672
-3.0392361926385822
1.126363431082035
4.597473345146344
10.08291993008651
1.525445120653876
-5.62681484957748
10.870934948450847
-5.790637996285112
9.111110766327771
-12.810102011473997
10.431673437991456
-15.038573798801567
-12.950181986076345
8.35151682523295
-10.247616577864143
-0.707461425756528
6.248346308709369
-26.484764043308854
5.08290954955227
16.810064124927575
5.0858256119267
-10.334318644099103
8.703964212306072
0.005497716461892836
4.143973107960521
-11.736775944427844
-5.332395439673869
9.643614586600911
5.69954653792409
-9.26653111850347
-5.6229386431984345
6.740536300221384
-8.53250886664228
8.240926693734362
-17.775901530797103
-9.331638473382297
-12.18597480634272
-2.306676567455229
-1.3089839971940522
10.041972442868241
4.735625294691752
10.112131202184017
9.362546471759012
10.793899125198127
-12.459148551973058
8.229365530307692
-6.64872845852288
8.007437150750844
4.9131690091621225
2.926909287122687
-4.753864878969443
8.682571792384483
-3.6627118982342326
-11.157929136570056
-16.388018720653488
-7.197459434821778
2.6101390019604507
10.132973506479171
-4.2294557095979926
12.967248665919957
13.698936587815425
2.463725146193169
-4.594648319229977
-13.618873460810498
10.621242570123039
-21.48855026649455
-8.548530792238903
-2.0706999858138375
-5.052812931750181
5.894681780517587
-9.878441117161405
-1.0253299253473989
1.2118586846967874
4.67021494941031
-6.423699908322488
3.763410534573141
3.3768090557595407
0.5794616500205594
-9.728035029436844
3.8577874571186497
-7.486918353279058
-0.8471302227000671
-6.294147490713827
-3.869624239993003
-7.106977453193895
-17.551703774770964
4.121356629787379
-6.567006566872376
6.59089409835773
-11.228260243433107
-2.9027801913982234
6.948160310206891
-20.495671092397927
-5.371585242070824
-14.496528063279454
-3.021798308782646
11.154531118016045
-0.8924001327167049
-2.965391506522455
-1.0973446405127971
0.8058193412191198
-1.5011086805609912
8.726270481863352
-11.182731897848505
1.3971059781855941
13.87794133553483
-8.992487975476891
0.8796905415069997
-11.280942442704948
9.33283002494875
3.996517592944589
3.7376605592359358
10.438061616205749
9.366252899361536
-0.8946002731124131
-14.398540387356498
-26.03798392890269
-6.667597906407812
-4.401571222299327
-1.1036683129983678
-11.72978148765837
-1.042788810967826
-1.312869244482133
-5.793758419834247
17.323503881290897
1.4607471946998998
-4.938112469493573
-0.13180108372940513
-7.432597975831498
-0.9731090914072534
2.325169877340887
-11.302703825997405
7.665402294966254
-3.435400713225681
12.317802763828226
-17.871961012541952
-9.96318419814683
3.711844457347304
-13.31624861232916
2.2600917297472227
-1.8207112764788154
-2.7691697219850773
-0.43830717662351715
-9.012576887104746
-20.094300243294548
-10.434431513659584
6.480589769596853
-12.074412779951876
-2.987452570256672
7.414862161938563
-1.1136849338422905
-4.151276180215753
-18.16425936305525
0.4088470881195131
7.730890367772034
1.4721175969632045
-6.726218045645323
-20.66689626254322
-0.3342973473481156
-5.476889175305481
0.7010733531327049
19.0507852554902
-11.239537668081372
-15.81622984429704
-0.918534350978844
-2.336110133779703
-3.463781807091148
15.309347231388132
-9.264571015045767
11.114932230403387
-7.927390115517129
-4.1840496123797175
0.741902496955814
-12.739566451080227
16.90163633687007
2.887992234809756
9.11630923390254
-12.71532924410445
0.8001348720454236
-15.536254021893525
3.038496918530253
7.940759558469608
-8.879013347117299
-4.979080780571854
-9.54755371832079
-1.8325294866206783
-4.671976227469256
1.2550415790644214
-9.037044801833824
-2.6859545903640405
10.350212658830099
6.239571916800679
5.927072820485752
5.133892771828787
-7.133728230217772
13.455960881759436
-2.847127831112564
1.4294861329813922
7.657945758128259
-11.336175942143262
4.371504568134188
2.3216903757875165
-0.02905896234691644
-5.426511403350103
-4.61982654612584
-24.273249421088636
-0.6633192771434565
2.9004197656038295
13.597437072513543
-2.4693326746883666
1.3997381654564276
-5.343281083578659
-3.629747072150887
-2.22774870422975
8.205087158711557
7.306519416914485
2.125318840111374
-9.027118155418563
3.206321265152432
-4.388428770802522
17.64754633105295
1.7347065060158349
-1.3199580053361073
-16.082059648359763
2.295014232808617
2.936946280052884
9.561768285302863
1.096686948013245
9.808575013761763
-5.479501325153241
1.1669091523873647
-14.060375097473157
-15.622861443422027
9.649103640698192
13.831668742002984
-5.1346750686742215
-5.806340665559938
-19.306191743851322
7.026098026343763
-16.642743710201085
-10.75027870990455
-11.210336030427657
-4.14958382408417
8.01433242478211
-6.020846498934646
-11.138852938789048
0.468962248524305
-0.4569466634694038
-5.527137777039117
-10.710042782536673
-15.851574819714571
-10.686413318487244
-14.460511924449541
-0.9492380970286604
5.569719438839962
-12.273708993799067
-4.130390633710431
4.631645798699994
-10.931088702764956
4.3550509364348615
1.9420692158087023
-22.71857194151066
2.3460408117658504
10.881528988400676
-8.31482538869469
4.842418504467565
-7.835693717851125
-4.4933880456036865
3.877996271163039
-2.3555673348511577
2.0674411711199663
-7.905287053114046
4.374959581327235
3.417991664224051
-20.65486655278437
6.101099474327405
-19.224031386679286
-1.9076811227334285
2.9689856856434442
-3.7367655498393066
15.441866211779088
2.492633324792385
13.92369573946521
-1.4578875191977716
-4.425872220673203
-1.343271676950035
-3.7171227430576925
10.852524389093729
0.008967620009625006
10.282348040252124
-5.78751714199123
14.362505773688117
-13.779395516164271
-2.7439893707828067
-5.2084723326944165
-30.75428791299451
16.4843025543153
2.9022125908041962
-2.298634308318764
9.56026012445076
1.042038169648807
-3.94494009382723
9.690382106223852
-2.3018773793679403
0.2177189591680564
-10.835760027868464
-24.292964108081662
-13.278959014819256
3.6048595677981905
-4.247991772904531
7.50786828727454
-1.105777570694724
-6.002571031700235
-2.5883768533543354
14.836578079648621
3.619565485306737
-22.080730535452037
-22.45323865698964
-1.7116896768012677
0.4548463869549829
0.4329013466607034
-8.202418942832333
-2.366671283759776
0.33953228715431855
7.600510361215093
-0.16618180245668307
13.271183173101637
-21.984629461335853
-12.688744202187246
-7.87706940780537
12.856022053647967
1.1173876198308283
-13.897918054024148
-7.145746600746062
-15.565181415691535
-1.477026345172975
0.6867931273017814
5.102039489988102
-0.5006929123159293
21.422051686365545
-7.039963200579357
2.610055361189508
1.3679311129892198
12.002464795846164
-13.64531441583519
1.8865015050627758
-10.120848345908012
-4.618095890140466
4.01720943230313
5.961279273114943
-15.088584312270584
-1.5816860756201938
-11.187745801845569
-17.82485928906196
4.499849844211449
-9.594323749055441
-0.042096218991834064
-13.520022376826203
5.326568843382995
3.0301571565942735
-7.001279790482778
-0.12335552661420057
20.416432043294606
-11.872838729469768
3.4551912158041933
-16.428810660365688
-2.7025419879914514
-0.36389407841895866
7.102681031892558
-0.8056852422172486
8.591410425008219
4.934133970370561
-4.17586081182076
-0.657808906006249
7.5616047908786586
-3.0167298247949006
-2.768012814123765
2.5397199812228406
0.46292358286717616
1.5731641355073387
-19.317630541828652
-3.2055947898925994
0.08051489429867247
-7.280298400008285
10.262233775891147
-6.152976725372101
22.46946441217798
-15.748248918790487
-16.827546136035455
4.017329527162048
-1.223568515222271
-5.369154126827564
5.172268143346848
4.45511052429153
-28.613169910105835
-10.354808030671263
-4.613370375361316
-1.1296855876982472
8.844617118404152
-5.28156869274881
-4.098789672559103
3.434753406804327
4.268960709338674
2.927498056130061
9.171625333737351
22.69487140621576
-9.863409461654362
-16.60032118541779
10.414199255070972
-6.756439653163801
-7.214599789144588
6.451701088911022
-7.616319071292913
-6.0826235894765
-17.010616382501595
6.335644804975602
-2.710054386437887
-7.940588328589989
-4.251042243172153
-5.063389373274983
-7.603944055976373
13.304943451873983
-1.1339123937867501
1.437433054982851
4.662983219233882
-6.3129971945552965
2.90515346197991
-6.816525786575309
-4.362971115260896
-15.575270486064035
-3.0112800730508535
4.370012467759696
-6.493939779986438
4.602862122872475
-10.207876761009201
4.260192211755216
12.423565463204845
-15.19098025311339
-14.773128537696328
10.64862068148103
-2.309227856161702
7.3488802696454085
-3.063665842193263
5.536427768191178
-12.863922575122897
-20.129396356171842
-1.0586565291742032
-5.598446363520022
-5.905846563096622
-14.1878193447502
-3.180949708551474
2.5567183886522953
4.51053885837997
-8.566351777002573
8.360794100424169
0.9503490486446495
-12.523344884534716
-8.83617089086918
10.987943400719605
-9.41507241327403
12.62603848092917
12.762532349904141
-25.209846887450936
3.896276369325181
-9.799032354636685
1.142217949225028
10.824433574464926
1.9095732657239288
-9.520241882208811
10.29145408404186
2.4916518561478123
-10.75655690034434
-8.474726476403015
6.824759767969295
4.140225343815471
-0.4476315269306979
-2.861292291301744
-10.11114441769949
-2.6664931342334706
20.475495916303913
12.672849995695648
-12.289900731723785
3.772897871865567
-17.76121329578592
-6.145955088484383
-16.313496022287616
-10.39342992245684
-6.748029121049051
-0.04966835637251527
-3.7835001495608003
-12.497922265853392
-6.252034671006914
6.544493983053843
-16.03687722537374
-0.35420265137147616
-3.3907437411492545
5.69192395629071
13.180461866260531
-4.186798736584964
4.19611527418197
6.20056651075144
-4.927151781180191
-8.246840867760833
-10.124506676592722
-5.360999800166638
-5.469772101656482
-1.1086151405323037
10.659090574704047
-5.864446784289527
-7.704706594533903
-15.895876699465472
-13.174393318371079
-15.369531637384044
-8.176654197656191
6.120656929318823
-2.2217077268646683
-8.64504257013174
6.641263544720082
2.644077200747592
-4.690898108513396
-14.296149513089524
-5.73929064834164
5.153694319430268
-7.371310324491406
-11.060038169701084
-8.548461275877017
-14.91729650382353
13.519274124946142
7.861558386391633
2.5845166412818696
-4.458631948010906
1.8528248280204798
-4.162175552786547
7.5210236788817655
1.4136841794406723
-4.270937611765429
-0.6694341075373658
10.991569487244854
-15.684081605100475
10.734451722504614
-0.5112514217441366
-11.270588327880889
1.1026092491288446
-1.1516152769704797
-4.103391858369755
0.3976004601168818
-17.137370543625366
4.069667312946529
0.13000585048695168
-5.495311814755228
22.118592804119327
-2.187636969704901
2.105935366247534
-17.465615027329978
-27.50390248172253
3.3860571325020876
0.9294236286919163
3.2510371428224087
7.004315126173738
-0.14150202305327855
-1.7846112481159742
5.382459434450248
25.971606157714447
2.496026214969938
-12.730089631247049
-3.8375285325759436
-5.97251729589186
5.2738856207332425
-1.2020305655954888
0.780219407275045
-0.6271510738365994
-5.544347805029255
4.775187236790294
2.8065759147017375
1.897348614135402
-6.992159734261778
-2.3520286501361394
-1.5113588091456267
2.1195220007256994
-3.1900245710858544
-15.089259227517703
-3.530510345755033
-3.783345654867334
21.179192341384326
-3.683028071710728
1.7273960513437316
-8.45466072379415
-9.015822322470637
23.91740923089587
-7.865249932528964
6.122517010327982
8.393309684170775
-2.684815506373661
-3.4640277917474815
-0.7507054746449323
-15.769701468255102
12.137928244667378
1.4161132944807564
2.019035763810224
1.6838723917936036
1.1041454777669217
0.5467084794565918
6.7537010313212935
13.453621042060666
-4.250230110325126
0.23149542094272302
-18.31113354300779
-4.252597636777738
2.1348908803627573
1.5485446731360883
3.7037646709313643
3.8143882017521946
-18.063432568968715
0.9510275723322527
3.7786299546344626
-8.965922902595121
14.582119053704307
-3.6104355194377766
12.717062869122161
-7.281719925678684
-8.887112296711177
-8.647470804801761
7.374386358865999
-11.89539400792959
-9.270401295357143
6.803463744604523
17.374036701702828
-2.716631784660718
13.6024031108391
-4.199992810302379
-5.470625835631634
-10.548012836560037
13.699090986772292
-13.831682272445514
-2.8225694013979807
-3.809507881566928
1.692400473216692
-9.046853414289977
-1.0586087528265222
-13.138138556289114
9.09326555753902
4.41264663720318
-8.58143064091079
10.02406414329927
11.912951271300372
-7.8532028173321935
-21.278761609166
16.434399551779013
1.7188470583784288
10.799926841229627
-3.730323036633897
10.993904369844786
-4.47378285219345
11.012028795530822
-4.371430259794992
-6.573511799406512
-0.26818047110919274
-2.412969278012834
-10.363299743838907
-0.41242134427194477
-8.180121067105798
-26.148736096089852
11.65828920101081
-0.6474220217416677
-3.487859554326145
0.17643986205527695
-0.1721411672655131
2.6000484375806576
2.030928890009679
-5.545013903065412
-0.8097222532072286
4.15081339161311
19.564224544739396
-1.668668618161289
3.946962133058098
8.302422835406748
-5.251733222011144
5.852274181407216
-2.639178193109641
8.692399915761566
6.6753848103513596
-7.777929711074635
5.3188192077651415
-7.069379604368837
1.3445250007369118
-7.59808990571136
5.494378799929482
3.020434521514339
-4.408716665838029
-9.739057271093857
-4.1866824648961245
14.157653464028142
-10.038067836620517
-4.824221737026523
4.863922427748974
-3.1811186560744216
-7.118668177287565
-14.225235501685408
10.280160181817118
0.0633371176196532
-11.302743890320462
7.80341025366001
3.220691076706935
4.205373577223412
7.553000027982012
9.474129076902322
-4.474291406978121
-29.27274217602336
-3.733871162991342
-4.987032225873165
4.584506967807727
9.950484442862967
8.708900240696833
-3.4817248481465732
-0.7593307795208581
-0.8915768700931019
-10.816252106967156
20.11397955155888
1.4093570731963916
12.141287407241524
4.606031481723944
3.516522988886883
16.42977270622125
3.786015620170873
-4.6628302175978895
6.794774719920113
6.4205969912683445
-4.637546300768272
-1.7783731323529282
-2.013884801662314
-16.501244124819394
1.0971526356802659
-0.2638155491665524
-10.652411857086799
-7.00615208541509
-6.11378791443158
-15.991442679092597
3.2078413236095766
0.6354867850128972
-5.158863332563854
-2.910101114498959
-8.102513983788448
8.776264580646869
-9.947411592336444
19.548389525462756
-13.887128885497082
1.2937757584361138
-10.109287587151877
-3.573255204131345
-9.31754893383109
2.054377219872621
-3.9245847848401576
-4.31454183813397
-0.3725550871547573
2.34943866709745
-8.754798313740713
3.0223757592571805
-14.7248588187553
1.183055952175057
8.241233370778566
2.0905387564003233
-0.49017197497722415
-10.436863939506155
9.621915450475983
0.7999281858472129
8.058423650209484
-12.616986413973533
4.5141090434537245
-0.14595088325554215
5.389525295367295
-2.620634827317334
3.7453355820197016
-2.749322927245383
-10.359959718758851
12.013898617288866
-14.752932072096803
10.415985892135629
8.40802802426913
-3.1919527115013007
-0.8902926208561436
4.886448174901886
-11.595551496230769
-5.275870628651644
-2.788127710190377
11.268928048825837
-25.63058246103758
-16.723925849983036
-4.164733869931152
-7.730417433709661
3.0410720353866885
-25.437807385203854
-10.61361985586248
-16.047095640362947
3.3105681998009606
-16.41983119254518
-0.6377498505239261
-21.72950015112285
