1.8860854262753708
0.1773922392702732
0.3987204485415305
-0.9009749569785562
-0.16150749186309488
-0.24850165401890795
-1.2505180783716827
0.1647549156780623
1.7889340714777882
0.05090460253074039
1.325705810463201
-0.5558221243647034
0.6491123311276974
-1.2099915519910713
0.0969365308561805
-0.2516808434423704
-1.0342558613247674
-0.21943210393565074
0.6367546306516634
-0.009488699769868596
1.3703372376248726
0.016354979413897304
0.5164809965629631
1.045098294464792
0.9213790935335805
0.6020047110840628
-0.5051323226826661
0.720375722828353
0.8908384976403814
0.2532887202514188
0.9272586969671315
2.648559507804189
-0.06680073081392203
-2.6243363380828826
-1.7477893924126366
2.3641825754918946
3.6530244555761064
-0.9799499984361839
-3.3895281332140645
-1.9759268362984452
-1.05554739011833
0.29548346087614763
1.9137919265863963
2.0594384173293605
1.2313287638618398
-0.723090651818732
-4.355654987195939
-4.707708746107717
3.164968501323038
-4.166052131464753
-5.8208097939392225
0.6102643091749347
-1.2071196805029893
2.3741471620382253
1.8500081191693465
-3.4517176789005237
-1.678662388493053
2.0538057812787556
-0.16210879996589314
-1.0631911247500043
-0.8036454114343409
3.791834300171406
8.736142734573738E-4
1.5562746146947757
-1.557856703485077
0.13698920608465456
2.047728222342161
0.10790224096593527
-1.2439360950586527
-1.6371636510408618
-3.160768549251153
1.4992666030315644
-4.690319934931448
0.11366178002014948
-1.2011110419253508
2.818692831435448
1.1379198586717023
0.756506715647563
-1.2670933636593138
1.4539025770372804
1.335134156187331
-0.7959840559560266
-2.9942557301245802
-1.5389262745378383
2.6284134705100306
1.4158644444433905
3.6575089052175427
-4.956834326901957
-3.5041954793398347
-0.815201439704977
0.1393825759013601
0.38560445845907193
0.950488551747584
3.5202779066703185
1.4694287503121408
3.3567487446446327
-0.3704244378419383
-2.727038848805897
3.6283548998875497
-1.9562573487867416
-2.0968688804931235
2.3230563350409477
-0.036224573157034694
-2.1400597260636918
1.2076696258866206
-2.9613551340419817
1.3693478363738623
0.5802699490835012
1.2804224777758284
-1.4405108361646244
0.07800680555683312
3.404880195095949
2.1589628143389703
-0.36250301825995634
-4.104171925158794
0.3595302867527574
-5.425859348386515
-4.912343647661525
2.884945284960573
-1.5720864517555935
-1.2412902687239633
-1.1664877922573904
-3.121269554396981
2.7175416020816923
-4.560794496176765
-1.5113006869383865
2.401197002217311
-3.094617113992653
-0.6534970945397545
1.133861421571695
-0.9294139352635946
1.2186457198329113
-1.9808058408441676
3.7423708111427056
1.852594052102086
-2.0272727364082925
-1.2105788045751027
0.39820964844065526
-2.3050009024361513
2.5230382290937827
-5.859507100794301
-1.7859525982053372
3.260220677885384
-1.6110832991420219
-1.7462785315405858
-1.2123077553606145
-1.767763405158004
-2.497246749727451
1.2921106114964935
1.1650964170272553
-2.545544423577908
0.22239171863499585
0.4849152788280921
5.224783361685807
1.6599555041587224
-4.715988952812883
-0.8246522542954183
-2.0134255715623395
-1.159959420466584
-1.1717618313550828
-0.5444436144249145
3.6480195765465426
-2.9775229056272208
-2.741608249612853
-1.1780326815059552
-1.563182007106687
-0.40505077805334533
-2.035924803340968
-4.2316842119339855
1.310388673198186
-2.0497216488356953
-0.7962427328516979
-0.9350216110419551
2.566547850735583
-1.6510572442274378
-1.8347256286867635
-2.590567504146216
-1.2386696279603213
-0.6784706298143406
2.2472585463314476
0.06651337124761773
1.1640268932665359
-6.0320243780775264
-0.9557813051945242
3.2170957030457146
0.8735421498997362
1.947129255361986
-1.2541560562811052
1.1576310936210767
-0.21407035004078842
-1.648268434453853
-1.0843544245361083
-3.5646795582277617
-4.272704674594258
1.8452254381158735
3.9947416615301963
1.8046825738543237
4.902085144820052
-2.609605334089353
-0.14409653361446081
-2.0650035904884776
-2.0147476929738364
-4.285026303640151
1.961888081748792
-2.7673720613051125
-0.07530796457193495
-4.060504345292253
-2.872456940052384
0.924298081242942
1.9150184137353579
-2.237062198835061
-5.256455876807472
1.893509267131848
2.4313586158741063
0.6849657876666332
-1.2040732130584526
-2.5319759411786444
1.2858834241722787
-0.24127907808411606
-5.106404226829225
-4.7244324979241235
-4.12089979446012
-0.9808100526958025
2.885380428859829
-0.5890174690691815
-1.848835241114509
-1.7938953732797354
-3.58613971033764
-0.12366526842452188
-4.258859647277429
-2.082592828327669
1.5962334795705362
-3.1493839921941555
2.233210973918451
0.11329456915263447
3.173624302022893
1.5669999937632144
-0.26976234826491774
0.6555969370487142
0.7602290437150023
-0.3526953124222782
-1.9249753891427528
-0.48247018176878914
-0.2912584738103678
-0.6959692971893321
3.3263005840550353
1.952454289890993
-3.0689113174751577
1.7730716977889238
-4.669063691309036
-1.816506369035843
0.879732752011274
3.799868739684833
-0.8474569195528247
-0.3100733221796323
3.459450649523508
0.5345350268292509
0.6685824571708846
-1.80511817091206
1.7026438781809503
3.0874640656356767
1.5534131913184495
0.344853564139409
-1.297918366321099
-0.13450218156613564
0.05955929064980727
-2.607852919928609
3.11797264400559
-5.07092254172033
-3.6104006554593524
1.8735659206601396
-3.928872502861302
1.7017681936320554
-1.8125730489229566
2.475958589179927
-1.4497448687076209
0.05656068134606587
0.27457509281199105
-0.15351876568140987
-0.9678459803569843
-0.480065601119772
2.2185027682091887
5.446077810051327
0.925215387708618
1.2773737771709202
5.0833561553516
-1.6442041788362882
-1.8192535841717028
-2.460112711451488
-6.089785145051479
0.3005687650982926
-1.8977194436714855
0.8865863548442536
-0.9886014601766651
3.163405426826487
0.3574092057646607
-1.7213729037300798
3.746483713535634
-0.584998076199193
1.7449019546438143
-0.33245658596375877
-1.4427441684853124
1.802512837732908
3.809488057312161
0.6303215957639157
2.4058147503866514
-1.5441384454314777
-0.791966636132545
-3.8766929271449677
2.096031646390209
1.178596270245507
-0.8374340166657751
-0.7307774060970816
-1.1008642930537054
0.006957723662437698
-1.562430881693343
0.6747670286166874
-0.7083530970948584
1.3592724764878112
-1.4542915942038275
-0.371923587247223
2.2110097753332925
2.2468745385591604
-2.9246238091708174
-3.497199513949156
-4.469493889500749
2.0209088970044324
1.6423300482602463
2.099830269403305
0.5821800803073253
-3.609796276638262
-0.19901353061182053
-1.476635322862971
4.241254432385812
-2.3290735470998376
2.9434253042168534
-1.6444207541344447
3.556283214717212
4.037588496383844
-1.0498203226084337
1.3262495354321235
1.03914661714057
-2.6647383804703497
2.267421177410399
0.10799981207020047
-4.961504086076329
-4.056792982223054
1.981290588056423
2.953624468018131
2.577144012858568
-0.8188186451358069
3.0079869154036873
-1.51679479929342
-3.3879990564601616
-2.593544081961379
-2.206541147932472
1.674435628652605
-1.447715336857666
-0.5552340927426898
0.14297720940784292
-1.8567113436708729
2.108498786453032
-1.5508854193682604
0.29137911828403384
-1.062174002941356
0.797928272713875
-0.041410180036959614
-4.139700375970145
-1.7728277101058274
1.4223823875836945
-1.7333710194200014
1.2450969618151542
-2.2337541305526267
4.005998015123576
1.3630977025577102
-2.055324760439537
2.781701240632737
-1.0588834649762893
1.0973127403194638
-1.6783731076282444
3.4395149653435864
-0.9049062011299202
-0.9685969226280313
-1.3174718888164307
-3.094548640541323
1.1128602862148196
3.360935351464491
-1.6799270375786495
-1.0409770321826275
2.827949162360885
0.41689876038033324
-2.060088554019286
-1.1866563960827639
-1.4766859212016745
-5.405131939145887
0.4218884040332387
-1.5632048036000636
-0.3427515618166533
-0.1247471917128181
-2.154401875317083
-3.4847327517944184
4.4688839263193145
4.843776509566838
-0.9820416974133943
-3.0808492769305227
-1.8150058483421097
-2.7662819219207804
-0.747890310561597
1.4863183785594727
2.0864159964404596
0.41900527058783105
-1.170273811216694
-1.3183193735371785
-1.9623031988026305
-2.049269612607005
-2.71670006349764
0.46522864636559425
-0.5530558693948959
-1.3988798801853406
1.091636746172883
-1.4438853072147886
0.40984073572118085
0.1267371189854544
-0.29784558506378755
-0.8268338130191094
1.4703774638828955
-0.016235423761730063
0.1523853532955448
0.806860346488794
-0.19253045379649072
-1.8662514608771545
-0.5652196336779464
-0.7027856326235947
-1.6905707519172186
-2.2091255011148796
-0.5892550602984761
-0.7055966962979653
-0.23801397937744603
-1.448711455236456
-0.818561141882135
-1.3274705818352683
-0.2902549775529734
-0.6029967629776757
1.5068793735606438
0.336338787417235
-1.5729894657081722
-0.4301181557884848
-1.8561682383266196
-2.2983803826423563
-0.7240113801632255
0.9519913939214095
0.8781109748861642
-2.2589359257875152
0.19877795161428805
-1.192127513182173
-2.3358463322186362
-1.4068040406373614
-0.8830307703358745
-4.137853360359454
-0.6175265436270814
-5.164279664273545
-0.16349489525951913
-0.9680668758674044
-0.6783133361721251
0.7558029322983224
1.5225071894805973
2.156089325065663
1.0091973799777034
-5.275435244558429
-1.4484467397048246
2.149724601434875
-2.487533334694282
-2.101800775469357
1.8291796599749708
0.4945078106550898
1.9930395720148182
1.2889844180131529
4.508414957537734
-0.6147094334576207
-3.430633854115411
1.7433586942973118
2.5826582793284247
0.7160621805266185
1.5989891252213375
2.5557444699208456
0.9378978423611697
-3.9447784147605076
-2.0922592948082284
-3.8983053958802847
-3.6873428947093942
0.026784090968411306
-0.06564952189952121
2.3919162287777076
0.12789706203490175
1.0478335280344102
-1.5350561708465227
-0.4207546858716293
0.08517094661910532
-3.5736018869339783
1.9465575287829135
0.8369828854570176
-2.9688653815940107
0.32364633063916487
0.2487871204337736
-0.33114852444628123
-0.15064381061984078
-0.8184002073045309
-0.8025693808738812
-1.4631876089184725
-1.6424012007729223
-2.366277448675694
-0.35682854668848146
1.5919896852787128
1.1945435238878594
-0.7565251671402852
1.2100213959271875
-1.0026095940325037
2.1223258202872275
0.4753808047715821
-1.3302460693387874
1.1191616558521817
1.3238257568145861
-0.08564218062331339
0.39976923215563065
1.2829982392925818
-0.3211742047493433
2.1973714023504196
0.15675538545731899
-0.49417596452245793
0.07809206040870341
-0.8742210851713363
-1.9706026593573942
3.6353458261043614
-1.3785899072300503
-1.2525625061049004
-1.394515493334052
0.8159229116775228
-4.138101806890433
-1.4852119015038259
1.9421326448483343
4.811975024572859
0.9898765752608009
-0.887691807737901
-0.4004940968667482
1.9490496641567443
0.7069470868153124
-0.4310219007806327
-0.013917822011187382
0.2353759312172841
1.294314120616184
-2.9286921979812535
1.239083692825974
-0.6381802347309735
-2.757593249800979
-0.34935442621686996
-0.08141481921209635
1.7986445077996818
1.8557187810205693
0.6194459062529769
-3.1062128926732906
-0.38218992363428933
-0.9415716326229455
-2.0152002946896044
-2.7325020628695023
0.09354423009856931
0.42443209179396457
0.9076922148229865
-1.402221059798844
-0.0103510942257135
-0.024708730442537324
-1.3227239638020782
1.2707925958289124
-2.0337265902747657
2.884776349280462
-2.5907816985150944
-0.14730459998830353
-1.5914734030499778
-3.231393238462073
2.42493621445189
-1.2619218117213706
-1.003854730916987
0.6725773271844045
-0.08755197056109415
2.4707585608757743
0.10366986156038605
-3.540000808892549
-0.8068353407737002
-0.413755848988221
1.1782340846222936
0.7373505195820957
0.9209551899300902
-1.1487910388470948
0.24994635074466484
-0.12082064425996084
-0.44780512707812
-1.1791489452519264
-1.9581555654325744
-0.5656424762245745
0.32441060725990783
2.8879999536903203
0.016330322783177285
-0.09506472513451678
0.5508415568734971
-1.6382201520105695
-2.266139070599208
-2.2539363915815738
-0.6327671280156332
-0.3806242561413052
3.3254434150913164
-1.4377734006144551
0.14506823842880384
-0.5972374765249354
1.1090246071180851
0.3039570698531465
1.0297500853366692
0.5739040654418086
-0.9810938254140031
-0.31795592346492524
0.6023037496838473
-0.04607661067247063
1.4677471523469057
-1.8472413316335512
-0.23085809306337646
1.3858293664538204
-0.4350465173464059
-2.9583557615888
-1.380540987727444
2.4888660688826016
-0.15783586934925375
-3.8697229373998923
-3.0928799858092324
3.5481855155055055
0.06480959784239614
1.8328427796565263
-2.9475166383911127
-0.2440419643638242
-0.7661301556677539
-0.8390594975815701
-1.1627582207123763
0.35557865993187215
-1.436338194497248
1.39619187721806
0.30664705210947785
-1.0493842821530917
3.4640485043378955
0.8162029563400499
0.3147554450417478
-1.2543037663420253
0.2559646459512227
-1.7904283885195036
-0.6530972739029678
-1.1012997821671884
-1.433044060325987
1.5984073385375273
-1.0597156906398089
-0.7147497616684688
-1.9651298620296536
-2.877464060586577
-0.556942273835234
-1.8357357055625418
0.8572650838486294
2.770390927485677
-0.326272513677005
-1.9885223135401364
0.243546465790018
-0.37871563576313805
-0.5288746345110547
-2.5513067248045567
-2.8399891894889846
1.7353820922363106
-1.541656679393989
-1.1756780670249043
-1.8186934673301374
-2.462577741580963
-0.18306527345026555
1.3301067614910067
5.455981484615863
3.7516050111133894
0.5921130537999172
0.3829692691450843
1.603205601473555
-1.3399383240278402
1.4509318291217594
2.4078041598636832
-2.6120407366027787
-0.5513418692615216
1.3750268618151844
0.7426851294163679
-1.3377395375144985
1.6552358730585055
-1.0779056569719212
1.2689728587249944
0.1964683511722562
0.8461000576634753
-0.30864796599068206
1.729455704665869
-0.8386450092177334
-0.22829200857064014
0.058392292994655766
0.7975559534307174
2.221269992087797
0.22843173042178705
0.7727981847557484
-0.16595632943651228
-3.3557381074549744
1.5474651935216464
-3.362506852044225
-0.4779638582445213
0.8990384216245155
0.9262179316911514
2.438390734900478
2.4743572975557573
1.7016566762726153
-0.9158623348638147
2.8953960000383536
-1.2235362029216568
-1.9818296158976914
-0.43717720305888497
-0.48345717122345505
-1.4119069665439676
-0.6980049189923142
-1.7394687676015357
-0.21731569344483667
0.2094245119850504
-0.7317276996545811
-2.9950130887317026
-2.023136646943924
0.335799759693443
-1.1100792782754982
2.9647080692724166
2.1247205552088206
-0.4534200139680452
-0.837045936156569
-2.6426532857198457
-1.4599083613632262
0.448291597829966
-1.0999145255757887
-5.1719314250560755
-2.2510933215337414
-0.36386613283775315
1.2389814534385848
-0.39108657070722846
-1.598900500332595
-0.24205626594431157
-0.8314533911781007
-0.0014974046185966979
0.5991110817758989
3.1146831044605454
-2.3443700923211765
-1.1623300785892734
-0.7923822255826312
3.7436790054790534
1.7343595335822657
2.310878563298402
1.1045112724348018
-0.4538057358882161
0.5593630769467249
0.3037004596597165
1.4626100007715825
-0.7840609280482562
0.18511467928747466
0.9415667901423356
-1.0828747932696605
0.573114787047598
0.07384111538235087
-0.29041886301692266
-0.38409620272528205
-0.33070570447092856
-2.379819730834485
0.05676172364070085
-0.7604791266556635
-0.8749321892369619
-0.685866043247809
-2.668212340955971
-1.0590226974915848
-1.0826435810270998
0.6897842084043045
1.937823383576057
-2.5157381793483022
-1.0397824847867327
-2.3677757984144123
0.7504286209649714
-1.5412049866566742
-0.4102228270717413
1.6548696830345047
-1.8581950488188015
2.1095859897247498
-1.8618458654497678
-0.8019686336000237
2.0180164008269172
0.8321524132300412
-2.1829348694354143
1.5594451360908435
-1.3034010128804694
-3.3742631854947516
0.08004003314033055
2.32002455975303
-1.735373154658995
0.7810691519618532
0.6707521237273348
2.3143087648419143
1.8819642669458385
-0.8042694744524396
0.7162472771858169
-0.7666707510225929
-4.159815931803497
-0.15604424551402227
-0.3438378837445428
-1.7452019025602166
1.5450469411739718
0.7421152911399075
-1.8423874013964778
0.7481980919318515
-1.9399492678568864
0.8907837017405916
-1.7225011041247371
-0.7463971656114735
0.8854980244761518
0.8262963376428574
1.0120080397904307
0.028062952444855124
0.3717391069826094
1.786828946740711
-0.6832778526749854
1.6743697711172085
-2.3941820129996394
1.9425650687298135
0.9832403154007588
-0.46159374955469473
1.1585820271697547
0.12698368085768166
-0.7085222240428087
-0.762551852727502
-0.7670356849324361
-0.7491428453738848
-1.535211836792202
0.828162624176164
0.6521467350444717
-1.9235378090063113
1.4835534862335145
0.2682440439387018
0.016736645654207433
-0.9735141391572232
1.3604718851050106
0.09872968435379581
-0.5796067076144394
-0.605261014664798
2.598235518422947
-0.8620901001339606
-3.0100920446229495
2.119584994203873
-2.478259980891549
0.40802562871161135
0.31916287682121863
1.7507010708192197
0.8295017081193953
-0.050679839765734605
5.5326487942936176
-0.9978381522936236
-1.5901806639254095
-2.0903495269824943
-1.6286287058271394
-0.22591519121058465
-0.4474363172060147
1.5288423645351288
0.0577753029628618
2.563261173427305
1.2959639883409255
-1.0051581723839065
-0.3718221203651354
1.4023546454640294
0.8234705918029097
-0.25135494288575255
-1.3991519236090837
-3.64250925310031
1.6774598239582628
4.522762777111354
-1.2779616594873284
0.5178608530135073
1.558147905131303
0.07323482660132431
-1.0575667826122723
-3.3493961941519195
1.5269513744518868
0.2516970434147783
-1.2375639319431826
0.0982608913950856
1.1113105290518368
0.1432847458649562
-0.12051984370246696
0.4504259718502481
0.18724671882903438
0.3157622246246473
-0.8628235307949368
0.3570006779937939
1.0691989098211994
0.31537806962344633
1.4362343860382134
-0.4880892003012712
-0.27780837601184694
-1.9281480627265923
-0.2928720774784518
0.5731502437433514
0.8787895523603201
2.226206546882355
-3.790937352243328
-0.7535021194330698
-1.0323204252239484
3.1907370298030733
0.8467982625715105
-2.112759149229626
0.48926713135046623
0.26770940554305755
0.8288039005206636
0.045172877019616156
-2.4368217274188844
3.4752578910499103
-0.567502410875328
-1.2669921521284637
-0.02831442370367666
-1.1482906908039925
1.8780339338914958
-2.925054769673881
2.2310103329405804
-1.8854280171266748
1.6461767685794026
1.3611191275509358
-0.48669211562777154
0.09762309862001069
1.5325968262413643
-0.40341457138799175
0.4231822707025711
-0.8744549493016058
1.815147314195299
-2.1037681890630058
1.038814223226813
0.16091493890221742
2.718906450686191
-0.31036787467629007
-2.8144051565309924
-1.176998860039066
0.07309647781406528
-3.1273606538457646
-2.327629724716512
2.9888199950601364
-1.0025094685391198
0.7368458816672215
-1.1905479315061989
2.843526063580243
1.5247844563609574
4.619969129372659
0.9755759851365357
-1.0810795010840062
2.5721541096908243
1.156985299209845
1.0956375316308347
-2.9008707295152276
0.669473510983575
0.5296004917724437
-4.633752283342355
-1.4338260684046413
1.8743920793979514
1.3775599174729962
0.9490493715619404
2.679745781296524
0.8059289273511545
1.8908401394280583
-0.8562000536660505
-0.2710413258735588
-1.268883386709448
0.371495388537909
1.387932145998241
-0.4748100509205305
-2.412291011239584
-0.44908347095216916
-3.5360631926867487
1.6614236971464516
1.001065628449201
-0.5228848328517653
-1.507077734898346
-0.6192544462706843
0.9125209510867526
-0.4900554484516024
0.7979145498981464
-0.2518029024803724
0.31342799977494373
0.17922634492651937
0.08265722669715554
0.07189862562184215
1.3802581637055895
-1.1874845366706734
0.5127071347269959
0.5678567514772966
-1.9001397677026708
-0.6682336765653025
-0.3950245614168484
-2.678634050851497
-1.1012592952357416
-0.23704312476610417
-1.7220485168665691
-2.4748157892036424
0.17448488664273895
0.5932660498358023
-1.3772655992681258
1.0302023869811605
-1.0403541988613834
-0.5576762456486424
-2.2516545459648363
-3.6764815347978472
0.8810931540537036
-1.3795356050260588
1.8175715806283652
-4.495755867947276
1.4221050009225418
-2.6423159443587516
3.981983933337854
-3.1107623680418026
-1.6088801612035122
-0.37580364845698483
-1.6933629811152489
-1.368512379717389
3.0236853847499545
1.2574709125949526
2.219409999130599
0.31619914225315016
1.9661405778711927
-0.15617784450003194
0.8679524346506419
1.3509645273500115
2.413697339370133
3.6567514280993523
-1.6420273065224709
0.3973023168907959
0.8197178433363478
1.9742502175715921
-2.137331599796824
2.2310431043260635
0.5708475961882596
0.6119429465199678
1.5791754053844194
1.8315186661660607
-0.5403418542534933
0.7359813729553927
0.3179576127189553
0.4759210016995142
-1.743309997278491
2.805009551589975
0.9395421009166561
1.2219622173846962
0.8330102897757119
0.9360854172632536
-1.0357482940504366
1.3045257559044496
0.9512457488167427
0.16976042979974507
-0.9307625004571112
0.62310699791551
1.0120365456401719
-1.156614011106764
0.4394663237889188
0.2715708777211469
2.239096924451508
-1.6196068866355848
1.1454092768873223
-2.06371911080423
3.695801170599192
-1.786494771205106
-0.6723572028755078
3.5465694580462426
-0.8317939758049854
-0.2962147085276928
-0.9000632332337665
2.153435372682846
1.5939687343549658
1.2929910457292288
3.121686455062208
1.105022556938115
-1.5146857019746385
1.866258710226016
0.7227791248518907
1.453189608160057
0.09904002438241082
0.2311495254324123
-2.930024514218132
-0.7574051703253029
-0.8038088369945481
-0.4386693212064561
-1.4125830785319593
-0.7820221021636115
-0.017362931889386
-1.9910108843328356
-1.1240260910769895
-1.0989303882526922
3.3311378473086997
-1.961170959826118
1.7138685183264248
-0.8693462646792901
-1.6548451062203382
1.2220026914684727
-0.611601911080466
-2.341974749710367
-2.7138147540578275
-0.5565908034715771
-2.974182527757129
-1.370206362107968
-1.280015766165349
1.9737608914931168
0.1007156775477622
1.0741842421288899
0.9723936722829921
-2.448118318019944
2.301423469323473
1.0687020848900453
2.206469934978615
-2.0558604705917363
1.04782356117504
-2.2451930164568474
1.2462993975214618
-0.3038245786010255
-2.4648251048598877
-0.38809671143741575
-1.6958142641714427
0.8271229077835457
1.4804696193426345
3.7364067950929454
-0.8043667147410487
-1.4834148087097343
-3.026990472279179
1.746437717148528
2.213609337963375
0.007691751501734468
-1.538941127300435
0.036881319869106935
0.49501860368352374
1.8296812085897909
-0.880545763431478
0.974166312925248
1.3941410089450317
-3.8290935695323682
-2.586482184882573
-2.687168964318441
-2.576377551396608
0.8331672995768955
2.8896116625461263
-0.9028679750623912
0.585848307241627
-3.6041141568722677
-3.4645502979760767
-1.1092745031859452
-0.1902747667209463
0.3549154176738728
-0.4244955798549163
-1.668750689788754
1.0670740282575528
-0.7667978948148134
-0.896827995561865
1.7674091396963993
-1.4609364884870002
0.20228750595577932
0.4955885305023081
0.029857515198483075
-0.3415951079699876
2.548351027037177
0.02516079328473468
-0.6828550716761796
0.281189929686868
-1.0156916307703387
0.0940253884622908
2.7821264562064894
0.13648577909009482
1.0827429565291309
1.027381244831683
0.5435820007840458
-1.2489674560672768
-0.20860482146025186
1.4561665201088203
-1.2283107963555733
-1.2105384052260895
-1.9994618064406002
-1.8155846138492817
-2.4408699661155837
1.901352154974597
2.537084410701449
-1.9337085590680134
-0.30752965646457553
0.18236574896268276
-0.3090020502409101
0.1532526694489633
1.4760706269761144
0.010146872196607412
-0.2823913365487417
-5.632545929180825
-0.9275544476675388
-0.467308320058174
-1.755412035106477
1.1958805273641384
0.43146896970289494
0.08784530321321937
1.0217389104619252
-1.3960629615577584
3.420980630195592
-1.4084977495817073
1.914820081372916
-0.35111412302983586
0.39059846631321776
1.22092087674754
2.152972900275358
-0.9588200245877477
-2.1933539213337694
-0.00830774137464029
-0.012255117956906106
-1.0728598194888121
0.6771691266306477
-1.5109164544108507
-0.011629967263820552
1.3649420865448543
0.9955441454166298
-0.2620561813066867
1.7698039389127935
0.2742298247749216
-1.6938922737235913
1.0424968471296239
1.7221842441963195
0.32047666844726036
-0.2586576336147765
0.30190069188586394
0.030238909807021628
0.2194577296252579
0.43470493398933724
-0.4801114596416225
-0.1857429306674827
0.4230393032416904
-1.74993020166548
-0.018624740960653682
0.1852166627574632
0.5384772816425842
-0.7918195776860324
0.6235549051425565
0.16063997501984795
0.4206709753255245
0.7067119305159671
0.015198255053707027
0.8496232261403179
1.3540302683135297
0.42435030165971527
0.9258034497876984
0.3398464339154048
-1.531909296245622
0.20189229115860718
-0.5332833353804926
-5.165383515951508
1.771448071643685
-1.2123003273960036
-1.4320499163106009
-3.64120420077344
0.15434000817717533
-0.7426309679542321
1.7946386856833474
1.5762443414641896
-0.37877048235675337
2.0245955913342897
1.9975693354956696
1.150791849056368
-2.123223064930264
-1.4139875568708624
-0.5679917505144162
-0.7717881941740429
0.008566878652400191
2.011564769986445
0.07862594670002691
-3.4234885894628397
-0.4968754786440289
-1.2725831388909847
0.5479956694241599
1.9155392125260882
2.1834856717606375
-1.1884775128621345
-2.6997762785163357
-0.9559257597016517
0.7289883549203197
-0.05944160967704288
-2.8878816653103097
0.30372426829677074
-1.2053480359439306
-0.9207036711554266
-1.8755079956613414
0.5599045117825827
-1.1297124723125775
0.8224184549180531
-1.258151175903974
0.36236056993507354
2.4902280123076554
0.8934759476287923
-2.343404899397274
-0.40367825365288845
3.4405499994642468
2.384765985702786
-0.892002198004612
-0.19084161767378852
-1.600340748806674
-2.2785376798371653
1.0994888511835408
-0.5790605382621183
1.2031790414445462
0.04739281400402606
-0.2510601589582234
2.324915777765371
-1.3602990767671526
1.8281837354358719
0.715123676114683
-0.42903990100154266
0.9119012852182853
2.441448543293334
1.7065519453963194
0.6543527229132705
0.17463377390656537
0.174973969763261
0.25162058102142987
-2.2790862340482887
-2.777488277863858
-0.8312926349833613
-0.41119121536870706
-2.2465121788787767
-0.5893394358896312
-1.0314868125773977
0.5746970091943252
1.3636586753954374
-2.359953836466218
-0.911897013600688
0.32173983593322086
-4.012002326623637
-3.0278095286371176
1.3281595558713144
5.024425532109892
-1.4414881167465414
-0.640535108311433
-1.0779648567963718
3.537523468694839
-1.131235987500027
1.8950955168954973
-0.9043148502677468
-1.1316558142949278
-2.4809407384624493
-1.5832860932747848
0.42144336183861025
0.2937423170924893
-2.3545910029926174
0.8915168314240254
-3.2334217035839936
0.011828644989874028
-3.2775622639418076
0.631051632026171
0.4338886372850579
0.8259935096880879
1.9011213534311022
-1.3729847992287858
1.8445354687390088
1.2213855320271683
0.6750370170165477
-1.4008383931612365
-2.083128990371048
0.15789305831294276
-0.38696018751496825
-1.054477493251955
1.3595417295021899
0.6182605559349637
-1.3672888510643435
1.8529127356376967
-0.019539655492976222
-0.7033605756655226
0.0357776861371011
2.33993202830794
1.8823062371244692
-0.16845183745982864
-1.5835994272314815
4.35593206536731
1.466725894547591
-0.20628961158996112
0.12995766052524474
-0.04099144037885365
0.1462527841950368
3.5360950346543536
-0.8484502437722153
1.7491419452690715
-0.3381314217901404
0.5652905776683528
-2.3443660279321294
1.8082281141752086
-0.8658513710928573
-2.8825971265960533
-1.4279748040034768
1.8968955871326783
2.118801363533356
0.008371111682639147
0.8849687058015284
-1.0871492919794221
-1.3805850084039721
0.3744223012697101
1.819803212807649
1.8373581689820855
1.3057393588354516
-0.4308840166672937
1.3210603812897608
-1.8030530530435216
0.29614824972368037
0.769192117412173
-1.9114274857225473
-1.6987588344718052
2.068925442122431
-0.4585996157806259
-0.3112370289364063
0.4264308190233537
2.3586373300662453
-2.442216928513925
1.9592413989576674
-0.31825970527602027
1.001211349327233
-0.1968207048711969
-0.6682554784006707
-1.7907674631111707
-0.6121623530227852
3.1253962040022243
0.3856537127129962
-0.9534049205356697
-3.618193366109252
-1.6955035440040878
-1.8464651463665156
-1.9736389169186983
-4.395438829697272
-2.4511678286181735
-0.8346925088144143
0.8403769121855459
-0.27166306422710007
2.274607459805692
-1.5567259710335672
1.0733169906882782
-1.7180793661016514
2.1223636966522013
-2.6684626102588003
-1.6660426653321816
-2.0326538842828037
-1.9736276386318121
-0.9364310859608814
2.2019451528449236
0.8464028173254913
-1.7553790294286162
0.24648330643503802
-3.635905559272213
0.436700485873798
1.4145951083832158
-0.717269038463284
1.6260575290890846
1.5597474116163355
-3.72860220349351
1.6299066103883653
1.2069286224243931
1.6348598216789494
0.6014924817884331
2.2451230719389064
-1.9975122091883533
0.5012393273882088
-1.07613154267335
-1.0425085954668927
-1.1390414265336721
0.6699125845413147
-2.063012374682605
4.694179108827538
2.2844189211865347
4.3776767757580215
-0.18355518233753274
0.17541482527535637
-2.0882830042380873
-0.7366469761946915
-2.5871401609403453
-1.7962422675717402
0.26388571903077385
-1.6549700143323174
1.246214184442314
2.542087500301181
-0.570629267094637
0.7332383694872071
-0.7364753730611192
-0.02531416525082914
1.7644882293155104
1.9426019166454704
-2.0067837287731463
-2.873857982518795
1.1609132501009332
1.5590736864564538
1.0037408127754313
0.11888667201232415
0.60015442190281
-2.6780819853904045
-1.0068534861216265
1.999023778521558
1.5872027059620848
-1.2230089491124876
0.4895859652012983
-1.0666509549011296
0.46498480998403957
3.0279848484118768
1.3755976330903887
-0.49508894286832406
2.9548752773624374
-0.3618387820981662
3.295350533575866
0.881978776307545
-1.1370363382204487
-1.5775416375702158
-1.618662983251924
3.516942325479145
2.2922487571756296
-2.7347750558543344
-0.8326478363943469
2.6053722688843615
0.329659576453804
-2.3927191785264155
2.416833346196594
-4.090296536187012
1.0307168467730006
-2.0640730633622932
-0.11540971191630528
0.5443547630203696
0.11686426662149012
2.2444816318699274
-0.07850713467550084
-1.3358927716574192
-2.745694100275004
-0.2028119874054508
-1.4465163504878575
-1.6560213867616433
-0.37023669024804273
-0.4120761705620817
0.5745786910353615
0.07185263011566542
1.836974385811064
-0.5530270319125661
0.04712015381642145
1.1572068697602957
-1.1282233965216493
-3.6605734828795597
-1.940262710452001
2.079535620332594
-0.4062359418482316
0.2958512605987664
0.19913959083942037
-0.7796282160322024
-2.029197389495956
0.6723962636143159
-1.0410383329967376
1.0399793031458582
1.0545178942939728
-0.7123226813847914
-0.8864722817299528
1.2590430603607983
-0.08613156967424111
-1.305511456238163
-0.6703458371712392
-0.7585535153065764
0.17340323534311286
-0.2146407890667092
0.5183919258194496
2.200386928363536
0.18502086925908134
-2.4966082839745187
-1.0221637911266952
-0.9184152658363359
-0.3223624839171187
0.4725924742628521
0.4069449173832306
0.2225116093600977
-1.7787718911610324
-1.2681000000585658
-0.3027341088266941
0.18496853029768195
-1.2373948022702737
-2.3643583840933444
-1.4589494041450197
0.1929075376561401
-1.0632197171419282
-1.5785765303959818
0.9253574020954466
-1.4511722945289147
0.2200943050986906
1.653208037018149
10.704255442354677
-2.0586294928440747
0.4436658968153875
-3.69281997089028
-5.584959106721889
0.786848337438796
1.3670919796958014
7.574056102105448
-2.238160000020154
4.0291564199272125
-2.3666910146722633
-0.4943923536206627
0.10512135236812489
-0.5261405115768732
-3.2024367057253778
-1.5991659456021463
-1.6819478452357017
-1.8364202949754769
-0.45209869923595397
-0.7412008855760143
-0.34439109181354527
-2.5531458904149122
4.706318895628437
1.0571862521097641
-6.107812873582235
-15.423457367986604
-1.490226896994096
-1.7325285864936575
-2.557601071091188
1.2625997423604083
-2.234082061780507
4.809770762054819
3.249898115010082
-1.7252485426098274
-5.073299543941042
2.1451142714914475
-10.803029122056317
4.071545331625169
-4.645941698239534
10.853837729107417
-12.999798518130193
-2.954634726305876
-5.292225532320869
5.102598472792412
-6.169936442245298
3.392454568800054
-3.576631006733101
7.069993544705109
-9.878478219162114
-2.262038934459524
8.620869237311924
-1.020015640450846
-3.4318776826840742
7.075447497995234
12.594701345368131
-2.078577093847317
6.8597559732997935
0.6611381990132671
4.069332622198665
0.4989549161238894
6.281589716101876
8.366911644513674
-1.8244250462633067
0.3347203567593246
-0.9128124197978852
-0.8730742334549672
-0.5375971604062805
0.13305298825896186
-1.0657058881686763
-0.12023467687861904
-0.8345159427748918
-0.2861902580595743
-0.4664060485768314
0.17394914614735665
0.3005433073112986
-1.7691991256619404
-1.3373589565669275
0.352201730633272
-0.9408095580948617
-0.10072165089996789
-1.590924187096092
-2.6274283374959175
0.6924457068376724
-0.9371286513801514
-0.8336449887046025
-0.30667331891849314
-0.17222199046868908
-1.0764379732410436
-0.1845098980551659
0.24967646077876152
1.059128684916537
1.4291031167393058
-1.0309981416374727
-0.8893349266055327
-0.07376464001341289
-0.5729964342538448
2.291791219067589
3.603293843577029
-5.077287920109034
1.5333892525171848
-4.674906317393319
1.5996841057213145
3.5083329235478957
1.008963651716375
0.7933079963731946
-3.2073409086846887
-1.9273491486339176
4.523835804688227
-8.274663447716684
-0.4544927552795653
-2.522163706210202
-0.9484709947181037
-10.195832301410729
-2.698362554787346
-0.6574144887365494
-1.4687535685026816
-2.8750472294510483
0.28204317339322954
1.1075109926388567
-3.174454078086746
-3.4406251450907304
-1.644583994980412
-0.5836902644979409
-1.3059688398174714
6.080927527224345
3.737371854778208
-1.7177738801577154
0.5663474755590375
1.3254304534278976
1.7203348050394764
-0.034237177400761404
0.4172809201719789
1.7383781877212694
-0.3721774202400864
0.37309416277888635
1.000518889018167
0.44795996905968233
1.3151097488434544
2.041143155188017
-1.0114423176699918
-1.5196615384234022
-0.6474802729828429
0.5925434762782019
-0.32799982340516665
2.607415637971083
-0.1733174301035206
-0.8031459985338621
-1.065195649201413
-1.783465417266898
-1.0015392860441872
0.3168464582609693
-0.8915969563859889
0.5464286439395403
-0.5616039147113415
0.8386113567322562
-0.36976056011150166
-1.935228910122094
-0.12004728798637371
1.565518386115656
4.318746401220531
2.994474937293149
-2.816322629577594
-2.5848376906797133
0.9771674886326963
-3.025246434192893
2.374094454931351
-6.114394705956466
-1.2542771191748998
1.3972939430208213
2.798168981961252
0.2662003782065576
-4.998875711269161
-0.8378670487513797
0.8571331697874633
-1.7145915912515584
-0.8953038954829445
-3.2843585151480963
-1.0890664271604842
5.175170491858623
-0.43476602788410146
2.272334726123435
-3.7029160633610987
-3.3968290125825926
-0.6725765513987746
-7.344307731526333
-5.1724417756441134
16.799250083377498
-0.8936415405132797
-0.2229215247166246
-2.31401758369756
-1.8318043307553598
-5.277763861416358
-7.3963779563425405
5.270070932022434
3.1064991434484175
8.608768174670052
-2.1459996555503302
-5.029882259831551
-5.873938220110749
-8.094637639205418
-2.3955240021454576
3.539011644889086
-3.530510378329395
-3.595541464139693
-3.7631906271728854
1.9281259524328316
-1.898525840009986
-4.254521902439869
8.950664535906858
-1.4746888718840083
0.4183120399031322
1.2021514075741562
-7.74027761074236
10.657450006278033
3.149662939252083
7.273988344981312
-2.4993443852188557
6.677082841273554
5.498443410198801
-2.250135582543086
7.275332418264649
-0.3884098995701473
1.7825226111885535
2.931348654134398
-1.2225356787605066
8.39484446929182
-11.605884606378154
1.2974229696594812
2.825073697665252
6.441264047311219
2.3717925419932695
-1.8518208433365269
8.855879113155169
3.1759383493693787
8.884899203314395
-7.156784653873808
0.8159104006737995
2.9480443281942503
0.6564945514075923
-3.1600474703554395
10.202380132470466
3.9266530752617568
-1.4423714500574312
-1.7998059980294447
5.703375218703483
1.1967144433166694
-0.7707253149273379
-3.604140721212767
-10.10002492718184
-15.821165190744567
6.458273287230633
-0.7217060625077247
0.4193585858818494
-3.313867013962783
3.5926805425287225
-5.419617809318075
1.7553807105157586
-0.43965625019927795
-9.244244201301255
-0.3664280519614362
15.29576950255503
1.0333711565006691
7.802601709127912
4.550317827203853
0.5176782424900045
-9.401440639026323
-0.2627422528524076
12.575294097511257
-1.7287451435826215
-2.0375273964823237
-1.1032280279939086
3.6340888761285544
-0.21254700334780507
-0.5884586582583003
-1.2133804044251928
-3.3680351760928
0.7674999325518467
1.8429309422130904
7.639391763229997
-3.0020827928740244
2.902661746371455
-7.007765409643989
-10.58373585703974
3.7872759372590417
0.6698460689975476
10.68823427789957
-0.42859532509629816
-7.727941510008329
2.4296448099107035
7.261725717725927
5.104270953968972
10.791853424854963
-3.61206594989177
-1.9803036349438612
0.5394111388383969
-1.804691999046714
-2.147224892683365
-0.339811347414515
-5.924871063453303
-1.3239961297432836
3.564298089590714
-0.4771522282598024
-11.5677315164714
-1.3829621519826227
7.464080920937819
-10.45321531606127
-1.6507916837206795
0.8755561782240849
-6.806775912886609
16.441125751430633
-1.4924805397456644
-4.656534138757751
10.846636271730953
2.2688582563370012
7.335175764629258
3.3845589789481374
11.293266235052897
1.9432601434734664
1.2810736373902634
4.317484573709397
-11.495759008461064
-7.3431081568790315
4.468291267064553
-2.5461256837771153
1.032728281677312
0.06924971023732224
-0.6983010606806671
6.124319736423127
-1.3372093682701678
-10.697889353640587
5.833406762209638
0.7684695614773916
-0.8067433165932993
1.4571008934175134
-2.2312645176334627
0.9341971211407786
-7.656899503249903
-1.8025296196947689
7.574000134629832
2.5221020420885423
15.693629087500025
-2.1184635969777106
-1.8645607471708125
1.5409955713702066
1.681661644830503
8.277469993354758
-7.090934109933699
4.175604187727662
4.183222601830065
7.401091503394488
-0.09850659911152546
3.1400266636262346
0.4315809560817593
3.477563612328963
0.25055286348964867
9.873988215383301
-9.409431460453964
2.5831010271596653
0.7166026348587904
12.847668765275742
-9.471464205834057
-1.1182797663913255
-1.368792438981379
4.127135086792058
-10.162253129620181
1.0910420306629416
-8.548448006440458
0.5768173482529421
0.15441492910532603
-1.6709702513915223
1.9712371848696821
-1.1021578217029937
-2.2028259776548587
4.160520035636975
5.805939815906706
-1.3729528913659113
-1.7779122126537261
-4.966981002691903
-4.712722608192603
-2.340236743867029
6.1934371426574675
9.58044946606653
3.3617607228559683
3.8331746619897777
-12.529265147345175
-9.177067144660663
8.005231239987934
-10.934599844874153
-1.5726810540142515
-2.377287166527763
-3.7264349822657366
-15.595054034183148
-3.4538648767004467
-0.016584425982000075
2.7324116908644154
-2.1292165935050877
-2.430674274857065
-0.1313533232400466
1.0704666676496304
1.5338901184870102
-3.7610643976653875
-0.747135135026111
9.271656901544816
0.8214966579645152
3.3569607641191483
-0.6633684024108516
-4.930890085052582
3.9398572129646716
-1.4003936433882143
17.15383828627243
-5.406037536518865
-1.3345484536306218
-2.855714923378329
-3.119081148270738
-1.7297127587599448
0.7415647662055039
2.3323727277150805
11.693634051934884
3.942892197560226
-0.8456811172884102
4.648278399654488
-5.151894585655268
-1.0495487489318742
-9.516393784626752
0.36825612030172394
-2.3469168086762187
0.25000232180391624
-5.947691575048944
-4.3389309131413505
-0.48315849046148507
2.803407761998918
-10.050264788277085
1.1028116131951542
4.889627018158936
-9.72669683124421
-2.8843259235386722
-11.46161363478233
-3.7172225468466955
3.354339570675078
10.598284193858673
-11.305575823633951
0.8064516404709051
-3.545646889635416
0.783744627239456
-5.647418903397935
-6.644872153554086
0.7095789342577773
7.690632593916932
-4.141776854435751
0.5147318510791095
-0.6532786023155926
3.7485222370365503
-14.0603926760013
1.7763988684751202
-2.030968360086772
3.9752923963564344
-4.173301872438681
1.8512786121789222
-2.771259512962843
1.8368580011894198
-10.50007200058831
-0.25298003828383847
-0.18797267197050868
7.525716149576818
-5.35459370239174
0.444010743528668
4.54734735310077
0.34802291799887153
2.105755719012566
0.687894148558313
2.109254229284059
1.0359574834345064
2.9561475177542906
-6.091851270528742
-5.43447770381456
-2.498776527023197
3.972687202975582
7.958316658231395
2.756598408175343
-8.770105389005725
2.92958892001622
8.465422829373452
0.26695821231146805
5.0479080051839365
-0.9134350609288356
-3.0863263546534063
-1.0904095257341315
8.423076157656906
5.356670064778066
-2.195709333862681
1.2193333363253491
-9.773190499255811
0.8023143757907018
-1.4932036185313535
-4.9825121752866925
-5.4064448439766775
8.498368944071828
-4.462266310523298
-5.527186504383349
-2.5607764847992116
-3.4187644061252334
1.9353591386939228
3.588589080576988
-0.1516808596665865
0.20643235241358354
9.276708619137224
-1.134336161383743
1.0421478948641973
3.883431994539816
-4.407093481261558
3.847995532047194
-2.661954089821168
-1.0462417299842068
-1.447681175201963
-3.7614195550794784
1.6217489421856242
-2.959428325158657
-2.8721400110093724
1.8485025869371752
-1.2588088731588787
-5.6094893660872
-1.0420198795630997
-2.032097521678831
-0.8342302850209979
3.082925783290847
-0.32056178422463516
-2.868369051551571
1.9228509237865818
0.6378730876015523
0.39034846000132145
-0.42537549213656756
-0.3512626351612204
-0.29365877069254614
-0.752779382931791
0.637834748821702
1.8696828531666185
0.1087275048565428
1.8145776282640906
-0.5494746668821688
0.5921857077874461
-1.1043488176216836
0.0958191782168244
0.2171296481009059
-1.0320375261105716
0.242443527910323
1.0995744284491729
0.5358412700544326
1.3835458935513303
0.052262997962865085
0.49583362816791665
1.492134324192276
0.8002329041961631
1.048191361250022
-0.26887443007343886
0.4530896867119547
0.8908384767702545
0.31016477672618453
0.9273342666013195
2.64759782430931
-0.06872608087226123
-2.6299160571700697
-1.7477390206902148
2.35667622490677
3.647712182904842
-0.979901355988369
-3.3968102557762574
-1.9835306830099473
-1.059533585030353
0.29343429395405973
1.9062789155751976
2.059417013597167
1.2313291158792035
-0.7239086356792998
-4.355654989623058
-4.712116292494615
3.1649038354666765
-4.174149458604844
-5.828322831224039
0.6027533517668631
-1.207124921716655
2.372145670764142
1.8461490602477466
-3.457346894319155
-1.6792884191136799
2.0462903253941107
-0.1671089571985005
-1.0661815550975828
-0.8036454114348096
3.7866059636112626
8.689477074100851E-4
1.556271908646104
-1.539649266223459
0.1232679180506871
2.0477189341727713
0.10918223674728644
-1.2536230233405241
-1.637060424233088
-3.146704603815775
1.5004512112437283
-4.690493019231937
0.11662720022343619
-1.199927574721568
2.819055750731333
1.1379154028198655
0.7539551395801652
-1.2670935320316823
1.4550853044919208
1.3349463232131447
-0.7946509033573356
-2.9930782583456517
-1.5355613174846132
2.614443052873258
1.4342738731641347
3.6483586202544784
-4.972926002825782
-3.5042949432018915
-0.8140289461030733
0.1409854752206049
0.3801873732112378
0.9504885517466132
3.5150120428641105
1.469416279442644
3.3567452933862243
-0.4600559663390175
-2.864286179140837
3.628148467742231
-1.9616491521317507
-2.1010858210571777
2.380439526366712
-0.1739939949332688
-2.2777715203049844
1.0926561246645823
-3.006260036932634
1.2258175949268784
0.5802700947832283
1.2796193104571947
-1.4439160813206604
0.07792950606541918
3.2670821994464903
2.158244470934101
-0.5003392297689763
-4.241979035730978
0.21826119910456024
-5.425859336009423
-4.9205568043349075
2.8824903197037757
-1.7098953937588885
-1.2481761859128853
-1.304771037912102
-3.1083431557683205
2.516910561696049
-4.560794494884459
-1.4143036245291334
2.44611809936268
-3.0946407877971347
-4.892697887024258
1.0453027516541031
-0.9538088198480245
0.42742245748681773
-4.699234602790763
14.47616599632594
2.843791381885217
-2.3208438590687437
4.769198016191979
2.8760768049230467
-6.563303569064041
2.414837798927261
-6.294856897651346
1.673623824580684
3.2602197987602257
6.206963637454811
5.425776694950055
-0.1765237295470855
-2.254860877266129
-2.860113231885836
3.415469460896525
-2.8022942382043294
-3.472464900884372
-0.24470474046787846
2.5182983026361496
1.6069256719369618
-1.5469900013765052
-5.241321047881613
-0.8246414229584063
-3.1341333279733274
-2.0424399423954314
-1.1778907652316413
-6.637323963358894
4.789928590762132
-2.9786184183238125
-1.835330078267863
-8.406654970395515
7.080654987619441
-11.617383600479892
-13.182786368467244
-8.409259259269009
1.8092446019739208
-3.0434926664005784
-0.7167372241215543
2.175449995124795
-5.0860038373137595
-1.642928360759448
-2.6610858774311628
-3.1300241449218524
-0.6383133532919022
-1.4074121629665277
9.704011465455588
-4.887867273577243
-9.032661675802474
-6.042694571794002
-1.5350542997213936
11.284553129160567
2.9631366372265706
0.516738748114647
5.690579406969553
1.1576310168674502
9.011331902706715
-1.6477146023280351
-1.0847821304560004
-3.5650609198143726
-4.268563877407318
1.8452251600552
3.9988314671053837
1.804056399466434
4.906700696954932
-2.604742847236303
-0.13998517023766316
-2.0803092166944888
-1.9904764854378243
-4.266456240260706
1.96188962483269
-2.7677979507719885
-0.07533211160126582
-4.060504345296405
-2.8741219088039016
0.9201709212011866
1.9191004989878362
-2.232972380672715
-5.276773172023108
1.8934035493499892
2.419482886195951
0.6847145674050578
-1.1999917251264918
-2.531718622333879
1.2868816766289315
-0.26346550823077336
-5.106262719900831
-4.724432524635507
-4.120896963395007
-0.980811562136533
2.8853796774768457
-0.8470560883369063
-2.1208869541625663
-1.7938954071811837
-3.569182857006959
-0.12366901320694292
-4.258871110111186
-2.3417549830591913
1.33827785096687
-3.149149930848433
1.9754569276381104
-0.14457980218000774
3.1833858660100227
1.5670006915926369
-0.27158201316919944
0.49575443967160504
0.5023546420910078
-0.35270310418312817
-2.18279650535374
-0.7403445956828264
-0.5491202458492914
-0.6959396327162202
3.068326932275274
1.952454097827787
-3.336224404829942
1.6897688733524272
-4.665149714652286
-1.7990416143760566
0.6065994837349205
3.7998687396848325
-0.8474569223101176
-0.31004489852672285
3.459450059860241
-10.993075430212055
-0.6897986082538853
-1.5908972262432266
3.0241636851843556
15.375259352099455
7.384361857527965
2.0883794511877056
-1.262804343094162
3.6475648208675744
0.6944886245507604
-5.748319190165986
3.3498223254164867
-5.462424582464558
-4.245097564792924
1.8665332802155885
-5.655969693430857
5.799280557916408
-2.0230484958691837
1.620859509641519
-10.1850083224859
0.05608220448960838
0.3757078094853132
1.2487413220636387
-2.182703411524774
-6.28209446198154
3.3793245531411285
10.345620952353004
9.199763737755541
1.2773801293214297
18.2882813410092
-1.6901544087936762
-1.0443612264692277
4.622971079657651
-2.1532703723435778
0.29638864906625567
1.2909788182399655
-0.8539475359148659
-1.8797838219519682
-2.2291344754737534
-1.3779348086815648
1.1658794756628468
4.618932165005679
-2.451933417196933
1.753815851148399
-0.11020376874665976
3.924341761686287
1.80247006641355
4.7243076754117626
0.2872699662830199
-1.1138939720932868
-3.922366991697868
0.05757662810140752
-5.608213511284326
10.720715244649623
0.9665531904374112
-3.227053055090708
4.369444094095326
-1.5091430777563302
2.3907661079713063
-3.8660493702405776
0.6747676413635988
0.8321514624965775
2.4974133921358557
-1.456765879525119
-0.14956029268454538
3.1461863185496686
2.2472106234159193
-1.9774071244360731
-2.8954048326971775
-3.5558309872497875
2.83146203331037
2.565279744083045
2.2273062065256672
1.0151294556218513
-2.64931365930834
-0.17915197100042188
-1.4732266659098257
4.239768282492067
-2.3290743312774747
3.7942775202349983
-1.6099979326694098
4.474175148770042
4.984806445640261
-0.1472668211412687
1.320895322526327
0.9898635444886181
-2.3795234706153123
3.2432070210425663
0.31696036667702615
-4.014458140356703
-3.1084765206266756
2.1231411997184093
2.9536244618880274
2.5830718734188696
-0.818832134754882
3.009051484276269
-2.025922023651925
-3.3974124930857763
-2.5935495972363887
-2.704843775553125
1.674338173103052
-1.4475385267983285
-1.0485089790954345
-0.3567326188186699
-1.8561686664748707
1.6077725492730082
-2.049607247069807
0.28701326979803554
-1.0621666561168592
0.5658761997952999
-0.04153744541741027
-4.63839741005882
-1.7728043361870633
0.9234796004725796
-2.232083906551919
0.7462909993839797
-2.2355903911007817
3.498588930090998
1.3630978453109195
-2.161622725907688
2.295725059158978
-1.555565178398179
0.5989212192674892
-1.6788323058936276
3.4395149653416324
-0.9049023857841142
-0.9685967455370056
-1.3174719714205576
-3.0963456875696105
0.03527454651302747
3.3383679620821116
-2.7611103015482534
-1.1080514913240704
2.2107136788765094
-0.43927013451654084
-3.0780350928994498
-1.687914085970152
-1.7508256891646996
-6.040288299175488
0.4842920731932965
-1.6785985338716283
-0.34117356557373013
-0.12474753419910545
-3.6041710925755353
-3.562713852017974
3.391973078769064
3.7668808534153384
-1.914176366261324
-3.0809653464246396
-1.8725701193213773
-2.7669001255758476
-1.832495766022772
1.4548198209492482
0.9991011483672659
-0.7963748328690796
-1.3101978713733415
-1.3183196522405116
-1.9314811553403335
-2.0492657067603317
-2.7203490437950917
-0.09355328992849549
-0.33600810268729864
-1.3988626598416485
-0.27892327721077687
-3.093949654871189
0.884525096479806
0.7540707293620953
0.28878036731701096
-0.3602277336718311
-0.049861138258822074
-0.25146449517607883
0.01751881852786212
-0.07569053086351533
0.6697299735431059
-1.6109781312415017
-0.6500973736806472
-0.6147661673672478
-1.953714552102064
-2.451456623260311
2.318752653354696
-0.29320800952056514
0.48949485961552053
-1.480810062139457
-0.6559481109008564
-0.14831120553268004
4.160594508690955
-6.859724290838818
9.651901012431937
0.33633878502992304
-3.6394512513423622
-1.279924906191082
-1.857263322434256
-7.504058685688719
2.312140489801388
1.0025354227229049
-2.406914394064293
0.038609991723567216
-2.4968616314724232
0.03944784420359208
-2.625288504178801
-8.801098987023005
11.95547300936579
-0.2953298373900478
0.883917375528005
-3.6122348951887924
0.17926626530520917
-0.681445390637149
0.5037149790857424
-5.6725130801577786
7.139929547256474
5.229680360747574
3.510604182062639
-6.468716198070287
-5.586758393064602
2.4824604656041434
0.48070643657989054
0.7130954548307038
-3.434063111702601
-7.827978182859503
0.5679341325956336
1.2889831301631538
5.114291662908847
-9.364830018239683
-3.342066021972543
1.4180017971202925
2.136148971209302
0.7159074473716268
1.1516300485918365
2.448377467218555
0.6847087504765242
-4.054676700260053
-2.3289057993803612
-3.8987943070052054
-3.799426576139636
-0.39851967742064215
-0.06563277316259616
2.352731286672887
0.12637546902608227
1.0478296245114123
-1.9817536951007835
-0.4207980425751507
-0.3614924771740598
-4.020425734704855
1.4996700442168103
0.8289891326865083
-2.9663040745572147
0.28537715568677924
-0.19804192673255963
-0.7242606936043623
-0.5949407506038432
-1.2700397631348401
-0.7992665205264056
-1.463187609027404
-1.644328433300012
-2.366274632691253
-0.3569580744378316
2.0548094834116615
1.187030486602876
-0.7553476953603541
1.0722142853743957
-1.4897070525036333
1.3933847635808667
0.4794706229241146
-1.588120483252812
0.2640625338303748
-1.054402721970986
0.8615757684790705
-0.09894365497628807
0.20610258272973433
-0.5635063343084682
5.2709621530565105
-0.29006846187104407
-2.8058501242622533
2.1426120028712674
-1.057320540144078
-0.386957219574207
-6.180524010789217
2.193912202026919
1.1016103232262735
1.4048876096359963
0.18668755446637247
0.4461058092164109
-2.3482822954454483
-0.6015112276812393
-0.8912845554953196
0.12935813011909433
-1.1750646137819696
0.2946737602284345
0.3601277900370666
0.6075009192302633
1.1164198061953128
-0.11355826715511398
-1.1603979267960973
-5.34312744170699
0.42062851888448016
-0.5577378938491164
-1.6132159227647043
-1.1035762187898324
1.7571348546890058
2.7385293619679034
-1.1711379475918235
0.17406555961599485
-1.1969701969880393
-2.930654163565167
-0.7467808919560155
-1.0859359867936866
-1.483046961651428
1.4707253258705315
0.48898104647694285
-0.4429746106909397
-0.20991955817180136
1.4446873264353577
-3.3579688837567168
-1.8457303599206805
2.7835370712135807
-2.003345512918159
0.9821416195424504
-1.4046606088758142
0.7406109878810234
-0.18931665945355475
-4.126786821404616
2.6481865118789347
0.7775232770082062
0.3636505157124245
0.8549121049703948
1.3694096052530855
0.5649509215914815
-0.6031541677723896
2.1889613598416204
1.184305280962958
-1.2036373929192994
1.481577809624505
1.2741322139338795
1.35836302982452
0.9495542285780135
-2.0563858913531683
1.7080979963558007
1.3090173803735414
-0.17691933036060223
1.1751950409106549
-0.37011013946766935
0.7917067643158769
0.11232247503200243
-0.6827705985026722
2.3815381754152325
1.637387921322091
0.34962223401049974
-0.16290968503148157
-0.2869263649465095
-1.7747150177855642
-0.2989975560629878
0.633408403222956
0.11906092213365285
0.5693863151578799
0.7347076838440688
-0.19235076691264563
0.12320567524885663
1.5634724727075393
1.7205968791556963
2.2336786839385794
-0.4817208033468874
0.6952683229959946
1.1407408065000852
0.006557258155338792
0.98444631691974
2.170916440158141
-0.13772267357242868
-0.9354671736708545
0.6487375324115501
-1.1417366490173475
-1.4418269099149164
0.5849508863782492
-2.39491859722048
-0.11585964065046797
2.1006740885235597
1.9365962231825786
1.846758874103066
-2.3061378160364474
1.5266694623471315
4.187802834753882
2.973060228724536
-2.642517975114647
2.8240078493811342
1.8252928620508981
2.198394680786387
-2.753970686882091
-0.6830934579071326
-0.8107326740193873
-0.455459489771246
-0.24821373573069117
-0.35681278684311596
1.9054976262378567
-3.101793885838282
-0.9808620606557806
-1.610751443356283
3.892213833095005
-0.39025800585703413
2.815686793701807
-0.6766731416224351
0.39501563287719044
-2.1138769148963377
-2.654433328690411
1.2609036743842523
-2.9457704273253413
-3.1172170321943398
0.8561911000943999
-2.8689758841562263
-1.8109975202875024
2.62143137533429
2.9176646679885336
1.8867706890264957
2.9759123710449926
2.063088680767875
1.542062336686835
4.261028639081952
-2.213639188605523
2.4299048220705335
1.0847146768277003
3.9499267977562007
-0.27970260471854613
-1.6488547591222336
-0.11923223547357283
-0.11482302761717418
-1.4017953368382416
-1.7366063055101926
1.4661867372978223
-0.5821114508636233
-3.4425936551283574
2.942743127027948
-2.0915843586319354
-2.423414083405963
1.1201790134922394
0.20140940496296164
2.1231638861680455
-0.7413399625403568
3.1582416974210608
1.2321878235467016
1.5047301836198383
0.011024253443108896
-3.035023014159477
3.5662051354783
1.8839913541537718
1.5557122531349088
1.1836410216399311
1.0010112547056058
-0.8593169470673554
-0.31271698808816234
-0.17413784233924448
0.9365300787148951
-0.743102889168153
0.04331557051879203
-0.7047155106101678
0.7331317656136962
-0.16415492239594406
-0.1536956773520283
1.0850154943539703
-2.396856527282211
1.6603241370156474
-2.250205218160895
0.2746320803363514
-2.7309748915418166
-1.9046005177800789
-3.4510801314798103
4.4223078646770535
-0.018648588880693335
-2.2995569200292763
-5.374634688884297
-4.030768899474956
0.5241316376151416
0.1617007434182686
2.6215276146573134
0.6294077423879229
1.1763758511211417
-2.172239584862263
-2.8818406894936865
-2.2000916532705013
0.28047579990695504
-4.877450693243581
-0.22449504238758122
-1.7424859906460055
1.4448180689742807
0.6449206562999877
-2.918114610642975
-0.5001425558349463
-0.5523449479403212
0.9374833966339648
0.22194100627689983
1.9050092997368737
1.8536015909380263
-2.9441048071643796
-2.0737862392416653
-1.339301770302207
-2.2030594577825933
0.26520157071683464
2.9093049791402166
0.5537876103030378
0.5740714826552853
0.7600333785176219
2.0063632606470017
1.6399794807862196
0.37003924272525296
0.7443443010701156
0.15181091195631027
0.4493072874999376
-0.11590086250157591
1.758885841766664
0.3948363837088842
-2.0550974535627606
-0.4011290518222269
-1.1141322067595028
0.6580733023029923
1.3867660529809684
0.46922459497104874
0.19974846155392212
1.0313211137791198
0.0980591859593364
0.4788196366076532
-1.7615071362621313
0.8836505961276075
-1.1637533635229893
0.4099073052977767
1.4702372660690954
0.4597789542267835
-0.995373180052087
-0.3425655179805278
1.5833535646254522
1.0507460866786515
-0.5883550409947768
0.6756391494214042
-0.27851611934343107
-1.5877628774162287
0.32100860640718726
-2.2052365180759725
2.2346227985666314
-0.9461996163459659
2.7021963496878993
0.40363306709137264
1.6598291002834447
1.5703272838313493
0.5099273351172628
-3.4464546376984173
2.6604856234371086
0.5734389599259293
0.2576721939297077
-2.4956304604929556
1.8217771529846358
0.709397574700561
0.3782034085594895
-0.5569684492898205
-0.8432158922485214
0.47347407385154594
-1.0789130376142353
-0.6169287663169315
-0.04072211514492288
-1.0103124399366377
3.758963701000255
-2.731891441504102
-0.2678687230015989
-1.9597478017838605
-0.5100266329876358
-0.10140128978409782
0.5651393721876048
-3.0237949513200917
-0.6605855376417977
2.0370490096810157
3.5177403704072328
-0.1245782169728482
2.2352037342049056
-2.8229670583138553
-2.171658702303703
0.40367147468346465
0.2672700000698451
-0.8817790381512375
-4.150372220592931
4.06451445418213
1.6066288677757814
0.36856513011919273
-3.3637153097459978
1.442781022207378
-1.1768459875796324
0.1371669024893347
-0.956964057604396
0.7977583719515354
-0.7372661673557415
-1.7537715128220281
0.630535041716361
2.2114018846786108
-4.625408065502273
-1.4916058945248853
-1.046966064506624
0.9053119304778035
-0.5796865570029144
0.5325993832519974
-0.8426150535189748
-1.0243138357714312
0.816005888970483
1.9211621545830204
1.195018186078587
1.0478975989790442
-0.4315956886874843
0.9545355446686107
-0.6142086879811139
0.4524303877872075
-0.5325935012934414
0.7059053666571885
-0.30084555590547557
0.19580232422419325
0.6477093543601948
0.5938122523967282
0.5610458118387679
0.547297092032063
0.4895142358584582
0.4593080545002579
-0.4345823534266602
-1.5905863728598275
-0.5460336318687671
1.4850740800814235
0.13855083428259402
0.7032374372107837
-0.2688801214876044
0.498376710863277
1.4653687826755741
0.8371007794742349
0.8865639079249913
-1.0447061426637
-1.86824606111953
0.8334089030799551
-1.5809472140621543
2.1968727638721384
-1.7161642375450659
0.5007895087559353
-2.814130803992386
-0.39457265834695643
-0.27577030847691475
1.5954865179889046
1.6110143931774379
3.122259665783063
-2.4786278711430234
1.6723360891755719
-1.6154710813473325
1.4310258304068675
-1.2866731243063194
0.9859531051746429
0.8872255447770533
0.5917431212392816
1.2718200487779803
-0.2767608848994186
2.1898299250599216
-0.8602988925311429
-1.408722048642817
-2.502740938722216
2.5257088324721018
0.0058600235538493394
1.6296992870596405
2.3800890522590152
-0.9943600432693636
-3.194660675965206
1.5135509048411704
2.6985867165546558
1.485485910855099
1.1851519085025866
-2.0939770295595217
-0.17617918285586218
-2.143010352105098
0.6073411844812463
-1.1129317887341457
-3.937868957834129
-3.0445780058027894
-0.8004187699601845
2.025217625986816
-3.0372210487899527
0.9271746625208214
-0.10464212163034212
-2.1842468190618307
-1.025758718305348
-1.0963392164192518
0.730313606433079
-0.524100747114129
-0.3211838103543902
0.968153723859462
1.8319282092658549
-1.7766719548479497
0.28459729343582624
-1.338530057854593
2.870304147202141
0.41676946937915316
-1.8062371153315429
0.8942956980754139
-0.1560881469757537
-2.256001385461305
-0.9586238972476068
-0.9668614626502533
0.8810650938798446
1.4765073065217849
-2.24920722993422
-0.31531948221613076
-0.47238708727426
1.1338637665729225
6.725964505352664
0.9888206094019394
0.2870600875913555
-0.18242826757810274
2.5691130657525227
-1.0742069335665836
-1.9047885578944344
2.0874326913150876
1.8596138257140413
0.306166814433469
0.5307552953457574
-1.0764134294247245
1.6626995453533584
-0.9532817308462296
-0.40799075645472355
1.929251026305876
-0.5238091501006519
-0.6471021906901226
-1.508748023194176
0.3774170401401879
-0.675303566744041
2.1455289410754164
-2.6581216263942964
-1.5633071143844266
2.1095230889872068
-1.3544898689195675
3.5022348163146204
-1.4745427557984947
-0.8449921288274408
0.9325196526846988
-0.12588205410909672
-0.1783935077841694
-2.142481240396599
-1.695621026084909
-1.9432861085653665
2.2164481255830273
-2.644776949914971
-1.799740749343676
2.399084504263006
1.3051309289967603
-0.99291984137525
0.5987117541269177
-0.1992432573598602
1.7230582942328356
-0.8248589267633709
-1.1622560499690495
-0.6538366856886029
-2.1867508262328417
0.9881193192578221
-2.8155437582998606
-1.5179624048468991
-1.1039706408911532
1.5556283341700066
4.534744873378592
-0.41790534089323794
-1.1001524329978216
-1.1394564447238824
2.159346161257772
-1.2059081721006348
-0.33235820549332445
2.8213897366789498
-1.715965473267656
0.5826790131692589
-2.1454112741434557
-5.798675766696538
0.3431098340827911
1.0788977313123802
-1.7996988020297549
2.2394842283591245
-2.761344683065631
-3.202927446886136
2.2640038184236255
-1.1330863391393273
-0.3598958712767173
-0.020108722286973222
4.274416029909567
0.22856349553093844
-0.18148303510822072
1.6711420927820715
1.0655662445458027
-0.9080010789100961
2.1431562929569776
0.7345300139004867
0.6106289082032335
-0.06134065644548984
-0.38213719305635024
1.1813466356163833
-0.39167976501533525
-0.08377338973485998
-1.6236919556783613
0.09329130528410949
1.3507735129660643
0.42954767371429114
-0.32064164907041387
0.5449213604712704
-1.504395349261231
0.7212591749523521
-0.9083161248768311
-1.442384364943424
-0.8464411038709628
-0.5703742124370855
-0.7529695284495704
