-3.6639295824859426
1.272805096711634
-2.8812358219096286
1.1272498311204886
-2.970818939880119
-3.6252059328441235
6.045555388868166
0.1816687367487642
3.5453668997090713
-2.1150361996459854
2.384455115533815
-3.6783497966004544
4.982789188007988
-0.7497199431899114
-5.376772576388869
5.459187439737017
-1.0315211333554186
-2.9690221794460014
0.23119959120454692
2.095524813454294
0.7723688768378472
-14.213579838885646
-10.270675625938146
4.261060414289468
0.41014030822722103
2.808482467453546
-2.2250396528045027
-14.218260355302574
5.689976523953331
0.10223148391487548
2.429667513696721
0.4218034323432071
8.460303825731602
-2.2762612353125773
4.606148203832753
-6.91050432760669
1.830157368722517
3.9952387075661746
4.965284319631075
0.9823685294167301
-3.5437621203993004
-0.8713263654026095
-7.874960732727247
5.832164284302397
1.054745518077792
8.064794769796416
-3.990136034086478
-12.61048398807103
-14.25684970316788
-0.1925731456442332
-1.0556778495147958
-3.002581496919035
0.37521062593667914
1.173986205557438
-12.90266957417791
1.0716909367025629
1.0044382872748037
4.002377438734242
-0.6650252143762582
-16.212358654124237
-8.427981243598289
-4.561886191400022
2.394486337291986
0.01817562093377835
4.269298392214477
-13.706542411802603
7.078650020200308
-3.570680060785529
2.085487214877995
-1.3064759141941824
-0.293540617845808
0.0927243875961848
7.704201173526328
-10.18834440127429
-5.042914114948061
2.2679006054211523
-3.6487007748300715
-9.457087679486671
3.6815259662933637
-1.4088057907546225
3.434709081798595
3.127123754282765
0.3774868651287252
-11.889894657259442
1.2221899842883617
2.372279030471272
-5.926728059716095
0.6841804213103214
-1.4972457172884748
0.9040926163008393
3.5244099912944318
4.659335813808638
3.1687967680055107
1.9931144443860187
-0.18500251307695287
0.12742057738554458
-7.646023806991948
-3.9862507425750677
4.468168797764013
3.1211184955221443
-6.4914873697484925
-2.6821132771968608
-2.392053345205756
0.013409764959481043
1.2996935814636301
-1.0748447034015798
4.917045029929183
-2.958768857308803
0.1338316265334864
-0.06663707226850589
-1.669656860147761
2.717054731703243
0.18938493747554327
-2.3354547609266256
-0.4617621544867418
7.643917535232689
-1.5745044705961222
12.438249428079137
2.2327461127616997
-1.768882631587899
-0.9692931916466262
0.1263785689646265
-0.42756422541992645
-6.392571502482162
-2.849524903310653
-2.451751493183487
0.3503539042262811
-1.2008407890913848
3.9581538265548684
-3.7873502281263693
-9.460991903182414
-2.38730283255846
-11.65096781481356
1.9507766693817163
4.0826727709109845
0.1114543553209016
1.7663505525819587
-9.184114699977352
-1.5242723483015665
-7.456371787662599
-0.916144973844926
1.7697515174642804
-2.3901519236030913
-8.510968382432464
-3.9245824239127036
1.9676243115283925
-0.6223424256163594
5.223728662811292
-1.216400762867402
-5.714831925438704
-4.849834909275981
-4.500216332154918
-0.28968296706618346
-0.1102781897104822
0.2751570329282789
-4.23106166879469
-4.794910204419073
-4.2530767150864035
0.3986045658498761
-1.1466355118669183
0.4885392421756994
-0.5278315494100243
1.1401600610862288
1.4004781618143973
-2.3399509248925883
0.6026533860439532
0.46536948595257066
-0.1560100484901165
1.129985007624778
0.44711262610381103
3.49511230174784
2.0456108957750776
0.969552228960643
1.5566852986717628
0.15595799060771376
1.6047868757104995
1.198887216545814
1.5878260201137295
0.7394313344575553
-1.6982113520568134
0.48593411077587245
-0.44633393832740564
1.068136112858569
0.007738634991846997
0.3380067917274439
-0.714325872340505
-0.04675048233789271
-0.005053939541153874
-0.5580284406905471
1.1013274517951812
0.3982195375118926
2.123007408112694
3.4106375781505682
4.854304389440853
-0.552164734548593
-5.976238256621261
12.119378979692403
0.6123006770248949
-2.325167925569779
-0.13778849933660595
0.7993544971855231
-3.185003741811012
0.0627536570982843
4.6425807441922045
-4.672243818335844
-2.8545229286708995
6.34664529251292
-2.007809649537366
-7.021062287520586
-4.166892866232263
0.7707872278098804
-1.04819909971034
0.6079534085955492
-1.975541568336397
-0.3754853618140121
8.602088418187117
-1.3277804105910058
2.6828467190902145
3.5029297899531278
0.0913397488353683
4.234282093677915
0.44703088368540306
1.4568292931090232
-1.2650694069028188
-0.6512697978890395
-9.698213708841653
7.851258478527047
1.4642288099874414
-9.2562263290423
1.1244936453754417
6.277144635888494
1.338327470062449
-3.2440553670824714
-4.717504905223918
19.090073955036146
-0.8716991477914368
6.235984846790645
6.527964797840649
-6.828535530305065
-4.001968594262975
-9.980489230774635
-1.5115765799851812
-1.6789640687140786
1.2668680825008254
-3.805521413725162
2.1069413202336476
-8.396760527213118
-0.011687405129709411
1.180083776319695
3.8635509908346
-5.343677725789635
-2.3823266362848066
5.965691175261474
-1.86121059800127
3.415479527209819
-0.5955062414094018
-1.3264492627585613
-2.2050030338340583
-0.3007214076957373
1.1521432711321806
-3.402312662621187
0.3346352427684837
-2.721153310491302
-0.5657541226467059
-1.5500591399924881
0.030913487014117873
-1.8999658581447694
0.19112656173050355
6.339974945268352
-6.790223127634026
-3.3054646483994534
-7.818294381655736
7.750170556624004
3.8831093876354728
-1.1112783013334209
-1.919347147396652
0.07408527296315849
-0.17859639786716788
-2.9371683455577595
-6.014169483639074
-0.6224651942070528
-2.938712768042523
-1.6547516074870308
13.338606774596505
8.25436152042475
-5.230717033063665
-1.771843448575938
-2.5748471953353356
-0.4058577498736354
-6.20936004811439
-5.112862204986852
0.42430629979032186
1.2139892517345465
1.821720955365245
-13.450064318054594
1.331801472676967
2.8887643675615586
-1.5263924617326592
3.6048760422036747
-0.4241646201499678
-2.1445679676117284
2.8458449667187615
-1.1697165408359482
1.4708630499210478
-0.9150700477240722
3.158425607772361
1.8978551780985506
5.811894115634361
1.4235368954008323
9.982965131010463
10.463201286442043
0.638665882001962
2.1466862701875646
-6.690065222066856
-2.001864332573393
-2.192805640457092
-5.392684535433417
-1.1666259421768483
-0.5946011310518692
0.40656096749110526
3.053833306203677
6.529089487684051
-18.52203100773869
-2.6749712482012757
6.555232664805238
0.8119664521401514
-1.393361437627604
0.9187870220035562
3.1392838990772667
-5.006344164213765
-8.993990426923988
-6.923403845003367
-3.2416853166354063
-0.45055886046595967
-0.6947883643360019
-2.948601771641557
-1.0086837828368362
2.6775378503571727
0.24298158850667523
2.7992060742870866
8.453451807241501
-2.0665625193655552
-3.236504498311203
-1.7280966759185532
1.6408621639692256
-2.71996827708326
3.0904385246950428
-0.34136158822808665
-10.240914806165614
-1.622877759552832
0.180535321280371
0.5863870619634715
-6.038713632966232
2.547290211038151
5.933802491427155
0.42201612974310787
7.221100207066263
-3.805140076049171
3.7344236777890494
-0.2863127195188328
-2.759049817741674
0.3030327114640529
6.469552125137828
-4.5112681895668025
4.512522640265832
-3.7830888930123923
0.9468865256052122
7.081883799107332
2.2179464261179076
-8.03842373969286
1.064099387957296
-5.044432669684393
-2.4202302576994703
-14.065683448221952
-3.6903349271873562
11.913386881344733
-0.4123458556429845
6.869755271510607
-0.7635523615249961
-7.318722008870929
9.128110309936332
2.8871596076950987
0.41192671227641176
-0.7040712276540101
-1.960030169309454
2.066219698248255
2.497609727466109
-1.9364535088321038
6.944097629001646
-1.279773389689968
-2.1871123615706223
0.7226284816336328
-3.4821336900726467
-5.823051228716334
1.9384030553329914
4.050280653567217
-6.374866511611403
-9.042212168668467
8.960910838521357
18.869104522111076
0.7400257555575198
-3.2490424090130623
1.4289432121048045
-4.339128012962045
-3.2573509299087857
3.5666306223031006
-3.883684677094779
4.598706392798255
-1.7388954984466949
-3.256910166505213
0.6296100818254542
10.686576417753013
0.9300004964498246
7.113298831115393
-1.7284791118055576
0.5676137617166508
0.49957478101151886
17.26536881171722
0.7960885719251645
2.6007702456718236
-6.277439590833838
0.9763352275026745
-7.368998850672024
-0.1463521666084353
-5.931793069026366
12.002496895394046
-3.5327958861460487
5.463469241415795
-0.9587925586972186
4.852377825569741
-0.018888015365045734
-2.482700384407276
-0.8269730325045186
3.7257167665023228
-0.8030888128420878
1.6094565340654503
-3.6017006429473692
9.301373859767132
9.453986879630248
-0.9411187093917721
1.2146362325898834
-1.568884764076219
-0.3499089984025389
-1.6915720592708778
-11.368343665975518
1.564173978198887
-1.3253013341963036
-0.2639862677881577
-5.084817279675279
2.309906579360244
0.9521161493882176
-3.940543918037828
4.890965713522348
-0.2992703670783142
-14.992088446103567
-0.511896221487735
-0.6471685672360235
-5.067425784547344
2.431200616801855
-4.695517503302585
-0.6091685659273595
-0.09232516594516826
-1.1453261551064873
5.480723420313523
-10.230902496788781
-0.037959629081194775
-0.07668703888887105
7.746382169879113
0.05151892602705444
3.817459820846393
-6.479824391679263
2.6964368102879095
-1.132047218890779
-8.093331073657067
0.7545196867564204
-4.0423930322021535
-3.937308242435264
-4.4006042285780635
1.7487414746130954
1.9114369178461847
1.2439026226758152
-3.8703248894230358
8.987840291821643
-10.505025120668984
-0.6927027931826675
1.4460142117138632
-3.499928668494321
-0.7368101013607362
-3.90077969711664
-3.2532460292807657
-9.642988724392175
4.584694824412853
-0.2931008653807362
7.230624151047265
3.7740994233708496
3.8131275617372227
-8.09849097844815
-4.5206056967162365
1.7602873822520975
-6.079271410596377
0.26197983648195305
4.738648681532681
-11.42036147738578
2.1721005090355905
1.7229348106472904
0.5710427035839165
-2.273560602439158
7.4631747723298725
-2.480276447211994
3.128967661882869
1.411450541058141
0.22270343647359173
-1.761455024900339
2.9395670032597474
-3.71475886352641
-0.11799934027190163
-0.6770199400928097
0.44404099928583424
-0.743302269673437
1.4183742502926502
-5.510501636145399
-1.922388800338336
1.3272828162577168
-4.622744406138394
-7.874542583595705
3.5638882162625047
0.716540411749267
2.3019450383661995
-0.987910118460258
-2.7717106749804747
4.9340654838914775
0.9060409790059785
1.7606286513834613
0.3776401441476802
0.5138010234970337
3.2535696608640694
2.7708830161600004
-6.552773775409724
2.485413035317891
-0.7757401795159871
5.85798839518689
2.515951493943262
-0.529128012819067
7.710478856527216
-0.009786455987029409
2.2101362109116627
-0.7890824363558484
-2.6054965046371032
0.8621449193681336
1.6269983940440578
3.4004464220403863
-2.2393289950869533
-2.206670269597356
6.577690040489387
-0.2509161865634833
1.7615171950700155
5.762596393136291
-0.30914672504828605
-2.9660834471833932
8.129719218640096
-0.27005866328112244
4.2567144106436565
-3.7541808200844504
0.045441661478632656
-4.196323271852176
0.10650254857427338
2.1400502576845666
5.973730760884124
15.087221618784412
1.62851600172534
-15.24160003984522
-1.3533077205143875
-8.043468720499016
0.8850520236820055
4.998950151052337
3.7694612205244327
-4.470183061028583
4.591178801056864
2.3000299765828807
6.718951181644334
0.33524363186045225
3.3631058899712754
5.410851451391744
4.43969527614301
0.5806752041734029
-6.332075735933245
-2.0357877822790824
-6.520514946875961
2.9660343199979944
0.33776822117848143
-0.9636059513215046
0.6096164194686539
-0.0505884514244589
-0.884497360757432
0.29369575132615583
-0.8529414523083112
2.624366326665236
-1.4012667299869637
15.185563671741946
-0.8356501785716526
-3.025853759866895
0.38219742388109085
1.5463317063332067
-0.35595438181270755
-2.6665356668502427
3.7255898099225098
2.824206689507414
-0.62265541714287
-1.1872859442850163
1.00981075371545
4.1814421361060425
-1.3601005147915763
0.7945944040157865
-0.9631131190189808
-1.39677414689407
1.7683764709878158
-0.23410689577844304
-5.947894244934853
-1.1156686343256594
-2.398343739497222
1.2655102756332348
-2.301836583452432
-0.5295925556590787
1.0193373937506311
-4.0021362489582595
-0.6745060576088735
2.8357484491525335
1.544463072663852
-3.3700058975836082
-3.103503068090012
7.831629466746941
2.9815978225634923
-3.659547596540742
3.326953267087042
2.3571924724408806
-1.1167813815465233
0.3245861293731056
0.19132615494148936
-1.3184795943918963
-3.2026164359851905
-3.2652752412580193
2.3337780045175798
-0.30908038162130486
-11.280136310811821
-2.9591587121885103
6.178728399311991
4.904537559746019
-14.506330844911648
0.2903923213402378
-1.344672617916763
0.4615055885065486
-1.3091693854372815
0.9456512404203472
-2.36020125457989
-2.371051043803477
2.238407674328405
0.3423651650530516
-1.3143179091562824
-1.5473124347203482
-0.4945672718863566
-1.7871541947493852
-0.48351074232073826
0.7976358449855885
-1.26858971477857
0.29195232340254984
0.15495166484467865
-1.5959471600138073
-0.33929685404350163
0.3702171998001338
-0.301685209405688
-0.08097533402780085
-1.1322232209537895
1.3967693795918799
0.925790309886941
-0.09508765069341658
-0.11932504287278535
-1.1910783396241482
-0.47757759919097426
-0.8540637223899867
0.14314533565682006
-0.6555311065148464
-0.43448663706377155
-1.1291614193383182
-2.1575168544459564
0.6436622727625194
-1.4060557435234817
-0.12333783110708127
-1.1406352203833559
1.80980567446085
-0.5620270955768749
0.9265085433376316
1.1717796560210725
7.821025684553255
-2.236754441068468
1.0128854598674233
-0.9900280981531336
-0.06802122198507321
-0.7027696094974526
2.592099434974696
-0.3416973176037411
16.384748786212274
-1.334386123404004
6.836445562765385
-3.9454745299772274
1.232282907130061
-1.4896766255913818
1.5668887201020478
-5.9951672020852245
-4.7183850112007555
2.20268506365065
1.2787129374406974
-1.0243586284269568
-2.1061545781023123
-6.828173519859498
-4.516134709258903
-5.878614980121299
-0.022627750242957396
-0.04332659042567208
-5.648762843786827
-3.862572154240755
-0.18961920873319563
1.6758015047243258
0.10599764475855417
1.1828447034052092
-0.6117414165029085
1.047049924345821
0.6987507064383824
0.17466595756063918
-0.025895587900188165
0.49970073595008757
-0.41490929681929034
-0.15713107258814066
-0.631727461927538
1.6957668697822343
1.41702596783427
0.1333710857807758
2.928569014995588
1.2143881708183455
-0.8911249408655667
-0.26944087973389486
1.3880402126246556
-0.9983185450627897
1.2710558460812145
-0.010772780597561675
0.19271523222880863
1.0650388534854267
-1.3593495724773188
0.3586039740410411
-0.5161967667852385
1.1426045860797682
-0.5316019842055387
2.1724707438199977
2.4561698068667535
2.92583861056703
-7.527672732152921
2.7628570176492957
8.557202819258722
4.431536182671093
-3.055548913642464
-3.918148403492803
3.14378803331254
-3.9701232909491617
-13.40956521091269
0.010371511450922981
-13.194207159243577
1.4291041226255772
-5.981216150102314
0.7914516822861407
25.71101376994959
-1.9675388953856643
7.049501545195199
2.5605766780170574
-0.08572772486868205
-2.8988403902336026
-3.594170198134574
-5.732145744679827
-7.987069957599502
0.2625368018604734
-1.869732469657637
-2.5161041740079506
3.37155502083426
1.0139210107854821
9.301830429905234
-0.7661683133342786
6.380355585637835
-0.9720717629053162
-1.823466243388517
4.219214572250605
11.32220766122652
6.052645852586755
4.515765214278659
-5.885025684626355
-5.783033415131553
-3.124898793949424
-2.812868668642117
0.8206196505026286
-2.0070957948720434
-1.3529734011181012
2.729066402714577
-1.976046129631774
16.316770514039906
-1.3362715043181486
7.388867541702456
-6.131007934590276
-4.049590881390932
-1.662429242659894
-5.113240671002931
-5.344052683945754
-1.669450816835828
1.4848366090811396
-3.428558490530185
-8.618592637951107
-5.877844105524832
-2.1619141458571396
1.7568101712399415
-3.7779831915584183
3.8486346477135696
-5.482812263650766
7.805826843391421
-1.4362184171697276
-10.778284275872686
1.3788348106280066
5.276870850878833
-11.465034072781801
-11.780496979402045
9.783869400154968
2.430422202769492
3.296333933552112
-16.28296682708846
-6.31273143797265
5.0605103637383815
-9.524773553372757
-7.303873790792944
-4.129094981614952
0.23507799508574645
0.8656129124951583
5.054007627541036
3.8041561645258537
-0.6916257508621609
7.437355825864691
1.343866566042811
-3.0418602772656556
1.4609151954101867
-2.535264771865953
-16.282396275694623
2.823975027037575
1.9847798965612706
0.5720234618978621
0.8871858812698452
0.6116233785330046
1.782092933233414
-1.9828196433863465
2.3604103378839523
1.184417196366503
-0.36665620867147425
0.3206998494219889
-0.4131606092554519
1.1144800120658769
-0.15377648034668603
-0.4087869079753136
-0.7601166334679171
-0.2577846506380451
1.4275763930616514
-0.23097130273688563
0.1740799496522759
0.4706164197575596
0.4112763588848399
-0.25735831410824134
-0.768852786635626
-1.078977443081999
0.9984814413080336
-0.040518227189128
-0.6742802174202477
1.5944560904152678
1.5966689265567178
0.09726410479261362
0.4804455118065837
1.3070131749872045
-0.018167844074824496
1.8094345382253425
-3.7236668948817155
1.42257295566776
-2.5178140519250687
0.3289562812209289
-3.3025719626561587
-1.224332975616673
5.879707502120003
0.754728790769842
-3.051067977189722
-1.1878751975480086
-5.780984916465044
0.3818426988717519
-13.048599905531683
2.3465728840050613
-5.474940306523215
2.3984366560037254
1.1193905582691959
1.0287500536445704
-0.06463848070728498
1.01167545204436
0.5090068008064543
2.546401254180446
0.9681808492270004
-13.61764695667939
0.10887878096930122
1.6280464588565757
0.1024353863888937
2.7010588531781536
-2.707613335331096
0.5843289822615677
1.805238952457787
-1.1846685989599886
9.473905017876616
2.5601236843297146
-4.6749504341129935
-2.635589133884811
-18.773167190658263
10.133910582318864
3.264029603732284
-2.438508476110253
-8.832732935825966
-1.2735106751582417
0.2612420965228891
-0.6855275910485589
6.160468648806314
-1.7826538711727558
-1.0887193214550053
-4.124116287182481
9.953089538229074
2.3566490813910113
3.4622540662162478
-3.446960905517107
7.858385782504602
0.5230144621836021
-2.575315689144098
-4.3220763950200025
-6.545161602662085
1.602210779996453
-4.233766272709234
-0.24551299317840852
-9.15786695408958
-0.7969885054688419
11.81439439321149
-2.6858748249745266
13.822415078962777
4.476031192565128
-8.405050556054114
-1.5873130127799664
1.2719874237730275
10.410180917235742
-12.090917007048482
-3.1650179730160146
1.5323721903366303
-3.876220955358192
-2.3612844797987735
-1.915802757406496
4.226043971327498
-3.793604064496597
7.60827152318352
-0.46786772094744294
-3.756993111002939
3.6839918744312383
4.391488830633987
4.3030550803782965
3.1843351792387042
-3.106971220357601
-2.778655912807171
4.799496164114097
-4.188076474241718
1.3562572934222101
-5.245949424538946
-5.520626181197062
-0.7036821911026281
-1.7618574148260828
16.05320582122592
-2.966202499094028
-10.174078440273764
0.2687585110804628
4.492526548563514
0.4573634302463884
-2.4788321251902055
-7.244523913766946
-3.599169956307108
-10.694001316896658
-5.785169435361193
4.875756271774576
5.868386992294283
2.416204395037424
-4.280706517498473
-0.47833314473550537
-5.951455335713402
1.9381192974041976
11.468293233923903
-4.704366198766832
-16.02300848760039
8.773745755489774
2.319972434822659
-5.006961207226915
-2.0656750553273975
-0.7677039990895826
1.7965219517462891
5.319930191399162
7.4146202227579785
16.563356671482527
-3.5978160101788723
1.8351070177077102
-3.0273800031157907
1.4876016880602794
-0.11601506531754605
-3.594124290317019
3.6230739862144725
-0.603885705163789
-0.1960956500077458
-0.10174688529850238
7.450653418120874
20.592562301344586
-2.720491804169111
-5.101716935536885
-7.034924669449868
-2.3271160415484418
9.089504313666035
2.154210591212584
-6.871985024077326
4.894869862473019
-5.637241446778029
7.65384482897937
-4.433854961938079
-2.436365752015693
-0.7688641176794286
-0.6691375604238418
-0.8347606104888123
-0.34449325911479994
-1.2521922064119184
9.964309649699436
1.6161098722200071
-6.302318134915423
1.4091922761031805
-2.469074452476217
-1.213538509143732
-1.8127828680409452
-2.2989566770787158
-2.886596826461909
-0.5519916303649595
-1.3378635220926305
-1.6898594204880013
-2.6205431861059187
2.2365385342211015
-2.2516008786952124
-0.5491505799604882
3.924397081486229
1.6951126249436559
-1.2354984314606638
-0.8273778884287109
-2.907660949804227
2.666981404805217
-1.0051108784081118
-0.3073670062334621
-0.3204648351811434
-0.3817646060126229
0.11597953348040065
1.545461262078019
-1.475025976637169
1.6989761593317607
-1.582168975154168
-0.10516013534957314
-0.7067006761781292
1.4989430121740326
-12.226784718032699
1.5399184045439527
-2.9849765411177276
0.5683793046551912
-3.0782227537221205
-1.2970530325674705
-2.3182229024928414
-0.4074708698655682
1.0849825099007473
0.9427671294270423
1.9900375292463464
-0.2769471521179677
-0.6972467139040929
1.082725989020848
1.8873119101702729
-0.49809979890997286
0.44456285036058724
1.3874972547132953
0.6053157615234785
0.5484527230174719
1.1906515133151454
0.26693379193583466
-1.7552110846410836
1.3727960295318469
1.5244462919717214
-0.4895820045947674
0.34050131848314874
-3.1126723079916196
0.2119500857454266
2.682121179897351
2.06020087279372
0.29475955773054874
0.5313364676727304
-0.04785944768125229
0.5886367746569072
-0.6034012756221254
1.5527470765458398
1.41874695416737
-0.12731863967997395
-3.836039755365317
14.134220480256177
0.13104685295416113
-3.0965505538831244
-1.9527818299190205
-0.23302315178051133
-1.1771041367779773
3.359868215095662
0.4193301720130723
1.631802154396452
1.1202664373045421
-0.2739964289505488
-1.2999004751107817
0.9990729654697635
0.39301445698652815
1.8709217734467176
0.7496880539984765
0.32651557467318504
1.1736381889283742
-1.064107893935947
-3.412389079900179
-0.9314709795396638
5.13893752931235
1.0791172315303106
3.023818085337661
0.6138713915758925
0.3014516371367289
-0.3828026825027905
0.5674289101127052
0.9109552504368271
0.5682067394067883
-0.5400021182290374
-0.8550199680483722
1.3208542423698948
0.4363372028697827
-1.3897387304815014
0.06654139232190324
-0.9194634993215937
-14.808205630732994
1.5072941347843904
-1.3344344308828413
-0.819414293059702
-0.04162765234270922
2.2865711602623047
0.06477850419326937
-0.42546630017553777
0.5371788594125305
-0.07182287787041532
-2.3078714513029723
-0.12072162828460907
0.6802843076685684
-1.674375846742754
1.9667394106138998
-1.5249210378528295
-1.567336548033714
7.654848994315989
0.8556657254957974
1.4897447945173536
-0.3352570286327337
-0.36479674200648426
-0.3925319371554518
-14.099957288198887
0.7945635900446516
2.2191653864128824
-5.369105063957879
0.3152512208097191
5.998952177854512
0.8969345152164637
1.8626833895506765
-0.7389780285756097
0.4119822773404787
-1.0703165775828503
-0.9424122970384765
1.9199207568210854
0.43041971915265936
-1.9427443869481609
-3.381931811823722
-0.08741879338964799
-0.2491146100350471
1.3730526579412001
-3.0171025367488715
-0.7283414389142582
1.4540636842532517
1.287025014865449
-0.41176702130520376
-1.3840536409966353
-2.664256148056234
-0.6712993778487498
0.7043966318712594
0.049126898226439
0.1817334592551126
0.3082367977417333
-0.25109193887730086
3.100156365589459
1.2369552401032322
-3.8292406924155458
0.8166732630232331
-4.416979684328492
-1.2923593053160518
-0.39286940115680785
0.0435714225574752
-0.6747185754126522
-0.9376912399903596
-1.890572384720849
-0.4986017993885334
0.1977939980850626
0.793115277152821
1.581742984504888
-0.6830148408418607
-0.5745629875040468
-1.2774554902172128
-5.0807648735384054
-4.878243521790006
-0.9618505731342734
-0.6917627566847834
-2.3378200563286033
3.956182546559399
-0.37108661296350826
-3.828064656426884
2.5773686790167445
1.0785614403787789
3.830784029934316
-0.8962135099583514
-0.5374779084746232
-1.584727209685999
4.124958514114885
0.3965008052348471
4.194459164877081
-5.135848963602504
-6.876176870750889
1.8165373174166015
-2.4675144915015514
1.1439923654509938
0.5007797212881997
4.582299911392441
-0.8280260457791102
-1.60412484699238
0.14503203872065337
-0.25332458257133383
-1.1685649021173772
-6.57854179267003
0.006039805916944854
-0.86258799123393
-3.3287236385410393
0.44504418964616455
1.3096119453670207
-0.49159963466706125
0.43627240988208166
3.0844077061112314
0.2587245270576168
0.2729697871764726
-0.5975019809036792
0.5899566017286257
4.272480987894035
0.4516050626488078
1.0893570939547492
0.45652169904876705
6.5791791976872975
2.1296210067636356
2.4688633457780016
3.2822685047353795
-7.00929508953914
-4.155674324500199
0.18735120652286713
0.6807407547967133
1.5423542084226285
0.4428630533433594
0.29252492160133703
0.9044081151183017
-1.1966441907299343
-1.8716007857373205
-0.9864915504802475
-0.8166954809070335
0.5011411799710332
-0.4917625354873896
0.19331493213952036
-6.176856661181312
-0.16130265421364193
0.7038710248940103
0.8679218339201927
-1.3528826477449587
1.0748219519844295
2.008192891782529
-1.397818825615692
1.3949231975172007
-6.041974474551337
-0.17109372660127334
0.345246581044236
-0.7375491826835311
2.639307517817905
-2.7962604777132753
-7.0890078308411315
-0.008424196220171933
3.8474052247786257
-1.1799310901166686
-2.7458779357442156
1.4123718648676735
-0.3771448903070501
-4.958448468801272
0.8051824677509264
0.3718404268809174
-4.636299686972585
-0.058559340612863164
8.15570212907617
-0.3890494990648
-0.4289663572485329
-7.79879844612986
-0.05439723883017071
-1.5077787716702584
0.9371459621048536
1.5568496482102148
-0.4908154754074962
0.011852526572498552
0.5003898439555574
-1.0286700379219897
0.49173611970060244
1.6218944529787558
-0.10805993172812574
1.0307215182335876
-0.48269376062823666
-1.7999691731044503
3.052197238715198
-1.6649828939625964
-1.4141168964571396
-1.4148225284035163
-1.0187691793844373
0.8829779127638168
-0.00351794817892796
-0.7261722116692633
-0.436413834864031
0.02184970687457678
-0.6745089964005081
-0.007424994167904014
6.231879867158182
2.0192707149215208
-0.5199340526300682
1.1726625245026552
-0.3158283500893148
-0.2032632483442123
2.869167209797116
-1.7666901012913034
-2.276623287542615
-0.6181140338286989
1.3338510371730936
-2.042015871678073
1.294758477113613
2.8470588521337334
-2.833060473710581
-1.6953138011085815
-3.5439655353752206
0.16549733115578522
-1.8399758059067721
1.0867729206669525
-1.1837446828272291
0.9497586553645797
-4.787011268829334
-0.9873967273794797
4.97206418981627
0.5136000933937692
-1.369013137915309
0.23842724538688184
-0.7200266033121517
-2.966659199776408
0.4888820439873329
0.18739720974364762
-0.7456855344273823
-0.5744837542472313
2.3280813275235186
4.019464714390363
-1.5319464817492179
-2.0370541200420362
0.1718587417570823
-0.09111657021187024
-0.27977140145128865
-1.477989348149634
-0.36076947204511906
0.25634181033822545
0.4009784961308896
-0.7931606596930961
-2.0664392456079694
-0.7567402685282767
0.7470168800655652
-1.3984255418402491
-1.409876055845584
-0.293505965076145
0.16692261445182557
-0.3385207684832318
-1.4633241788143985
-0.8763895456676385
1.6075939588795984
0.07861967484912713
0.7563986214751739
0.5255103822542346
-0.4575424664661057
-0.8256687148257379
0.3156957655621334
-0.3471784619663831
0.2505031084701935
-1.3948828684293189
0.07309064232042349
-1.2366281791539335
0.11936113455568423
-1.382316829992482
-1.3351025329064476
-2.606801844508114
-0.865249550185791
3.105519386841148
0.5167244235803291
-1.226864604289769
-1.1618434827027926
1.281317505043926
1.9793608717986748
4.4629884894103045
-0.8407952819035271
-0.35298160798209177
1.1725166439578105
0.4761340048501088
-6.172804396089759
2.3807309309196807
-0.1854140207044568
-3.307138896096077
-5.431768637666861
5.09452464379921
-3.7007515984087567
0.26600237526324366
5.9089454405976785
-3.7130309909585764
0.5105959835761705
-1.219544919006649
-0.8696309339751845
-0.3278789710675152
1.7201685729447342
-5.856729170151658
0.463327911298042
-1.038369236587899
3.5953883108225466
1.8521454886894693
1.5084853062889427
-8.079111387178324
1.9169291384138025
1.1509633486387765
-0.19797785415828859
-1.9224023466598343
-3.850615904490758
-7.631333454584603
-0.24936763926502994
1.052813703295898
0.6784123576108713
1.4476222992638308
-0.9731144710979222
-0.817551061287462
-0.49110564164088855
0.2944308664008624
9.619713062243973
-4.089260484828555
4.985800708813552
-7.344441211316883
-0.624775114918284
2.0571871536706263
-2.8326408907707568
1.8464195140137287
2.420975846258461
-1.3566111686636748
-1.596951162376383
2.538955459873288
0.2619043692014363
1.9804791851030163
3.282806209355479
-10.783596618408353
-0.42748151406705637
-1.3378736652654883
-1.8407532843967935
3.0501644294296613
0.12275237943512786
-6.976067209000965
3.2129183822520795
-3.857992941089408
-0.5843023540187878
1.1872794979346752
-1.3817554940159984
-1.4267614567360578
3.152665059990035
-0.22480167994093211
-2.4520208453104595
0.003488296959045998
-0.06808168929998777
-0.7729638910429705
2.2137152901972788
0.40392028664755925
-1.6105764415720112
-1.0133951398970515
-3.5288018747527476
-1.278683017121622
-0.2569735787735484
-0.009305019740511754
-1.4505943850240535
-2.5688472441842665
-0.12457788841223391
-2.484325893155913
1.6189998715458531
-4.424686413346241
1.4095862613328762
2.178461430789716
0.683395006150295
-0.49519661145567256
-1.6213377270997094
2.0910521647363174
-4.950461429382177
1.6170353519317722
-10.034666782492407
-1.6453153692738005
-2.298353970807699
0.301837600385602
-0.5268718547467272
-0.35311610736804033
-5.559301092556609
2.7649868456178273
-3.87711063274037
0.9505972543466001
1.0004408693288052
-0.662908984694763
-0.06206159547207259
-0.4206974095238704
2.276641693671815
0.7098977741375848
0.18161573270748774
-0.9759818520827634
2.712855478471859
4.970711674154744
0.056468528883532355
-0.034296217751100866
-6.388775126370512
3.335169725660408
0.49061365763336906
-2.400648662421379
-0.8922747138188801
-3.8164257405153807
-6.335583827846244
4.037406156563532
1.0553654103771961
1.210594020670871
-1.1358750312084043
0.1818920675504464
1.7533489663321526
-0.16885036825014643
-6.758740281458309
-1.0421127234870629
5.988255049578095
-3.2658908831998557
2.8984055187458457
4.12846492180917
-3.5555403246183634
-1.1215605332692895
-1.9349569081469435
0.38782809698460413
3.898716141908175
0.3039123814904342
-2.9779906112731322
-2.308520864669102
-3.213332927888597
1.5050860363046457
0.2722872075424079
-0.13169227933118627
-1.4498980986060312
0.9264946230562116
1.1215436012494078
-0.3240129489981728
-1.184077891723721
1.674818918446009
-2.008570797410635
0.6226321241936216
-0.35972393298471556
0.12791963477158744
-3.3891840014450287
2.335560879525206
0.28249889384615123
1.3007611178244038
-2.4943551582873833
1.759037514733862
-1.0699946991540992
-1.393592817652121
0.1975254941766298
1.5557676254520911
-0.13315973920104338
-3.114676710539367
-2.2936404419070855
1.4960212563985826
-1.3219399609721525
-1.3223245882411707
0.7159049132858303
-0.5132423608210908
2.589789714229262
1.2234568208162795
-1.1133589032263196
2.0894391498653446
0.013067016952324331
0.15195061721771724
1.5676581843908575
-3.5998927015025988
-2.7353076029621355
-0.12723199285911477
2.812950891990577
-0.18493042347407443
0.9383200548262
-2.558861399294718
1.8429784532803837
-1.4804811285956037
-1.1636470243164339
2.0381747256179286
0.40366163772125363
-2.504680895223985
-3.19034420402077
0.9933522881093525
-1.8950389589041123
-1.3967031709974478
-2.0431106250763738
0.44444281674268715
0.5077465649906804
-2.7208648895615752
0.9476132297382194
-2.2340230438001423
0.45539176255394015
-0.5695258585754083
-4.510662654202055
2.1796949177627134
-0.09804525569025627
-2.0073362700385005
-3.368346198413053
1.406632075155609
-2.437629290501856
-2.9706949849029027
1.4264513869810291
2.183937077264947
-0.6271019347117609
1.6555054519505772
-3.2500540064415877
0.2887729687204076
-1.226423800991524
4.956404427988334
0.5154412606739068
-2.0916683637095286
1.2594459099582658
-0.15601808182089813
-1.5459697373670804
-0.6666121007600901
-0.926135818344292
-1.0264518395659628
-0.1498145959833719
0.1606934889723053
-0.10717953618054644
-0.7372866375549202
-0.7595822256260727
-1.8106010758325626
-0.810551401076506
1.6764874598629256
-1.3781618832425901
-2.2371811423731183
-0.0601408309066396
0.43133099677075903
-0.22049725070729861
0.24162999037087282
-1.4494209348408849
-0.3923243621147481
0.10061856752593669
-0.9481825992001978
0.048324313304875535
-1.464142587368568
-0.3533836996386174
-0.3493262109613373
0.764659315648823
-0.4386110953605922
0.20919668927346835
-1.3426282773363352
-1.7184150180532751
1.1833151053738693
1.0691083315706784
-1.721303867710846
1.055234205368611
-2.6456989131255284
-0.6879261462482722
1.7112440703350202
1.7181422259901888
0.8184734214814381
-1.9554580642193982
-2.823724106219719
0.6032617072527581
-0.6846511245604004
0.874213475364754
-1.621990354248863
0.7434699514092207
3.8958864674043
5.838325657922153
0.8460319553459524
-2.301834458217598
-0.7525317600313486
-0.7685564023496207
-3.0637166866122794
1.529676611286566
-0.1895600159502646
-2.2565342351306374
0.2878903800653586
-1.2131894690635614
0.022615011023053078
0.4776427343226748
0.7497813633290149
-0.5249424425183381
0.3338765600638026
1.2564032597412562
0.207431417357542
2.7884923750853208
-0.23927703647900855
-1.4895372709555186
1.4599444541809543
1.9848749612268242
0.34131236996089187
3.034554804820285
0.3811854903853695
-2.487782575299349
1.6408984962189248
3.5456503485331763
-1.4173449788161756
-0.18912505581610783
-3.714420923568516
2.21325390345598
-1.1082073368157055
-2.5010219589733023
-0.8681071742735305
1.1306570119060133
1.9343875834745419
-0.060567808556733604
-1.501493108248016
4.6811548870524335
-2.257465258136938
-1.3007997979255528
0.6882116666738762
-0.8910227426183823
-0.9037175514353639
0.3071701586263634
2.62343207206979
-0.9819108395122225
-4.728623846553548
-2.173939221482785
-2.6562340774979076
-0.21468409128236698
-0.30305715930618793
-0.9617532962177575
-2.05000051767784
-0.8676102314429468
-1.4878858977693536
-1.2368594526383543
1.298665589715236
-2.232471100134052
-1.4618766183411034
0.24083175404336973
0.8913115645070908
-6.963963262565626
1.892025407514758
0.33280508838311607
-2.5018374169700714
-2.369671644460923
1.041510005691038
2.331461074253162
0.08009031394558169
-0.4985922273843232
-0.8133828931300535
4.054789635669504
0.5787166434060098
-1.4220372775492973
1.5606764342858848
-1.4223607328277934
2.114195986225897
-3.8319820265277316
-5.053032033667052
1.8394783674278026
2.5617779873174906
-1.9512036303001274
3.4736825941866334
2.3259204467953567
4.188409104787349
-0.6811733691373216
-0.08126223601799554
-0.336432261104728
1.3463724065299398
-3.32703803974351
-1.691629859089398
-1.2333702854984916
-0.40677062882848325
3.1723485341709288
0.005358850999784561
1.9098324847837487
2.3571839217043133
-1.4813027221327133
1.9722736651075914
-2.508094387172986
-2.624975370378406
3.0793963773827473
-0.904795354821228
-0.2315729543501676
2.794599313261981
-1.2283741592073074
-3.480968150212046
1.4888863589420998
3.2250253513067464
-0.7438838852870618
2.5359344856341353
0.2259829197101607
-0.3309596205463483
-1.1460112666924376
0.3008460027609338
-3.9735250963023954
-0.028683416048291523
-3.9209893099066857
-0.5800785839322888
-3.450592655275051
0.47825926839474
0.5154226977275347
1.6374204513931019
-2.084019224549861
2.223866717470709
5.833428177359429
-2.464919597821084
4.724353149981256
-0.41379346452779264
-0.07604048709765995
0.5694379135503818
-2.424031555893003
0.4164897911054448
3.050255931951243
1.6047062769650766
-3.067719937579195
-1.3070874932453864
-0.7705717305370136
0.8688841582007668
0.6053630582898781
1.5921322496594665
0.543677947113052
-0.6547209030875489
0.17510769136639923
0.6459598757145386
0.08624162633548091
1.9122177543069485
0.518880849737685
-0.7947448326416592
2.086537264364934
-0.434988598108229
1.2921096922617463
0.09461990089946562
0.6515734831031675
0.10609521004458347
0.12270635846871893
0.4396309667442899
-0.5679661078944869
0.5876170483613276
1.2806578258960795
-1.0760742521748285
0.373773637636397
0.3965393653068234
1.1845202943950912
2.7813731334135374
1.6038000505436056
0.5898267934629479
1.2747484396504911
0.6206788301895467
-0.022488738210912036
-1.4521562983609622
-1.1372342756951443
0.9643854571789157
0.32621287601019106
-1.5662543678924181
-0.7464414019305508
-0.01252337134578134
-0.4932580212594241
-0.8412515058951578
0.2188060624371996
3.1269884710415976
-1.4452615343479585
3.549797328489371
1.5879441967652
-0.3316772044250917
-1.6445562101496793
-1.3661984333887545
0.0024892513618805776
4.1107707616998415
-3.5468779161021646
0.5086481071582943
-0.20750713764183615
1.7474345960675635
-0.17930889050065182
0.10871902595381405
1.0035703504252753
-1.4635165121552043
-1.8897853255812582
-1.079686637046609
0.8544026322605176
0.09138646479214077
-1.507216386339526
-0.005643372690812834
1.261422887132432
-2.2234081586995553
2.7512789771669977
0.42200185856642347
2.885378018836825
-1.5059415851043623
1.4272450323053196
-0.5383064549977771
-0.4275145820916525
0.013180980933519756
0.4904881642474625
-2.297767611223093
1.0299581042325312
-1.3510921073542772
-0.8260404476081655
-1.6099368061902233
1.1344180750875286
0.7814156932748435
-0.8002496287201432
2.1499755976612756
-4.317714482290046
-0.36055317485945776
2.5358865561241686
-2.773129351498143
1.8363759485314424
-1.4541176930947655
-3.2425778447705143
0.05258436686870689
1.2788343442134675
0.7376156077769771
1.5082009959660387
0.6637951447964816
-1.0266496880706266
-1.5028561454040674
1.6046877637101462
1.4908225825766053
0.11291425719579978
-0.5848641602688709
-0.08173237684470613
-2.753087861324572
-0.3425405145147153
3.3768500631066622
2.3485829981604462
2.2569456956196645
0.5460083656103399
2.1341153895620675
4.109030255263466
1.174865563434091
0.40443409533988517
-4.5288025025679755
-0.7743285406564047
-0.7319421510431405
-0.5090037203814727
-2.027276416861851
-0.5251731737998562
-0.8585437249588445
1.6155542368850124
-0.42828112044119987
-1.4157374584384645
2.158208042746481
-1.4424509847642224
-2.0745904215554036
-1.4370287777562392
0.18995452622407574
0.27541466184847835
-3.263984271923583
0.21420484675621013
-0.25388619999596657
-0.3958481780583141
2.8972370669966545
1.9785206464827816
-0.2238664347102596
1.1136310823637157
-3.427380167412731
-1.2790197902745974
-3.0480903292146886
1.3694793235573064
-5.214619273202355
-1.1842035628287968
2.020125360754932
-0.8158179477195039
2.464289015165302
0.862240830675171
0.6799608407761167
-0.22262773866090885
0.8787821362980304
0.016014611552631546
0.13744658667375162
-0.7892319473470004
-1.0329103612832589
0.9046197231579086
-1.1302276304206647
-2.8384485516103357
2.1925381054895494
5.074571013880594
0.18055575532976803
-0.5496278541217652
-2.2296138478457195
2.4845020712934756
2.1827328865133193
0.9361832252453737
0.8474742712717481
-0.1602369634909365
4.552842073817282
0.3120156806901157
3.932521013601572
3.989024771673545
1.2615265884233906
0.32909893469926915
0.15747016049069282
-0.16416161950355632
0.8399998397149051
-1.7284488598397254
-2.6990534801265973
0.25368453277167763
-3.0224092061711016
2.978064187601629
4.640350079716987
3.4957548243760126
0.3453396584039862
-2.083462426388172
-1.6153474564116443
1.8967214104906978
1.6582397655601129
-3.4277184461547803
1.3311624355843898
2.10468545929095
-4.096415194492314
-0.12207371271808844
0.5209843298239565
-2.564820065436419
-2.643893394462237
-1.9240977859045953
-1.5964806276542276
-3.4509941241072535
4.532810924411635
-4.594566394852552
-0.9477215877416652
0.9300742517624698
-3.3327721384672744
-2.1258109037448323
4.361489539461707
-3.835073079182728
-1.2861580348549322
2.853159581530489
-2.798845509454306
-0.9104920669738724
-1.9696437365238677
0.11770275421085988
1.4890925994600772
-1.541653873769966
-2.4052353399767905
0.8570723994231951
1.656788184526384
-1.6838719914908005
2.0705955685328123
1.7885214731605787
-2.3189685904929687
-0.5585322898222385
-1.8594041802509416
-1.9680834321826906
0.39794762819954105
-3.274510279728348
-1.8212176735950567
1.226261284026657
0.9465642931866394
-2.39930045982101
0.9516885649794171
1.3422284092818835
-0.7585572225393605
-0.9912469061841344
0.1736806320552493
-0.7067002750577208
1.6573302832761474
-0.041770476148762586
0.9293580226442618
-1.2753349697048613
-0.08350183609457586
3.040482927325904
-0.6059351678344133
1.6809820596936675
-2.362803660141419
-0.9389291961282463
-0.025391376422887885
-0.5727735187319173
0.053215775300188915
-0.39293024555178724
0.6342101764716379
-1.1456818597664993
0.10019590530843035
-1.0358119287036445
0.41125522938372
0.8969363730948332
-2.2870072716667718
0.810062961221322
-1.6914633759878694
-0.7956050388424205
-0.6344040272862382
1.1585238732258523
-2.352933507688906
2.3763728502058106
0.5953706292106931
-1.435585858589485
1.698679259053758
-0.6204143725131658
-0.13036564438921774
-0.040078588915009004
1.309739039168642
-2.5753577331253585
0.15133701296982718
1.482768249533975
0.15288529272916426
1.0716356449855957
0.8991577301972138
-14.372016791049228
-3.571545469639895
-3.007433467371925
1.4468784983188574
-0.29518133289347387
-3.83717276929668
-0.627778286046735
1.5935348024497387
0.010722682695073892
-3.079805272730259
3.5195474318422986
-3.4604826504108903
0.8297908177271781
-3.0035653850031307
-0.8684679117719513
0.3999995166337562
-0.5230505941737099
-5.508779537238922
1.8593742493897019
-0.9713688694693923
-0.4012115783823937
-2.0096450420647343
-2.406091225116821
-2.107652728343138
0.6416663329507212
-2.169580210335931
6.648443712817366
-2.3716149530208592
0.9916354494624839
6.725720216913655
1.6965747915521179
-3.7180915807536854
-3.9890476400745825
0.9175183618474543
-1.0177731244041213
-0.49845139586748255
-0.33202201745673
2.1778154341228237
-1.2801385669904286
0.37116002485047855
-1.9558709547921902
1.6453794265583677
-0.7080000464062247
-0.2797564887302741
3.4470488571018687
-0.6097626482299605
0.057247676771585584
-0.9089184555545096
7.256213780915291
-2.2243915847558764
4.272748120844422
-4.4542955512341305
1.585482198092739
-2.2955039310698404
2.545250592194406
-0.1425675845269502
-1.9339862154727163
1.0894349361538136
-5.321571222260249
0.08214885806348661
2.125455712743117
13.435407190896118
0.42990584579170416
-0.2621566347238003
-2.7033098079575493
-10.12908887277016
-1.494420852635751
2.4756162608771604
-0.23467086765978468
6.447249608990421
2.2831869375783227
-3.3869080911802985
3.1444316049294807
-0.1708934639290507
-0.42209196572415275
-11.003477811529756
5.129003936888594
-0.2820166493927458
-2.3442947378660794
-5.233917853621716
5.974538740874944
-4.262773650034698
-6.065274874125838
2.870887608908358
-1.2767884755956613
-0.36213394715229047
1.8688599628850133
-0.5419059310555698
-6.074092331668532
2.539231317286932
-0.17856957974569534
-1.066493759766682
1.5494081083177849
-0.8710833860164942
0.30372995445452144
-4.9032535790847565
0.10595475814892279
-0.4811679512450214
-2.8079814777115026
3.028815792765608
-0.9540958552184673
0.35166060371204133
-1.1122845810014585
0.18172356597504694
-1.2005489836939276
0.8010539087616304
-0.2509318905266025
0.3899430888284381
-0.14685389054873813
-0.22864153174577265
-6.583333169389297
-2.1038522441112373
-5.316440053537501
7.759256131737422
-2.587564713639892
-10.2341653997919
-0.6317327504387661
3.045785713040638
3.974111987662696
-0.8303989155112618
-0.9166840430433006
0.572937072294623
-6.1938598007607215
-0.6205834225677304
0.4267515516489088
3.0659296692687614
0.30958234920236144
-0.09066670363090422
-0.25431103122319987
-1.5859270005571913
3.428208358342132
-9.67635229856931
0.8029689959417952
-0.5965473723054373
-0.7649788756047498
-1.8793413015718652
-0.8720182539523844
0.16667583433093303
0.04044386347765268
-3.2686546390785645
0.8012976549953557
-1.3104512920501858
1.1138446580216248
0.2618596803546323
4.348292667517077
0.17667249889333714
-1.8405175089816312
4.093478499838999
-0.2399046101968425
-0.17023198933056682
-1.4300966764331104
-0.27925323660318774
6.895755186889193
0.5684430911425448
-1.9675610604374918
2.789727488089515
-1.1186001689659877
1.6555933878208018
-0.32733262435416854
-6.306161171106585
-2.64950950524816
-0.702872108774534
-2.1574877514413187
3.8367016816815207
-2.6569464369533717
-2.026139144293944
1.2058694783693085
-1.4746587799745126
1.4282827222641146
-1.713114333820965
3.491373841230504
-2.165227565253578
-3.658323967449119
-1.2773172635986842
-7.651969933396292
-4.776853216365666
-3.1593107748744136
6.044692128286887
-3.9757526951563507
-5.077892654515769
-2.0888507308450754
0.8641044200734719
2.663316850966573
1.371103074728235
-1.3871170645365551
-1.1467418558325797
1.6122321884282236
0.25313770135483066
-1.0156851004783267
-1.499594333655885
-3.7039459999424675
1.9299265323937367
-0.31894334850355416
0.3901305029743063
-1.288759526103148
-2.4803451845002678
6.645864647361396
1.7901058838357513
-1.0789270272491338
-0.5313522384808306
1.4005048377544471
-1.7444249109949435
-0.3366153606670317
1.0165156835987639
9.472344593492966
1.1231049810419174
0.04953766857629875
3.707839423914316
-3.533272593309812
-6.5135187617027
-0.20447717118998393
6.764541742598021
-3.8250271950663155
-2.9869347915846953
4.424722405068878
-1.267149172453983
-6.675395173671709
-1.0813517882110775
1.1472834692996998
-2.199682717164985
0.7858949654529553
3.1985054022936845
1.1692737411916725
-7.878870410443383
-0.6024308890166246
-0.4139538817978652
-0.603396954726087
1.1025678178825369
-3.715055993438762
5.032868806686559
-5.680377092604338
1.0341869232747465
1.7616076969094905
1.4614720442014406
-3.4041182594047608
4.1094324440131365
0.16601154905000132
0.409333673673154
-6.186677271928845
-1.0000415668712244
2.395012041500868
1.2792356769644049
6.689799855051365
-0.24867191898361718
3.457263468997096
2.007258442684777
13.628846872541692
0.7162884252373266
-7.88217700835434
0.5968349422774134
-4.750731776968915
4.150814006379794
-1.983851558616113
6.8905854910161
0.9402845538796407
4.98796210727694
-3.3942407513666226
-1.0910935834889617
0.9007473472202198
2.5031474585659863
-1.5755759322768101
3.5522047256662703
-2.588058503106551
-0.6131471417476407
-0.6986989904206106
-1.3738208714869478
-0.7522241138693317
-4.937578450543871
2.8921848335596545
0.18967726652308697
3.5483603736740204
-6.050061571763537
-0.05609471039253187
-3.3799141361755294
2.099332111922467
-7.883472529260077
1.4998334849000532
-7.318174439723873
-1.600154482558059
-0.18233040240651985
0.5835483172515864
-1.3364944648699484
6.36290101688639
0.22443930760613803
-0.8689841351130081
0.4294643832682277
0.75252653099702
0.6772562070086761
1.0634561816554189
-1.2475699538728133
-0.10490731194891795
0.5197680771092783
-0.4560539572841956
0.33735341965919413
0.6079583314907194
0.18623258050416097
1.598587279695918
0.5248577146040705
0.2186605479415269
1.1008164809279424
-2.2496856075114793
1.0185694982925477
0.6855687817140105
-0.2130601482270529
-2.5196854657867616
1.14264559187962
0.8898441657282001
0.34870875205572494
0.3207355892897883
1.3704183889712303
0.9428646156534588
-2.2154123036334257
-0.47336819310911954
0.14200782814557064
0.7475479808781237
-0.3796082143708253
-1.7694127824829864
1.2206174750814576
1.9841334164395943
0.828055535420604
7.2165301663026105
-0.07727537821636075
-2.812489890601087
-9.551380772101226
1.199292844816548
7.21813309212855
3.614987064032164
-1.4211952581601308
-0.18359798456107618
-0.07599956831815155
-3.7313383644380496
2.0634192060028864
8.219105219690777
0.4457598165803395
2.377152021478236
9.370230469891538
4.227527029131066
-2.0432527829882305
-13.010256584226319
-2.125472970523119
-2.623088255327955
-2.476035038277664
-7.115007640168854
-3.094880619014628
-1.9670199941093451
-0.10988464563528438
-5.059741207575023
-1.1274161663711388
-0.27638774346614275
5.627410699283985
0.32740954847370246
4.800842262145269
1.6904848759800573
-6.046193070862973
-1.0202284756414999
1.5374141327875095
-1.4338671307524162
-1.6890869333375802
0.9303417260986411
-2.4891837672132096
0.12906622642905013
1.1738631300847489
1.9712712325000328
-13.560901569019057
-0.5726601694946597
-0.13491694537525104
2.32735766834747
-0.7502192722851052
-1.5959530945217741
4.024140372890157
-0.06611428062079946
18.540792830360076
-3.8933191416961805
-5.850661542127321
6.211360494114289
4.04645741773862
3.572497952225305
2.7311335413784636
-0.9102956707997502
-0.8509727851404686
-1.0963311261536581
-12.016492669362046
1.7733972089514822
-3.2586803036932883
7.938131263074152
3.7653061688997265
-1.6510939599299392
6.388696956352248
2.3390284808896884
-10.108876603309751
0.08000947681994881
0.016187656540104813
2.922151292339031
1.180455178344134
7.453187133237771
-10.084324510171477
-13.578973176198877
1.6561512060143853
1.6076621366126111
8.774941044282482
4.198711749294198
1.2542759847322111
-5.285141147497941
8.765243551694274
-3.944455153386047
5.149173695398894
-0.2814552104705922
3.3632650751645703
0.8331066411788697
-1.8376859385619326
1.0582353080562055
-6.913813952756472
2.5968640953885544
-5.013093832762018
0.3187549968314802
6.201592426908066
-3.7097163164945446
-3.432747607415968
-2.75655583971635
3.5981526962792834
1.8176010964814757
-5.942715158589823
-11.905195031909647
2.1395238863405472
5.591333151093577
-1.542145714305807
5.933969211460296
0.3415758945687861
-5.906549211663197
-0.6134635636586439
6.222380822876259
4.676352219710891
8.036212627772805
-16.93966102592637
7.237296314371094
4.457617400475736
-0.7670913333523984
4.35674103198139
1.6800576595250616
-0.29348066276306417
-10.787457336249302
0.07142203957622227
-0.25706622624502284
-3.659601490699025
-1.5005364940476962
-4.704759911609862
-0.04381569045128912
0.5474988075119194
-9.695058011610179
-0.026019682082319837
7.5916349705374575
-3.295885226797872
2.8225926846060814
-4.3647628826822755
0.9688553119703199
-1.2761897249286707
-0.49216135512475695
-0.36660902614391594
-2.7221623643894963
0.16179275577187457
-4.319178503683298
-0.43213483723047813
0.7905743152665665
-10.209121208764346
0.2152291485613524
-5.373785005359633
8.095907645303628
-4.169084142858522
1.831865590893818
8.914306956956734
-2.594200100558436
-1.500206448621038
7.642081479435602
-1.3396098547912285
7.19703590002398
-3.6569441741179056
-0.07805481913295992
1.884394202191755
-0.1930161174851245
-7.674803382788853
4.130988635457909
-1.5119484478190284
-0.699050381581217
5.054978575924392
-1.399867034535018
0.6245966032500614
-0.6184910515536741
-0.6471435383407663
1.6297393937555325
0.748400971131347
1.728828884066856
-0.44635120128868505
0.22876017186909664
2.305919582500582
-3.5654383631589996
2.8929395781005596
5.174858742036179
-2.6433907152284353
-10.637842997911132
-13.270768211634882
1.3239634252460348
5.6131846170441175
-2.9652888195774523
0.7155389711478846
-6.468476267475537
2.577648985564985
-3.0463363084072874
1.1191108770884608
1.103125157533283
1.7908925824684385
0.7905698124964945
-0.3778842875149449
-1.892123263511243
-2.5313661510913583
-1.4365679312864128
-1.1025064956384805
1.6919913358433356
0.9448486666396231
-0.9240817157244082
-0.08566870936465641
0.08944103335693887
0.6235670350916982
1.920824608970389
