1.2863241049446799
-0.027352105941176874
0.2184330174565931
-1.8212787446594088
-3.4641367991490912
-1.6213945937483247
-1.2668349890819186
1.4000005758676821
2.0007558160846535
-2.0601213625291512
-0.5193103259133846
-0.37951558440214234
0.9823604476464908
1.0456922619233484
4.337236585684489
1.0300407070723525
1.7654856893951023
-0.33279857622483827
2.2728972713008977
2.539293620077161
-0.9997860409374686
-1.1502422079629047
1.1818607697823829
-0.8121145575371043
1.6287223877559214
0.644142044458774
0.15673659765023656
2.0465549363830746
-0.9130808230001741
0.4774899851121852
-0.8890991870231366
0.35966086545958625
-0.674640135324669
0.5426602527169138
0.2630214892960927
-1.9600598713414963
-0.15859243818196303
-0.10881538450291503
1.2814520152455429
0.7212840961743953
-2.476970213977127
-2.1197836326245545
0.2790794160702486
-1.6804044841471664
-0.02377615040903477
-0.4354354089541615
1.2159409114287498
2.6567852051874254
1.2086199865026725
0.9409855056921349
-0.2909338375836966
-2.6683524200510353
0.14500012940468626
0.44013382499819753
1.1463854251509633
-0.6855653003017237
-0.017952132331218316
0.26736837578274664
-1.4151637469904998
0.0049750740498533735
0.24506571052274875
-1.3392386504716256
-0.49299907076019955
-0.17124494294370582
-3.6172088553960884
-3.0335921687294687
-1.404631281904923
0.4649844387270395
0.36326196415159057
0.9871320442103796
-3.0021032227369817
1.132865175531376
-2.010852587493302
-0.6615110265750281
-4.732887989679698
0.45135067418601466
0.1519119003802518
2.8520692958894305
-2.60962850748568
-0.35627821232486423
1.1716916313031398
2.595983748010268
-1.3371870763937888
1.1740483940328112
2.208189143096287
-0.8067923341462384
2.94138435540777
1.7337480691877716
1.6085678786192605
1.3148253002005297
-1.0339986905040295
-1.6633285645369162
-1.6950087047889995
1.4346920934447724
0.696384806163245
2.0607527846711617
0.6663177674271115
3.9394495746075684
-0.915369282440935
-2.729542005207517
-0.7682910170842195
-0.6510105073753546
4.317242881763925
-1.3716216003894641
1.3342110247207186
0.5931288836336076
-0.7081454390997833
-1.0893293679826581
3.234087714798208
2.0729084545852907
2.6408640017721416
-0.569760797332151
3.808597096093682
2.28367555887439
1.99152722693646
-0.4397696055808249
0.23157443062287084
-1.5837595020746704
-3.227051718935389
-1.46445788035796
-2.684767634000712
2.4180581751229986
-0.5160543002172613
-3.232070161141916
-3.2560635555658863
0.4631105197415443
1.5678671858751618
0.20563504587174244
-4.610625932165956
-0.04667160221555146
0.8276301369694126
1.9389753058022976
-0.22360482741857177
0.7449621097320706
-1.2635105389886354
-3.2369520989503586
0.7649581975655181
1.6337209930127967
-0.2301675638883026
-1.764627044923174
2.3260274848329003
-1.5407202336226815
-2.2685139520139788
0.39905770084897374
0.09717023050288745
1.4073985355736958
1.705726675420896
-2.937804510390462
0.9011794638345241
-1.498931358573446
-1.9873703197427404
2.6324015185524505
-2.5206011206048213
3.176549029283484
0.11004928038020491
-0.26023528609358426
3.253769692806151
1.308736173189211
3.8218262116576187
1.3877620765426901
-1.2515206092694484
0.9082182450069153
-1.1628901170157118
1.5031024074256463
1.1305312602930053
-0.04519377907132283
-1.791876840085281
-2.5097585130542974
0.7454970410811773
0.1012150863633339
-0.8748572457043017
0.6052024004426778
1.1537475966515933
-0.468284321179895
0.7732490559441275
-1.1623912087474026
0.756698282901189
-0.47114563959589817
0.6987190684504975
-0.26002992619262727
0.34485181873828175
-0.42072653204592314
-1.2594315920614194
-2.0328771130368257
1.2568224100443859
0.19288679929720481
-0.8003715054766591
1.729372815080862
0.5703753472453613
1.2044735539028502
1.2035479698102203
0.3030834006790053
-0.2788142627834373
-1.1075944868713288
0.17963846536568384
-0.3897290413286767
-1.0793682490215795
-0.055976395333120495
-1.2338567616148965
-1.0065276540849981
-0.11301762260666642
-0.2452501174977971
0.10022708445522027
0.670547620954357
0.8611320092048388
0.10749349683079627
-0.847584576234629
1.2616782521786811
0.9937287910794945
-2.3209965400117882
-1.1273577531369858
-1.4499624755414076
0.4660878210600333
-1.5842707004857144
-0.26717716336180475
0.39480198973631636
-1.6293812239845769
-0.17809936629086687
0.050471955048598464
-1.5210692672800779
-0.49672586949530195
-0.6984140439434597
1.2435341250966707
-0.7970684076820223
2.0267630796373504
1.7259901363909702
0.4296081950666514
2.236108095432932
0.16780832872489926
-1.3031594895906082
-0.33475483786302596
2.441074050837661
3.115026638943856
2.139375819846114
-3.4221770787524965
4.592218755348708
0.6685062547710291
-1.099376716727477
-4.535234560574252
-1.2088391750470904
-1.3519096822261147
0.8986986811127442
1.8776560673892222
-0.9238541317780394
2.6503336258127157
-0.4338243523922418
2.9837023180986852
-1.548534218194538
1.24046500868025
-1.8218289544816477
3.4216151668266734
-1.3186210435720809
-2.239626423737674
0.7228333471898171
-0.13809345659698097
-2.2224183167085356
-1.5385931275734765
1.6846461092130132
-0.20506552030396724
0.9672801024226753
-0.3733925776430701
-2.029827201956682
-1.8417071206713584
3.7533350813331796
-0.009329375742605363
-1.4891839556830822
0.837453925509186
-1.6133433670140092
-1.432744528814709
3.128409332479291
-0.4043240834684593
2.352659135472997
0.31995577017914517
0.3041219865084783
1.3440079269275158
-0.19311175248182627
-1.7045629015298072
1.1545498748986252
-0.9336069698938309
2.895566460985204
-0.25752795620029145
0.022237605023329925
-2.7866263142762002
-2.1495831555802756
-3.026590825756671
1.5090281633931473
-2.7252855641297815
-2.471917487606716
-0.48504928727515073
-4.169012410877744
1.522751646618367
2.898319446439186
-1.6225346322281198
3.3969570263200275
0.5078538462418483
-0.9410665511759059
1.868357845808521
-3.8029864720384268
1.8413171657460181
0.770147302247237
-3.6246508295852182
1.5550266806055937
-1.9135980721385677
2.498309281756182
-2.9623503836974514
-0.5157526915058569
-0.4265969098788334
-4.136742462118891
-1.4225996580767952
-0.5131055927471255
0.8659572453002043
0.7880378817106287
-0.7591157172042922
2.2795040542131964
2.3415546983589293
-3.2097836650571874
-2.330735058787326
1.3529507322124217
-0.027017012464336326
0.22208256379173977
0.3912075369769763
-1.856070579864906
2.4106048820882315
2.8615761369976744
1.7865233681621755
-1.4214675711483196
3.292203659885557
-2.9925758140328518
2.5854140051505694
-0.3562805247156516
1.672113008624636
0.8933937715146585
-1.0729516413367524
3.3011731107173135
-0.9093156340209317
-2.734372525311042
-1.9785538240445912
-1.1453863151903851
1.9053149441218054
1.3647634376382067
0.1281305061957455
2.2078578651227434
-0.13502328140986322
-1.8599849923117615
2.080436380364166
-2.355281787097278
-2.1301940854484873
-1.7901542618220379
0.2698483814534642
-0.4837814147766325
0.7289025707467599
0.25613839239179964
-1.493516399472747
0.6741435156755364
-0.9738279915950637
-2.003967618713127
1.6497004098413834
-1.7228897553070524
-0.9429385675066572
1.0372594870354446
-2.213600443386338
-2.588186477645469
1.5553398352234875
-4.978003243350164
-0.2387089918942637
-2.4284553674872345
0.9885490020686533
0.24315849683968838
-0.6032936154715312
0.24350168901434713
-2.435369400058542
-0.4490686601476914
-0.42733981012833205
-4.087144771882397
5.113389884216241
0.9825373664307764
2.3754525227472945
-1.6501645699430085
1.1924414709806987
0.9693265677795659
-0.92066373074467
-0.28719879889960676
1.8562633245700917
-0.03881587040214783
-1.2909254520848439
-0.17453780938985486
-0.6096790823075428
0.3400566274267812
-1.7625627238414523
0.04156153079023738
2.2706532487330096
-1.169359196836309
0.9524154752169465
0.10653484618737107
-1.6533517450122024
-1.973186736412477
-0.7708841780028408
0.15879862947235446
0.9161932975287971
1.58260768473924
0.17902057903528865
-0.13166268653174365
-1.2457330588163877
-0.31599964026059985
0.03327620690569009
0.22959061079563095
0.15148389315894528
-2.2875431078014006
-0.4603641919579241
0.20908489116889217
-0.6473969240285673
-0.3837161310639906
-1.121502821977737
-2.8415748188273384
0.6941874398190714
-0.6249179112232824
2.7086468133632042
-2.8794874424797174
-1.0052041384761854
-0.5455856633434167
-3.0229685283424526
3.565373265818125
1.2530701120355616
-1.39181437700109
2.0721912497352424
1.644006945890147
1.4277244091455652
0.5739382277330657
-1.2217841264209428
-3.229371772233443
3.2183248060823906
0.48190885046454335
-0.9141107094302616
-3.6895171691695094
0.6529514484282738
-0.7516849928746606
-1.1788706719377644
-0.2380548046941783
-0.2276429224147421
-2.737478337377631
-1.0829354896420484
-0.7086339534403028
3.5015921859829127
2.2387079879570804
2.19361201458714
-1.1709129799482754
-0.5722544550909583
0.24452462559891364
0.6562117597881231
-0.8857880978252392
-0.6433563859433384
-0.7003124872904548
1.0498521680990733
2.9930635817218216
-1.6138340848218666
2.0535499469002665
-1.2776057932334715
-0.668324306518924
0.5149805503760501
2.5144750027575054
0.5811926773304239
1.1930186750668808
0.9415662341588508
1.840717634850921
1.1999689160275813
-3.310450977479743
0.2287234154947859
-0.5574486057196829
-0.038869064262315914
1.6240332560018471
-3.832255257883554
0.0706134561712941
-2.4531946756532323
0.10137758123236734
-2.4926724127733046
1.5418913482462562
0.4873880321194298
-1.0339161937835417
-0.38390632037646083
-0.38943455851010594
3.5461908494357086
-0.4809016852745083
2.124434713916786
-0.3270956906903845
3.105883312702217
-2.39564109554307
1.2121698310689726
-0.755354465286703
-2.1573826762131847
-1.366806652194106
1.9889532256650304
-1.0036536290350089
1.1678278698242393
-0.8059346101649859
0.767718240239532
-1.8248207654887392
-0.6214126023609855
1.5951078874953604
-2.3871064021870945
1.4534768568571348
-1.0060486386013467
1.271880922319183
-0.6292711906546803
0.25533630340381325
0.4026040123223124
-2.1210534721022363
0.04516921843552443
0.828379615571256
2.239163962096441
-0.5314989122630631
-0.5767279967476399
-1.0111452123026266
0.9796553239746213
-0.7754200115130668
1.510342341985834
-0.9971245746449234
-0.8504739402399453
0.7570063968594245
-0.6893635462848905
-0.8920692480191318
0.12472256132139767
-0.604993004841953
-0.9596047855818023
0.40976244834323555
-0.03821729979060419
-0.6385995739157371
0.35676672716296237
1.1952633388992502
0.9233305815379336
-2.4047787204350257
-1.407611240177015
-2.6931084998375714
0.7825197589014509
0.3406698872449575
3.5556632758155793
4.278500750877692
-1.470203239984886
-1.8373151117297115
0.22586808773152398
1.1477987058718662
-0.7159401612381435
0.9588492751511015
-0.26916549283976765
-1.4766945719956481
0.1217177325916773
2.4542561254800015
-2.9834793878988526
1.6714617436932218
1.6678962504779256
-4.225893411753279
-0.3209877584883968
-3.6787275652280798
3.254893090251978
-2.3043047140268547
0.27704761054370275
-0.1891016543605427
-0.7542455388793488
0.251161213991895
0.46439266691148706
1.7044119012510925
-0.32012310772519614
0.9181858926359149
-2.8954175341488235
-0.609978155122907
-2.6893534645182076
-1.9807824944058483
0.8473911938949298
-2.4892082989634954
2.867085766170753
-2.3506096248695494
2.0464417082377753
0.5499256570500242
-1.0977156777275652
-2.09975074176858
-2.0580976452572224
0.3776695709790279
-0.21591819618550612
-0.909128707939198
1.9937986464035906
2.866843872761546
1.458568309743901
1.212858754516049
-0.17404680161411332
1.3249300807280544
-0.5955194760936419
-2.2083945560559
-0.19598216697837842
0.13642397004009937
-0.9583094906488837
-1.1857580023292413
-2.6630767219013554
-1.5434798602751898
1.8586063188519468
2.929821905431056
-1.633150904488121
-1.0847813576228609
1.179643741393897
0.3837538342641282
0.22165885873844346
-1.9056144200921021
4.331963071626205
-0.14539749965607773
-0.3625932731225791
-2.7705659761186885
0.26772962755251606
5.378213161325691
-3.410263837984121
0.17276415551284297
-1.01616953380555
-1.1687331607898628
-0.2587839109271702
-0.27404114178153083
1.9469815189505513
-1.2365490713858989
-1.4887896039414437
-1.8763735962252395
0.9654184523965823
-0.13361837501723986
0.9039479019118865
1.0894190892326525
0.2132126190147359
0.1889188604008968
-1.1465884028327864
-1.7384087729956097
0.7943186065645899
1.170157448274718
2.387902737067636
-0.8430539102389415
-0.3850353757455218
-3.269722974856189
-4.268608453369012
-2.2271104632128567
2.035998954289169
0.0630516622637649
-3.959051885288745
-0.31951916919948287
0.1754090252076523
5.297986318575265
0.35742261118716323
-0.8091743508895423
-1.2680807814318509
-0.44841749658089913
-2.7337368158116018
1.4185039479788655
-0.2333124556783443
-0.7689189736115176
0.4073235219826818
2.06979051115901
-1.7675470804959037
2.1352010892841222
0.9985791891339252
-1.3888083748840099
3.086367764183106
1.1052649846249445
2.1558372341263783
1.2563161500353073
-0.28086181484927547
0.3903285825489601
-2.9850839183873172
1.078839755740268
1.5346850160194405
-1.4197827537809502
-0.24559512334111616
-0.10081088370421235
-1.5356487145446116
-1.3739649679009494
2.4348221851658303
3.2594023664176737
3.1787001425435335
-3.201441854224999
2.2744935986653303
1.1562836874583455
0.6240373931968738
-0.1837466558178915
-0.6594347869969702
-2.390071245408057
-0.07610377737318907
1.9313879599087274
-3.3028288762539737
-2.056928019360612
-0.6869042940364032
1.9730144605344566
-1.4330293260611322
2.5095078574383467
2.710906856513389
1.3409151767028595
2.121463263314865
-3.1251719316911823
-0.7464743514532869
0.6556227510807398
1.130553584885492
0.8996984986715608
0.4502041857693973
0.23493207539194483
-0.939056010441432
-1.6779384081522148
0.43862098268788563
-2.745737486232131
1.0217988043469572
-1.464103101483385
0.5846134942003133
-1.1551465912037353
-0.02102737538784521
0.7949715579209715
-0.9674827124042831
0.31442064499743233
-0.8397406223874275
0.7353126940615815
-1.7253252146663383
0.5053271087219677
0.251053719736449
-1.0988970261117104
-0.14691972695168054
0.14254791813483106
1.2878980641919426
-1.1968161435892357
2.1392132417688505
0.9587991389416212
-1.807356438515052
-0.8849996556698171
1.053071113872566
-0.31667468651220654
-0.9814491722186857
1.56489274570194
1.420256039034459
0.03458284747728984
-0.17888118699317562
1.4608436078293863
0.8330218140495967
-0.1487006385683911
-0.2460240505224995
0.32211158236949783
2.3583384194268744
-0.12674348945272496
0.16582019056918973
-0.06274826204313966
2.382685752380979
-1.0549441257472851
1.4606122579121545
0.5646301196977022
-0.3543218965223719
0.029904570402636055
-1.9165747133254727
-0.18336676626675297
0.3246370507914436
0.7308321646354402
0.5075347204638344
-0.4194818356270245
1.8532340763279145
0.7436193258593279
-0.3783734348744899
1.9553635467627783
-1.1390632559552383
-1.0061816168219462
-0.3644957128039403
1.2330242724186564
-1.9439875178595276
-2.5340362821336204
2.4660831642390337
-0.03789101936682115
-1.2728694711677357
0.8076847393947401
0.9054982291937396
0.3208584375134723
1.2508061788090374
-3.004206039945346
-0.7778596527147124
3.667950310258497
-0.5893381968707306
-1.4819792565336647
-0.36044024519051326
1.780074061465436
-0.3967941336216128
2.6239823359758065
-2.351387870059222
-2.9358495511694307
0.45932838770559115
3.777602162130265
-1.1935702258581657
-0.17851787271175454
-0.614511921741117
-1.19153287799829
1.313983043685093
0.6731825078430114
0.5047187673515878
0.29749768879736027
1.168805192944234
0.8980576404707165
-2.449518777017029
-0.7896334983781604
4.344510437039405
-1.246427624631022
0.895757629678098
-0.2974525360537567
-0.15717641674456456
-4.7579748201513885
-1.9660018425650396
-3.2788356565591616
-4.217996647909786
-0.46240512281881485
-3.607080820175155
-2.804851157265475
2.157975256646403
-0.10676823944919965
-1.0018518124201459
-0.4963494174553245
1.376944698965375
0.5934690362105411
1.3606693384111426
2.2334669273065826
1.9980421546115752
0.8278376582625319
-3.8224694664807006
-0.9347026973972624
-0.597118517852426
0.17875926605006107
3.6072448087352003
-2.244157931594881
0.7827242769416016
0.014116156291859902
-2.6013963990835136
-2.09146269490064
1.442139561159302
2.097775648064734
0.9395835933261233
-4.325594965091899
1.6885736738722186
1.2266000721750818
-0.14356247288747365
-0.6001382828969654
0.5398774638247229
-0.5813662542013907
0.04703223449273398
0.5199562745720309
2.212927841318232
2.1205107134515053
4.255348808054129
-2.5652114076602075
-1.3659912812679513
-4.218964714572204
-1.4041846944508847
2.1081731287654093
0.6179764708073685
-0.5676064760493712
0.4945002176143469
-3.865609107792161
-0.19495030940078306
-0.04058002774926158
3.4209938359571863
0.7025413405914416
0.9895094721518454
2.611795025719688
-0.22512626510455788
2.1293122777622244
-1.2855581532205775
0.7955915919260538
-0.3291347041572363
-1.9732574497932884
-0.741477400852284
0.5097635464902123
-0.43867890043482693
-2.1082299693763957
3.8228776245223686
-1.4635714752327633
2.3292832320027066
0.30634367259333667
3.6191513467652756
-1.6264771975433605
-1.4121293060003808
-0.8086778268463478
1.2189561109940417
-1.155837887520999
-1.3304501278780556
0.9792293399282237
0.09905379181094001
0.5996379340510233
-2.030460679527126
-2.9702481452697764
2.808931278719464
-0.8184603359465604
3.6471815218235752
1.652259006578373
-3.4134669352373113
0.06359646829654245
1.931060442126417
-2.494530620069388
-0.9303777001928264
-2.7923346314417663
-0.48871492968012953
0.08565721931283422
1.740044386359467
1.0776463444530775
1.4691199331725866
-0.9935095441769941
-0.8081815716375224
-3.66217192980334
-0.9092951320626039
-1.0295677856678624
0.8024502678055676
0.03927285913058855
-0.9232368736975946
-1.0858379656197645
0.6965194525162949
2.860579419387682
-3.3646197446904837
1.200088737791296
0.195421994935207
1.6297035720131903
-0.699984504290837
2.137249695262847
-4.842772831144267
-1.9497166366820498
3.6200774919210907
1.9038625510164935
0.04911816273620493
1.345091862968601
2.157719900881911
0.6291436115225629
0.2820407739539147
-2.4521746393796215
-1.4509685842666742
0.8178860289824327
-1.8600767864798329
-4.016298399061832
-0.13893017486940992
-0.8969158542617633
2.000240035004321
-2.766664258399777
0.47890162266102443
-1.673897656599639
2.323221227984509
-4.169911027467164
-2.760430402480012
-0.1301032786632747
2.3468101530828642
-1.0460511013616147
-1.0362092363257007
2.868953383486578
-0.5308921315603756
0.3197677617464997
-4.1952924142029895
0.26407302641281327
1.9047492465925102
0.6786763970343703
2.1183528804373664
-2.09212864488216
2.7916616090707738
-1.1037408048705748
-2.09397294677413
-3.809509408569959
0.29838166515273135
0.3219952407617221
0.8198095059935501
-1.765135667432346
-0.3300677461120971
1.8932620382990253
-0.522247490272623
0.4575027194940109
1.2733321276834428
-1.534614535727179
-1.4031128456087651
-0.13298807676699104
-0.8962418266793972
4.9728951923099
-0.02479185073434548
-0.24062827529655123
0.1033522625515932
-0.23929265476493136
-2.630392815571438
1.1163776251314679
0.3210655905448599
0.9747676722868532
0.5228683406183945
-1.9536893547829122
0.5953425016210214
2.7650743610555253
1.401362538611354
-1.9329488643511388
2.897522311275908
-2.256660359846307
-0.018599638591948894
-3.4688930212684657
-1.774148181184933
-1.6848772953202635
-1.8973656607136034
0.718457467580961
0.7570359561317674
-0.016936901223165563
-0.43979953567358027
0.2807607796950501
-3.1135101466413073
-4.290481951491527
0.5540613424654243
0.23500158659589737
0.16758242222871245
1.3387610862718915
-0.5686093314192029
-1.6393730529863717
0.7514553578859221
3.386058542893941
1.6342676315805167
-3.549565532454667
-0.21531117039077746
0.545177792287011
-0.7777075778681718
1.7172931235613995
-1.4085747769242785
0.439806479098139
-1.2943080794698016
-0.07856599469390135
0.14893441518898018
1.2928538650978834
0.5330774784612957
2.043943608304096
0.507607340061855
0.028106889121161844
0.1498902941663544
1.1830816879003183
0.573625909827573
-0.4225687644409218
-0.65317519941713
1.2579157674296693
1.4525167583900371
1.0893451684817368
-0.1590809883490082
-0.3143904294128826
-0.21785394270412645
0.31081827619205565
0.3196293837139639
-1.184224546226609
-0.684942830940377
0.4594223089653484
1.5142191023517926
-1.2922585249770184
-1.3292363206922186
1.3690665082742404
0.3320864039948105
1.435872476102346
0.7946359371627537
0.2988750229382767
1.2632134945670541
1.1787524162011302
-0.08166538711161225
-0.2812366829707288
-0.2596514565836464
-1.8266798140078657
1.8125899194988337
-0.07539017613200942
1.4948748392094833
-0.6755928829318331
0.597014692667099
0.976507657204423
-0.12702746127210074
0.2166853003353645
0.2997281999241108
0.7797326110992019
6.685862950289149
5.370796218112252
4.489193939764027
3.4117737907256886
1.4897412284001086
-5.139879018379256
6.588321229750872
-0.9506004497179241
-1.750360318551515
5.555307710701287
14.927009818884748
-11.816205857179167
-9.314152923525622
-9.887252445450347
0.8589057159855378
-3.215724758400858
0.31974832813532117
-2.972671863176727
1.0706208813138238
5.915293859386836
-1.1183468331767537
-0.9029948220959535
-4.429501704606405
-13.187699823685447
-2.8194307320454075
3.667904156911141
2.9065867741658056
0.8360414442868973
-11.28327107002368
1.2313120934036075
-3.550665087468489
8.105168229631527
-17.635925456266254
14.880835352213252
16.038794909851216
-3.5165059443517377
-3.14168370018906
1.5685958544668892
-3.261297480112397
-15.007554363284457
-4.594577415897271
4.409970421769018
7.887391711956217
-0.5836846873439041
7.018132920359666
10.861076182989779
-1.74748271431698
12.832499184513837
-9.631004332716742
13.170186548627195
-5.1497713440292125
-2.5434287673436584
-0.6176489633659874
-11.06783580701254
2.4582755045440736
7.892079344742055
-1.124960103845719
-5.285173326153189
5.021133308900531
0.9111087076353496
-9.656138036989992
3.4162126189651
1.287407916726764
-1.1232091283667855
-8.164208655999003
2.9963693702224568
-17.77087291504281
0.5492078933678394
-6.004569407305717
-3.3753114303420655
-12.128011399494763
-1.7277306054670982
0.8265818498008023
12.405759611273268
4.429847654203807
4.051899783194839
1.2287762776813038
-9.630143022176043
5.532503041416234
0.12214115747742509
1.7513407048954557
0.36147556463157415
1.0695741463497572
-7.133234598166455
0.6109031181152004
-4.88629097148214
-1.8506850129888635
-3.131099251643451
-7.237901659421204
-1.1572981093736208
-0.9575019060391834
1.737081772765347
7.967018784088247
0.3496697341677981
-1.7184480627151644
9.558759750955486
-0.03614717024232415
0.07550676911007453
-6.8943546178252495
0.5320967491844639
0.3284971632642769
11.20455992490683
-7.3195568978206245
0.17324579369242413
0.3654745802240807
-0.617038261097405
-3.000022131370659
0.13967337210566155
1.083823925177739
-0.7330749431687116
-1.2499129031597662
-1.323994822174969
-1.5674729550813495
-0.20388324989439865
1.1866956017169807
-11.860989664857668
1.1715548898587715
3.763383115783309
2.217408207397062
-1.3395640314834836
-6.240008308347979
-2.01870945373027
0.2855991301517631
0.3209466881719831
2.3635579303267518
1.5059476421027822
-0.10644897798545531
-0.493038613303107
6.089299943746502
-9.160201817272435
-5.208258015079489
-3.4502295679147954
3.0585964540957864
-5.459016534615958
2.839273850821769
3.4399404980939767
-0.044123459922212116
-2.580749371269791
0.27415200439041276
2.0040784075362486
-6.08946659736038
-5.645596460087701
2.335301798413794
5.246310686491018
5.269637332216849
-8.831915645667886
-2.7802942505655346
5.026783823212557
-1.3396999882740497
-1.6154173155690246
5.226005427992947
6.638049225741184
6.040125802918987
5.708054640266537
6.55279429307487
-3.0675866547765267
2.496013441697906
0.9537035850463961
0.559791062844237
-0.22931359849868274
-0.4324876157710406
-0.8843161099723422
-0.6234473840751598
-1.0295954089118124
-2.302438400240953
0.022820958245068232
-0.03423823957251454
-1.1113747850230136
-1.0712849424938924
-0.42279647095718964
-1.2279418680851235
-0.5146176161506932
-0.22626041299191813
-0.6310068065552621
-0.7442621219022405
0.5263941090410428
0.2850268119282642
0.11285850993095606
0.33715407295278016
-2.0155219767955184
-1.2076099698163185
0.6516041501544461
-0.1206655789617117
0.8398819252754015
-1.1734738167784553
0.8268269882733394
-0.24482606024117642
-0.70139495670987
0.07955604286844382
-0.7498254071666921
-0.9788691344952325
0.2649282502396942
1.1255282464321084
0.3136372994438053
0.6815258124018752
-0.20237421176844783
0.8643061792719857
0.21520610592008704
-1.164001472794512
2.1750690205018235
1.2756729533794848
-0.3574985239730825
0.45810874741571855
-0.05532221398632008
1.1611040378710813
0.796610204461596
0.8034146515980202
0.958603083896865
-0.6351996942697336
0.04031105819796556
-1.0776872906345858
2.294141768147546
0.4096924485231559
1.2949816135000927
-0.0764437560545162
-2.055976282462313
2.0341889227372234
-1.0782939292894176
-0.6185900942643735
0.5870866312137104
-1.7862175526974493
0.19234049389193117
0.9008405743958777
2.2026419071894976
-9.094695703010691
-4.136932137550092
-3.7973364526356166
-1.51943704391156
6.222494900101069
7.056473341539109
-4.368246500261897
2.978781670639568
-1.419089698395881
-15.241416631810557
-12.494152865145603
22.577261118803182
-9.303679666967499
6.875790778101908
-2.392094589758784
0.9893249195221229
3.5589877681784206
0.767362719872284
-0.8067193488775812
-18.048442139396823
4.246498425919877
-5.42768488818113
-5.426922737723065
12.41901418523132
-5.986320619419099
-4.9544260964157
-1.226125544518531
2.758393968477425
13.646172927918851
-5.237778706967449
-1.8590558800532082
-5.482284964103977
-3.654418179779289
-3.1744225231459136
-14.786848418230884
0.25574648209832324
1.3884132589018936
5.330848897911645
0.21833523938381746
3.696297990863984
-0.642557659964459
0.9913774692391303
10.710047680247694
8.07706346725517
-3.3810374969825516
-12.947204783450646
-3.5028455847707343
2.2793160399493613
15.032711104244632
-4.997979740316541
0.3392490518315489
-12.327931880921865
-2.842585917122812
-5.368219577961278
1.6302881120938226
-3.2588166867808037
-14.507714580888305
8.366145268717185
1.6013317814320784
1.7136968548597675
2.1328538208756593
-5.603759054579865
-1.625898858580264
-2.5722749797026476
-5.790687182283862
1.6107841138121424
-3.809547968953694
-2.5496594204047263
-4.234587966058409
-1.6184272081654292
-5.21611073274559
-4.444505224031976
3.3245820146267144
-0.044560708990299826
8.294451750735108
11.67481415756258
17.883023282217035
-0.28145770943421566
-7.016238471549422
-0.45063028312677217
4.115398103409644
0.736284769767608
-1.6607843482819138
12.726705283870785
-6.408856575866971
-8.929662886711633
9.16740874824634
-6.763053462635578
1.091780307979186
4.506425164163584
-6.056054405337926
-7.303691809285634
0.011110511150717711
-2.945715444144719
0.12093956152300167
-5.219277028745801
-0.46152989064107997
2.6386987644993014
3.4178174615285597
-8.5777705639807
-6.830787321170671
-1.2209040300463136
6.519979813274195
-4.756731573565579
-0.4218097403636484
-6.479800981640415
6.346490913847742
-10.599835296785841
-5.835401350716369
7.632256749209804
1.6430040958090575
13.026603247688207
-1.117174915696522
1.1389890552473423
-0.4851754580534599
-5.950580448107836
-0.24732516100181934
-1.4124895129923434
-14.888732057857638
6.661267351411953
2.475648339085522
-6.034445566536836
4.2403102642724315
0.20808209179343812
10.563021108861049
-1.0205785894719097
-6.746042819576399
-1.2075694134679724
-4.567751664342096
10.133837729127348
5.837704756467919
2.6030765489962815
-6.396417567187225
15.833283753855785
0.06784321333719008
-2.7532385655660416
-4.398949765209461
4.406536536931713
-3.0757063953587935
-5.5481874347406155
12.609272308166348
-7.05906873264074
-5.454451080234749
-11.11339843691088
10.591642847369396
13.348900524123133
-4.305448852901226
-0.335351026225263
1.6195723596872025
1.8618550667410798
0.951272787721001
1.1081948286452137
-6.586612403732708
11.674055424207156
-11.333942728631568
-2.236631227535406
-10.302702416100223
-3.1751131246606588
-1.154501009565576
-4.221571752339059
3.1305922969110953
-0.7628186489324824
2.0861434405720147
0.22117671721470542
-2.024758975234415
-1.6717278873730894
7.098172876801895
3.341461872310838
3.0329312571663922
3.6513885754947304
-14.525144693912296
4.568986318889534
4.363712290220818
-6.213911088690616
-6.6783720178889245
-0.8495775544162071
14.122763820427782
-4.513077015873967
1.1891926458581845
-17.41820210283486
-1.006761965406833
-1.2770484588199318
1.4780103505395803
9.300918314795169
2.3426596437195553
13.199321745140763
6.1360477123196295
0.08580347010119058
-12.217753523605355
-4.432134836556016
0.10184696807231965
-4.143976338674248
-5.097255232591815
1.76668177896748
1.975288352674153
-4.18496436441013
-5.646941967078446
-4.876737938287467
3.5178994480815664
-7.339136333509565
3.081389122549018
0.8146942704949158
6.0186653783525195
5.97871371117372
-3.4077361250981184
2.50861898401084
-0.24569798000744508
20.077760280075296
1.053397784576551
-7.146708782492404
-6.633621844279957
2.578095938177396
-7.192125537065568
-4.885045654134604
1.6463432221849477
7.114672928731438
6.128442448204086
-1.8499304392187876
8.274597535635356
-2.947307275781139
-1.2243968052682321
0.26256107715073806
-0.1845551023118193
-0.5978710380544143
0.7415913069572556
-5.349872470307375
1.1029495667830036
2.790301878911059
10.299766707892704
-0.1695426455532583
0.9014727538048776
4.619535112309594
-2.592340186694926
-1.5560618411665064
-1.6951783671266691
-9.451141901212045
-14.915983305060056
-0.04504546464163043
2.132005992262486
-8.8469254601128
-6.668214264283213
-9.883955389875025
0.7183395805323793
9.144885189299375
1.3365470032331361
12.305813164258485
-14.734165829808648
-4.173424384580994
-9.080511040963737
-2.445527153489767
-6.885180921795724
0.0723624154828272
-1.6529866157108868
-1.1037998860102394
-0.733876136912348
5.474318099989588
-1.442561835904666
1.0002690637872855
-0.19304419580177862
-2.1252810140476517
-1.9988231221669621
1.5796473676922416
-1.9847351013062413
-10.993378933792206
0.8138073063378547
10.609392535744057
2.1133572414452706
0.5189032875561068
-7.089541165722049
-6.885843702380318
12.628462777190595
2.8869629075011765
-3.027180342818521
7.143088414501018
-8.596126343730262
3.0458651509241164
-1.7918949423494774
9.146703265773297
-1.7375246195801395
-2.6693694630201263
2.475600052213181
1.7416989852413127
2.1224921936608743
-8.509148833873132
-5.222315213320607
0.7850654303281904
-3.72112302295698
9.19315744589274
2.3494184607149724
0.05877677758486257
1.20427947310048
0.40748917598881984
0.49590363379221203
-2.537775970152105
1.831760743174496
-1.1216162332688653
1.9701065042913941
-7.699038971382889
-1.8114578261150704
-1.0505954970834726
1.7086400116675762
-1.322096550819167
-2.6376314037670343
1.3283830936551324
1.2830610369286781
0.21789499635346488
0.22611816255229789
-1.0629474677127737
-2.7028739120306926
-1.6213959339061217
-1.1023711105749066
2.1628068111441774
2.0007558160682586
-1.5020705355923638
0.3645779299282472
0.35982077221237435
0.9400654824909844
0.9764382968547198
4.3292285254261085
1.0729467307859475
2.0325039834586907
-0.3357593491246264
3.0312859991079057
2.513204205644098
-0.24140103601964255
-0.39508169727003145
1.6128920808549752
-0.40660710779999126
1.5098535988110324
1.2342798283472312
0.21513992935271567
2.8048861013127238
-0.18893641776046294
1.2358215720907253
-0.8890995683749486
0.3394838189000179
2.558674161541012
6.8754568694939024
0.6477518538967632
-1.704543584447113
2.4646439180324964
2.009315281676523
4.480537515945266
1.2122755649365238
-2.4769702136636944
-0.2061938693766409
8.857064470938376
-2.600010900067063
2.2375488450724044
3.522725112484256
3.7010448310402575
-0.530784351633136
-3.166999699907915
5.815499295517716
-0.09782191750467056
-0.5537782377275429
0.5394557058241591
0.35165829330385395
1.404561403589068
-3.4658582762004526
0.4059687806762551
4.283916442895615
-3.8355258884085295
0.2596821063022159
-9.210300571056628
-1.08453620505389
-0.49324870525446185
1.454477329669411
2.011390758733354
-0.4874725092843403
-0.3716380969195899
1.6355408097313089
12.291023393704663
-0.388201556673915
-14.012041055873468
13.367014433378044
-2.010852587980475
18.531856934540905
5.10371360300764
1.1070017540351793
12.91873774631756
-10.314918317792115
-17.656712452732755
-17.545184707020645
0.6832183670801676
-10.511771802921237
-0.17997069381078168
1.6069856662066566
4.70015945249729
-4.858727731029065
10.324027410546345
-7.284903680018876
-9.731304680803426
14.926049467209594
-17.65016583350245
-0.3645528522455742
-4.898278467371443
2.5806864768237814
0.6963847899982679
12.52969329779801
6.328273577207737
-10.589942582394212
-8.73739294157135
-1.4232343685836795
-0.8636224276624401
-0.5195170801492711
5.582204614156889
0.1475758871767832
1.3342110243434349
5.238556210540631
-7.223324874179512
-9.869036560343773
14.944063532810112
-2.835350230999924
-1.3812856369403719
-8.760126172484718
9.440215998741168
6.61078406850062
3.2799324548491255
-2.47232264195248
1.230675373862598
-2.4059939047218957
-2.0848287383287882
-0.513253201997275
-0.8622679228276485
8.421369719525982
4.776148309031048
-1.9234314466670481
-10.366353089407397
1.7579549309245448
1.5680001869238371
-2.5759444629924233
-5.113243345038395
-3.2350222000433635
0.4591500069128858
4.39653573204974
-3.7250942892419627
0.7016146671715137
4.607406629758608
-1.2669176249309706
0.7649583471041353
2.0927284926495484
0.8662389971613648
-1.9063393991587645
-2.462335797277834
-1.6464101958844886
2.191438348566804
0.2725087301357397
-0.6918026092400473
4.735544855222051
4.18501128287858
-1.607730453283308
3.183571413565754
0.8983944697500453
-3.303778718154869
3.479909250343989
-3.706390465185868
2.8823596598699757
3.2998914879513257
2.2190402746953506
7.0232263954206635
3.788020363503876
3.821824791220157
1.7052992621662346
-10.420609898553728
3.2947693069816686
-2.2050147560371656
3.5029938065499096
1.3827788584760792
-0.060468720894512516
-0.9360412170021821
-0.5966073519157916
0.745494186008429
0.7634360047183976
4.546828656645356
-2.263465476339678
-8.926282530452445
-7.3077206292022305
4.158378599609377
1.0787211784583777
1.6906186192862331
3.2729295849137117
2.573297507871892
-2.967890011792306
2.3736773725004015
1.5702154808408904
-3.970040365045665
-0.4943287330985511
1.5151933567488194
0.9008988924327076
-7.180939453457696
3.627663246034863
4.2926139963665975
3.101755995251966
1.203461860589867
0.40275289938785436
-6.351076361016758
-1.2915604404027792
-4.369305542178997
0.06384716118308
2.3874701746564146
-0.490261632657796
-4.891889699414235
0.26337942565100925
-0.11301762770921707
-6.340016997665631
-10.47224992043054
5.783169589989637
-3.8722642088422354
-0.19475628947880952
-3.9931120804029523
0.3754383430940594
-1.4927196523517705
1.4031858924850682
-0.6725830532810053
-6.664115095393811
0.9089488690286003
-0.6752229111953705
0.924249637434243
-4.332049946384248
0.23314685338058488
-4.086370289492019
-0.12953105472113624
-1.0673871459039042
9.294562572691563
-0.24471636096883645
1.243530965288806
-3.281217547313812
1.536699023789507
1.9800262565300901
3.4167255674509938
3.236941854681677
0.6290045213300295
-1.2166162057353023
-0.18368026641752402
3.4843786099381306
3.115026638634612
-1.5954679089879127
-2.81419267015046
3.960991214787393
1.4543518441590944
1.9742764478705004
-3.8073592724180236
-4.31075697024668
-3.6819825718290446
0.7084589550483994
2.881819876153331
0.7401899895974046
3.5885476758520674
2.7646306838774843
2.758162620090516
-4.406300816468764
4.745542290309124
0.17530873504956046
4.641421494915169
-0.3153388508042073
-5.070450039205774
1.7270129996568921
-0.13809345663115705
0.7757280407435773
-10.01906643427354
11.786567482981889
8.75496807246319
-0.7403406164621184
-3.2371048377386082
-2.055472268806072
-4.648847878752608
1.9234214248610628
-0.009331660912570384
5.068370323258797
3.1153042183332036
-6.272370609168246
-5.959556853954268
8.371752287520684
-2.166296698488605
5.713840863307657
1.0368861240457978
4.581632758825905
-0.38549896203569256
8.026832397196868
-3.2871021822351807
-0.3531444790045325
-0.46885682886874197
0.31564338197829367
1.4641895446141067
-0.006580541693699646
-1.693782557575269
-3.871349381734503
-6.957684312831939
-0.2204850391702963
-2.7257946768011263
-3.448127795019038
4.469206446070827
-12.783597508269787
3.3480512112042513
-0.39097186259760036
6.61735131354635
2.120839099271268
-0.22716421255099659
-2.0765897083722105
1.8683605841947803
-7.862060882137152
-13.089422244158975
5.972000641867224
-11.662189371937352
9.496972220992587
-2.883510528781784
-7.769400981329864
-11.864854626683789
2.687141354279758
-3.7173820913045974
-5.275053478483967
-4.591402875207375
-2.120936450913281
-0.010807571808911126
15.20072654948605
7.155908133343929
5.6070166447828935
-0.11549785319805882
-6.500553617724525
-3.841425032566993
-1.9378391498984648
-0.026739278051705742
1.6715684140292644
-0.4456132002028587
-3.8957941508947043
3.0333941887474096
1.8692614338547318
7.7751260811714875
-1.1915814758028767
-0.5463607206490665
-4.418483614606863
2.585414041162765
0.18391156579164836
1.4256310378169026
-0.7987615425867275
-2.295024990474241
16.7212603763021
7.354195633725587
0.0249379856210977
-8.877181485906602
2.8134835929108113
1.017586221610925
18.262481054023596
-0.4063336925184088
3.579790861892104
0.3561740487077311
2.5840489139996476
10.119945554823053
-2.725802005525235
1.4725302411880756
-2.678983677211193
-7.277104858634693
-1.3724576750236412
0.7289039207285417
7.414845774198035
-2.824077935857566
8.512991135169028
4.997891611801847
-4.68134278512705
-0.17621053118886895
-0.46738199986517903
-2.6156995274366968
-0.8349545114881385
-2.2136006708481104
3.3448896138337187
1.0377310801266397
1.4623573458647352
9.412185231169916
-2.798651600463658
-8.116499123680075
-9.384640096819012
-11.022355562076223
14.142658792122765
-5.148780898448097
-3.1448830066633873
-2.9913557849245573
-7.6465572832792805
2.5660418001116065
-7.580936053161656
-10.196612358648315
1.4960538898084572
-2.799141588732094
-1.7212795739812095
5.054236965474865
-2.9778056139773095
1.8562633913906865
-0.2464765055323536
-1.2929997581936694
-0.15578822221814836
-0.5850941199655019
0.411932641875798
-1.793476841558888
0.04232447352090961
2.3011683836208525
-1.1038531471520294
0.9524154748838426
0.12957405456305496
-1.645725861260868
-1.972986423219728
-0.6647285942287308
0.21535948404396404
0.9542338934055549
1.6402432561726326
0.2039934708737207
-0.11168579569900934
-1.1738595952122812
-0.2674166934836791
0.10469479027242744
0.3009905136643259
0.2645340246152822
-2.287961154381944
-0.4416363192238134
0.2725264808348137
-0.63972438224327
-0.31183598145582786
-1.1097681398827564
-2.769697034489721
0.6941874377108559
-0.6244555924438661
-3.2241201762031384
-8.097369139346979
1.1153563150954138
4.200670635814202
2.341199450356055
3.955834979201568
-2.319982704810325
3.9728378558747366
2.0721912562127516
-0.08683414521053885
5.365574001000435
-1.4103272076036155
-9.74026930885882
-15.27582704361637
5.618245348085969
-20.89566126772914
-5.993251855933568
0.4390818154427834
5.359271499030298
1.746523717360696
-2.6293550041266576
8.315719949645626
1.1922570200406433
-3.100479183159844
-13.920272793486404
2.7808352977153983
0.5129214997715563
6.985667082712944
8.068530204382824
3.5760404973109874
-0.5724896925441898
2.017309803639457
-1.7590050341632135
-4.451763960227905
-4.074302913807765
-2.631343028850778
2.7666284518597277
3.072582789193777
-3.6899581239428434
-2.6175769015638988
-1.2776057949463093
-10.112845454051273
-11.359332715769826
5.9687545754357565
-9.904561996803373
3.097854300110083
0.2710853515911726
-8.562437615354968
6.418531572343801
-3.8563277710169146
-1.7143731594065303
-6.004359133500501
-1.965588558644593
-2.574544445552488
-3.855492366839553
11.498654333449007
-13.917707466563977
-3.881129215329545
-8.540530954926462
-0.3972904250507502
5.405384342349316
-2.977014652810407
-0.3839310235512847
5.304388745662334
4.869064764304861
0.055945406920944955
1.8497080897845202
0.8947016114311587
0.47689060186438376
-2.8701805528136712
0.8510118808543166
0.5126848003862527
-2.1573826762042407
1.4371531382941924
7.847663318352132
-3.5740263766100457
4.771958847412659
-2.504027118987003
0.7660857989802478
-1.3545283978021614
2.7495164538575048
-2.9599105981200684
-1.165191847588006
3.8778009606378196
0.20886207596784506
1.8025746330807264
0.7498414136987493
1.7917130330814972
5.28375479160014
-2.478962676350728
2.47537794012846
2.049513352662761
4.818509690140641
0.6903614204049021
-0.5767276565910956
-0.1534287705699056
1.7379869109531476
-0.5207175660953817
2.6563367253648273
0.2977198365380937
1.628810250074613
2.6542888382086147
-0.23566586331027123
0.1121104044479231
-1.6047906412421262
-3.895782886952882
-1.848281045828843
-2.280844366734471
0.03366048454714314
4.108353903343391
-1.5863317318637007
2.417123671567096
1.2730218558839055
0.5690037413473753
-0.41745303622071656
-0.3015579092469715
0.6497687181467382
-0.8803560626252295
1.1772940341606168
0.6084575007985149
-1.6764993754827253
-0.47455466421654746
0.07747606882111412
0.9992074339626339
-0.40721869705050606
1.048852074398624
3.3287356863453703
1.202783445985125
-1.348251256996492
-0.4581757148152646
0.27953027622441634
-2.8339193214369427
2.3311824332975926
-0.4708414967881603
-0.4297729320205457
-0.23786763009363765
-0.5377558274901948
2.5606919471547296
-2.6716911189707617
-0.9395639825809212
0.41004302431654027
4.5161431912693475
1.3476876086916039
-1.2012305025917933
-0.4552842257834771
1.0755104398676172
-1.7839995259953882
0.5234001162626645
-1.6817744631873877
0.7546968286589916
-1.287904953884663
0.36084126677033124
1.5020016383908597
-0.7720141123785493
1.9990957964943947
-0.9703504712252149
-1.1387254619298508
-0.7403080927131866
0.730485112297891
-0.9319366575360598
1.2556197640885658
-0.6834890646303927
-0.3055675462461109
1.8734774061008581
-0.9568542299795826
1.5204692890752374
-0.4754700660329689
-0.6839043756173758
0.5853850822896736
-1.1188638596199716
-1.2040760355409703
0.9051210135659716
-0.41733495153665295
-2.464982028145144
-0.9750189874701102
1.5996464769008958
-1.3063248341253246
5.25607354544476
-1.2056196961186378
0.3023230539309839
0.560731604820005
2.3770885816103244
-2.297612244650771
0.9703431801631117
2.700193775612298
3.6205798480134286
0.08406746087348428
0.055475373870166114
0.7343290374790447
-1.1914693835937296
-2.772144472569565
-3.645714740930616
0.15684373006594363
0.3692926552741611
2.0736121015641173
2.529266957473179
-0.3842958300522321
0.33833242483996695
2.2587059989130744
-2.6364446803309116
-0.7572900946794876
0.5439332714714055
4.288702699499879
-3.623052087553724
-0.9823088019404748
-3.169459856326853
-2.7670199064938257
-0.27829431449033565
0.8038369863004117
2.4884274838116247
-0.5454627422271219
2.2370179561612376
0.15292492381720924
-0.6046465000251736
-0.5384268311309582
1.3235529837234594
1.4818423739664595
-0.04058777635836469
0.11194438443068568
1.5103678851687383
-0.29704910265184464
1.290583894441735
0.9807593916740545
1.3391424020675922
2.9300956273147394
0.5783213685277719
-2.575049896200403
-0.918284065132203
-2.77532421648571
1.6509777142569613
0.8286493283497668
-3.860151830238661
2.770176802997765
1.0827040369474057
0.3551492831569296
-3.8867554802125315
-0.5571690800943001
1.4995530366027723
-0.4755156946459556
0.6553787025053007
0.1774443383273054
-2.277086805460297
-0.7138521896072665
0.15528488692309167
0.24778595126465694
-1.3926739943212545
-1.3768464754125667
2.093727529825104
-1.433258510759963
0.31340531768080526
-1.1857575457990508
0.16190141369265812
-0.21947834774961827
-0.2765059097538158
-0.16256016172085783
2.541443061897176
-4.5485347528558995
1.814976286008131
-2.316511704180651
0.3618430678468662
3.0608372410167224
0.919394490505306
-4.358241215148133
1.8380840687497249
-1.8844622195712437
2.0370592937628285
0.4675881988691296
0.42101678320972424
1.6996606701894412
-0.741910198383541
1.4377777826294158
0.5888548501949367
-2.269086277837598
-0.3631210514314642
-0.5919522880677092
-1.5627695241785684
-2.605769369739894
2.371506443972842
-0.10139414416396479
-0.15380950438831298
-1.1925610733352834
-0.17166741030282884
3.8592010358232023
-2.3625006246688134
2.011397878324945
-1.4834699582509252
-1.7025669558596261
4.895574141826153
0.41278245077984915
1.6393802307976701
-0.37055150998623737
-2.160576310631659
2.4440617531109177
0.7116226003737729
-2.535633908803254
3.2561243309885746
1.198441816742929
-1.1383068209298297
-2.830120468527809
-4.545456485217754
1.456866010765038
-0.04224042658200364
-2.3008724394023674
-0.2350232316375177
-0.0792153461340284
-1.6219206649686257
-0.2589764978506553
-1.94827316082017
0.4995099216529016
-0.7988946209665452
-1.7675604206775264
-3.80209137174466
2.0220321720087058
-0.798970174040369
1.2396424144815168
-1.2497717546711054
-0.8063057050636668
-4.70931490235112
0.3461950793200131
2.229750772868201
1.971882022760179
2.7035811388643185
2.1469888878672014
3.16355904466076
2.764906184127199
-3.1651156505910896
0.26327347306156657
4.210868144466938
-0.22982334395007697
2.6569696656150934
-3.946076912146413
0.3710449662592585
1.3140967941383532
-2.6131767085077584
0.8156276208969485
3.6919581530448795
0.4675151944880769
-3.9666157745990516
-0.9471477057100568
-2.244736791584583
-0.9898882882089979
-1.1520959279270617
3.7974834221007945
0.239108676938777
-0.05794812556986901
1.263656108300742
-1.3342802815212937
-0.40425830813065794
2.715821620720753
2.6040184198483614
-1.838779639335687
3.9927482553124083
-0.5969357313248511
-1.3004472803933733
-2.9807384979006954
-2.8355347757127767
1.5362853458310708
1.7210228478441751
-1.9302278278790916
-2.495421997573788
-0.05627416907500978
-5.797167957068235
-0.02214740840863568
3.6164592500127495
2.001303821839141
-0.6340516884699048
-1.2178265200387806
-2.3079566664575175
1.5862978214463355
0.2695864516386741
-0.5949114199896413
1.6100772935962306
-0.13236385208805354
1.7109135919670222
-0.16255456207164368
-0.3115708525939907
1.2582470192343747
-1.092576518179556
-0.7911534406348895
0.1969834273317288
0.08733853637682211
4.283313700597571
-1.1769913346547531
1.6812722780934337
1.4345160931182461
1.7083359515858558
2.515430949423469
1.7989088945315703
3.248422430920645
-2.3956798614629458
1.3141050754784753
2.6360966814362583
-1.3833205247523062
1.367879978752113
2.1493345229777896
-1.3123828452877841
0.4731548024577197
0.16952873530124596
0.929480484075856
0.2517666444173108
-0.48323895372399794
0.5981492844954599
-0.18171471065456454
1.102813355994639
-0.18368440710849188
1.6178029892121997
1.960970922562211
0.11511130077614863
2.014526890559139
2.648163503210333
0.6800820844333044
1.9281700303240932
0.07915963029894914
0.23173304659085306
1.851903216981375
-1.3782680186786886
2.1171862120084772
0.7952557004646892
-0.278627766550811
-0.40528833266258635
-3.0050551312540525
-1.4755548890930295
0.038364306981460795
0.400044119574246
0.6409656455166219
0.6978179526521899
1.0093783978478665
1.1202173994343554
-2.300299276309368
-1.0597370921979086
-1.5301751041624128
0.9949548811982397
-0.5211537568114942
0.8554235501562638
-0.17172634937280662
-1.6992308465931458
3.0416735795628695
-0.6565114626663554
3.118151747686375
-0.6599655485002924
-1.5664862503076968
-2.2408808730260006
0.8854723340822906
-1.5795819788706138
-2.6103129186498886
1.4435536113574496
-0.37735746384728475
-1.6986367013252721
1.628719098504711
-2.817655597166497
2.236624793215358
-1.6079680814691888
1.2450236432327604
-3.2848012930173662
2.317282361001906
1.6470183129296705
-1.9940934322153099
1.5630492373505318
-2.9966535619540053
0.37882988950484675
0.6010089291602988
1.618056746659187
2.09840636872315
-0.22585518633581692
0.9688552892557413
0.2797249759394727
-0.9604785086900185
1.6410881307384062
-0.2791275974947997
1.8627271181980665
-1.4760932497557462
-0.8066142429139627
0.6518228400347482
-1.8026028881711849
-1.4165135851272195
-0.5812481591892869
0.18512132754662253
-0.4465267047878608
0.03585652256366982
4.718179955682933
1.8543890751224517
0.25042686250432067
-0.3409122402835752
2.072393779255654
-1.2496484290646608
-4.034040438732324
0.8407564021827459
-0.5880863336806689
1.3947043962477548
6.972176164805742
-0.025536915970120682
-4.745501834964331
1.8674862346165462
3.6599955986436012
0.22278958352599673
-0.8962930970763566
0.9992485655797341
1.352098283145919
0.5777355801176931
-2.608616779121962
1.4230187041923557
-0.5452759581632202
0.47799735289162826
0.03536034880792706
-0.5253447954644233
1.652077098483878
0.18661802775266348
-1.2162039775154767
0.9014553050403968
-6.851689625918052
0.9938020637634589
-2.6800486166751747
0.6406835229698098
-0.7169026752903894
0.4544926423507434
-2.1019408160553343
2.1771165169315503
-0.3887854776508001
-0.6752217953215481
3.387873832897675
1.6060319800955634
-2.3360447508662596
-0.3056241626317095
-2.7234422909919487
3.1150229079956557
1.6568689149369025
-1.5370393757766465
-3.15830902088439
3.085882153556927
-3.05985313866234
0.9809066075457975
-2.6056442089123766
-0.6756105535145239
-1.713391452761774
1.6505870421437203
0.6882523448772788
0.840976182151548
-1.9642010540499886
-2.2944793606865344
-2.09831087993096
-0.07858574368692772
-2.41654372523292
-0.941258615066104
-0.793623981935105
-0.40089948726214153
-0.8578977099812398
-1.2465612829994028
0.7468262616163411
2.198443190272042
-6.847156799010408
0.17676039624306417
-3.416044721289844
-2.1089939817029832
-0.3922694007586654
1.2956695834929863
3.0646720763290656
2.9344758330878533
1.628236823762831
2.0131760026593146
-2.1961880425752645
-0.3430200854742533
-1.348525698686631
1.834271202847516
-0.7711845676824279
-0.36121684069873117
-2.539062365578642
1.3863941208094621
-0.12390758097480944
1.8259201559783926
0.6914286164687623
-0.7160143763749828
-2.09372123744596
0.5627582722400326
-2.93050392234396
-1.0663216259913577
-0.3152580082508944
-1.8854879445313633
-1.1558009420754622
-1.0105258063895912
3.3928712123359674
-2.8486463558595765
-0.11157778032007637
-0.17369866988106777
-1.966531344605455
3.5435783198898303
3.287421686447506
-1.4510760778904535
1.5543400125384916
0.6259028854894864
-0.24979961863091732
-2.044139565683074
-0.17393626182574928
-0.7532057174937093
0.8573945781259981
0.2115045241843662
1.9343240159869957
1.1871856658521573
1.0786106002599551
-5.331833463356703
2.481124969729082
0.9230002529419066
-1.178863335417711
-2.1920540327990605
1.084855507670011
-1.009426569506616
-1.5771375614644239
-2.773652140282222
-0.596890091781957
-2.176337584893446
0.15233389719273954
-2.349205304043467
-0.4594733486259961
-0.9918687553349347
3.5902664665662014
-1.0400421773000248
-1.5200212591384947
-2.9433568655087976
1.6977970358047583
2.8510540983490618
-1.442477828997713
0.6418773772234966
1.0380121570546461
4.089792898398339
-1.2164854268895755
1.7000781183249385
0.06964308902695716
-0.4203136247255739
-0.730883564698151
-0.5323228680324296
-1.2043320539077433
-0.29784051270729994
0.040306384191332575
-0.9468713669393579
-1.4947633248261034
-1.5271096360577159
-1.4273656611393755
0.4334892934490721
0.6400819775078115
-0.9596930677057594
1.0229452369265744
