-6.041310114176514
1.1224927351612222
-7.070083348149094
0.47756292369746633
-8.651835126065457
-2.1061874950379407
3.238895434608203
1.1366878431638499
11.901318539669667
11.793772234204646
3.204922212820292
-4.069026904603787
12.117421203600113
11.004342880919198
8.253501949582338
-17.44419969463443
-13.261099716770913
-1.1456838872629722
2.204461748547775
7.321820974265523
-4.318584083923079
-3.115930068184651
1.3271096194391074
1.6095884883704452
-11.414370813470038
-0.9668376959268191
-1.3199936575764208
-2.148029350576276
4.325887162424981
5.283474265604642
1.997387419199309
3.858154184714645
1.7944128050283228
-1.7021141195201897
6.802679879660778
-9.40804839805773
-2.004374028695167
3.6856143613226697
1.0061520511202313
-1.473777129908225
-1.7865686755301127
0.8196104901874512
-4.545097292216461
5.063244208479525
3.681129250488962
12.342051207528357
7.031551907615627
5.000281411574469
-1.8136470210005626
-5.596883547424697
-6.519325246552683
-4.258582276298808
1.2235033358936247
0.7184567256292546
-3.0386081357355113
23.583021398333226
6.8091981995920525
-2.8295843696144334
0.024988884897272395
0.5172475524664033
1.3670616929744315
12.53212420325703
-10.933601786337277
4.532962885154076
4.591214315399921
-6.341465440890843
-12.565672427650362
-7.901874587919232
3.414047400038674
2.610197577676284
7.780515097295587
-13.322063651690963
-5.086191696352313
-11.684628394880086
13.122371669641748
3.4636616319799245
-24.71850366278065
-4.4379195307539785
-2.5194663556616406
6.232687542786188
-3.386363763665528
-0.8930136658068922
6.166893058698402
-4.168527469658009
8.426694679656418
-1.8722578824583278
-8.15775911477792
6.388408993401897
-5.982049362448142
6.036779011253506
-4.159599991929554
-0.44586454332658265
-10.425753740070528
1.812519576647799
8.624946137787049
1.467831203595514
-9.641958521353395
-2.5987847296165905
-9.703887437535066
10.235292164709488
-3.0805008009061496
16.684743463260865
-10.444361525977701
0.6579874134587406
10.065651765611799
-12.555669195244656
-15.396099997350378
13.658591082042795
2.052598712097415
-2.083716335038818
-10.379487322574587
-7.485136035387159
-3.5021938319865384
8.609329692909755
-5.003966953979852
3.1891047090527995
15.631686918184782
-12.526997679272618
6.348659510956057
-5.195408814698373
2.178765478290502
-15.07474166514723
5.126714370617458
13.795312835568788
-1.813088236598746
4.622956517410043
5.369372777617441
-16.287454024061947
3.998246890988739
-1.814667959631806
-3.0839646841823516
1.6392283122133522
-1.0364020269327148
6.483087308405789
8.19355413828234
-10.685880567866901
6.751605094987924
3.737059063242944
-1.3389238017974419
-17.398322628980214
-13.173343100909836
-3.756879970481001
2.8665131857337687
8.871391633677433
-3.2816450412627565
-11.303066049966475
6.170788962255822
-9.479273002051716
0.966555832767237
-11.735521838163455
6.575076156544221
2.5068518327513205
2.1706122947196924
9.785179254576127
4.874669097692516
11.633204176895918
5.135242801599923
-5.015037655689159
-12.801373347668028
-4.511289737676698
5.123601648242431
-1.9375537415124942
-2.6189059025566244
3.973566473737018
5.784736137571103
-12.982467157515309
-4.4308922161716335
-3.192516745754487
-1.573829544533205
9.818753830326967
2.187472729099415
-4.613718379914067
3.3936610273775787
-6.950180018442355
-3.8502789443124574
-1.1384775201516268
-6.788600301555254
-8.812178948214967
-0.5201681094131446
0.05066153066638722
-7.327635749788787
11.274930595107447
9.576584236400802
-7.587468798415163
7.824552666837718
9.150931910401836
-2.893369636210163
-5.2549449788813085
10.800598032733912
-3.0078886572333365
-1.2860768293185119
-4.742075716473196
4.733478605015994
-10.561351496225726
2.5372131151391337
-2.3864693868307203
13.356088456208788
1.4221053343221892
9.480665895211535
12.540042264782254
-7.6127234980931675
3.7739553361631124
9.926193889652922
10.846526897033376
6.637469605825587
-12.007208530472742
-11.24586510178838
-8.323198103062467
-1.907847311898524
-6.96783067595035
-4.28780099317914
-26.744804510093655
16.101295768624002
-2.1236222047984334
-17.304049096878618
-7.746291236168151
4.2626194560595705
10.824116523896576
-5.786043423923943
8.883980576204424
-10.438289649026155
-0.17068500424702887
-12.794991355868435
22.94041932642223
0.5116585020162484
-0.23541172213124972
-2.0856932379960647
1.6970082527241848
-1.4630273749878293
-3.0967960430131627
0.6351553572432842
-1.126519205423644
4.271471277004245
-8.313626395513085
6.29624939874894
-2.055242461839867
11.668848567725432
-2.712019098368301
10.550390932343737
-10.442966253902494
-3.6511374781769184
4.43026184085532
3.455502931740785
-1.9580480758371535
3.235627526858747
-3.010399819468883
10.249692318434384
15.979479575039667
-1.56602984077618
17.71327418143242
-18.588934721081824
-10.41936993098126
9.817600346779384
-6.400912631535119
9.467233665271323
8.763679462486335
-13.747692503175236
8.196293774311082
4.499759711242799
-3.9713488349558865
-10.86180394925818
-3.9516821082715086
-18.223357238715824
3.682964527460747
10.020536726033228
2.71130114123063
-0.6578146339397443
4.5541368528697665
-3.7035754487632366
7.010957535951575
6.874604341077806
-3.994353132438736
6.892987028597621
3.9590696638726843
-18.188318974381964
-14.695141930684782
-1.496832124777738
-4.27231230602937
2.4846312200344145
6.03177442064732
10.652611180361573
1.898077769508219
-4.506246790869712
-1.985393229850231
4.7516264844947305
-3.6633750873327253
14.805549116267706
-1.6080772096491982
-4.5791976442474525
2.2366605663008503
-17.30517041016666
5.353249768921126
-9.184518513789508
4.220222797482634
-2.492087192944893
3.1974262648693097
3.550111764571478
8.634849812738087
10.18437671380099
1.5044227748050591
-4.177548760699506
1.544275211647653
-16.255519786685525
13.172136572066403
-3.046212637568141
-5.963193635087775
-18.321886057204193
-8.959398294910097
-0.2669690859466472
-1.5197941756205398
-0.24234792279959402
6.6127842979545255
17.907024647996
-4.5204836737966625
8.789095595781703
-2.9028790016499375
9.121795639142993
-8.547382217556326
-6.169891794147802
-10.679641247340358
4.744125767277354
-2.541984318270821
-11.387293876157672
2.489485674212747
5.507836394944797
18.337651380601216
3.965487631030479
-13.549528197485083
-0.4607338945249974
-6.071180066439948
6.568251292301969
-2.349980155945005
-13.37329868135161
-23.529622973675984
-10.164113036035644
-5.161816403191714
-20.868779412333456
-11.834921736293206
-2.440066202192646
0.3451401098997705
-3.421080552596797
10.356361926461634
-6.576333603084488
-10.150095983812394
-4.675966106200723
-1.9187778441264627
-10.313134640538003
3.4464386478221503
-1.7444863029503606
2.718784111454938
7.02010764598665
-4.866849107877388
-5.448276480534481
14.162674394625624
7.518660784761307
0.92654367463355
-6.466878307413178
14.87057956292424
0.4786970784628956
-0.6902874581895333
12.889236677322051
-3.2462232425948394
-6.3729916494965995
-10.271748407609556
7.818548316609555
-4.958600077351079
-1.9248852147082187
-14.940213538292355
-8.9556598778019
-8.267260250199607
-9.69335077502437
-2.2366884656568105
-3.630749997635016
6.422484593882572
6.975467008030932
-8.353707966565787
-2.3694329210990595
5.243776258551341
22.67508821096798
9.254733223578468
5.931069027846551
12.220536926792173
0.20042638218102143
8.10844199600449
-2.8079439049540804
-3.665150587635087
-1.7098903342655987
-20.30480363810312
4.097287761141314
12.118343113686862
-5.3011582491019995
-11.699620787941749
-9.629305319042711
-11.07664539865906
2.260635571461964
0.90814094597074
-11.622972950183357
-4.126477507137069
-4.415755358615228
-4.139760679708348
7.279082664055462
-8.93995039996665
0.6215778869780089
-14.855444719615285
4.477536660540898
-10.74047218955874
-8.300309909870794
3.6226829825213924
-4.232852624624914
-7.622311876927969
8.319878463703239
10.75764001400773
1.3449961583764976
-5.08367378848016
-1.0796776360394165
16.214744467462523
-0.407252694630814
-0.44285523109166164
7.66067513650036
3.008341333495808
-1.4179544027035815
5.436248236040498
-4.117482753640273
-7.02875019533919
5.920807899856381
-0.9067493345926532
-2.6572628746361735
-12.278312923207743
2.862499415624813
2.468462723947455
-6.386596560333959
13.95433214536021
0.4256432037928216
-8.227272560656578
0.2613169007953613
-12.421865644715172
-4.11950502596253
0.7171781834352766
13.139263404794411
3.723545024157566
5.588683130317276
2.7063197090562094
6.4438970289258535
-2.865700438056581
5.334833565833052
-13.40181130781617
-2.1677921232163446
-6.668166091466354
1.9756314021071204
10.824001113996442
-5.397995380355609
3.1259915447108204
-6.216558548234961
-2.328836029713838
-3.538948654595897
6.111057677907282
4.758011792017542
3.9936219569261295
0.14883821586079565
3.7034001709540427
0.8098389073487327
-0.8653573066255201
-5.927696438065284
-2.8431430775711055
-4.79823078710526
-3.9808224989043945
-11.745983623685273
-13.712192771498655
-2.0062686859723313
-18.909025640661547
-1.1213471982611523
4.292877228720892
-4.1257494273692785
4.45023269422556
10.854098602982727
1.6193211718781788
17.286654044556215
-8.95426380980636
-2.5705937910534917
0.6281015476905745
-14.247129157713868
2.606323152425312
-15.156189322967839
3.1410532932734365
7.366014901884823
-1.8319519284025905
-1.9363618627573342
1.9196614214738825
4.367272398730645
5.707909502373154
-10.617577136288528
-2.3363417022427786
-8.671508376873192
-7.205930605710716
4.336827037949145
-0.7927390683301332
-3.2285319558344585
12.857569048701324
-9.992250223474153
7.062152657024224
-0.831851431211117
3.7908575011388197
-15.755850952982913
-4.284395640965128
-6.199923546771076
-3.246249859445553
-4.029636278970258
-6.038946024660261
1.8064146277961335
-3.2657313328797666
2.6307164975530544
-4.897471680330533
-6.924972079405024
4.618228726236847
1.3084966885406748
0.40124530483258797
-3.545862896810011
-12.656999761857232
4.025167052149613
-13.668980779131111
-4.046332553495364
-7.050506431802591
1.0875632608481047
0.5711209286000235
-7.003193786198874
-10.377533945961405
1.969511795155208
2.9661178538308888
