0.15668379368597607
-1.264989167027268
0.3539285688199666
-0.30387455556067566
0.8759678919922235
0.051883821980337266
0.5446583913335499
1.1639337497270117
-0.428332631894644
-0.4816118082286841
0.19222470090929936
2.4936956096616405
1.7330206489556073
0.8016751548606298
-0.24407316597060438
-0.6239469747718525
0.2145444834861776
0.4266374302607372
0.8704486153649315
0.5581660222600328
0.7143325049341492
0.43329704463379776
-0.017333386358080464
-0.28332237348188616
0.4225963502165815
0.7195139437083624
-0.6835376703899269
-0.42902960717404687
-2.3619196632310993
0.03405061034570499
0.25139203704589236
-0.8159338883174134
-0.26789231973341016
-0.26247714394384336
-2.821843062501668
1.7694528658359503
0.3218596240816277
-1.3802061803718346
-0.05423757873782306
-1.0108909528254162
0.43508140599996104
1.7585571466653336
-1.0645699171380978
-0.2762782845445855
0.26970027688025405
1.689348823839241
0.7128539944652568
0.8313765431549502
0.8029300235044041
-0.8861286588358777
-1.1744705281443006
0.2701087866208742
1.110434922975267
-3.1931099209515894
0.3541012297299722
0.8329214521064235
0.7045221929249132
2.6253269038469917
-0.5325638750605951
-0.21561134015850913
1.9280547483473964
-0.18224434273317863
-1.0454664270324305
1.1516608629712548
-0.2401989894818556
-0.592284044741499
0.31657328357553555
-0.3772458545997722
0.03755810491527621
-0.16237512405942062
-0.9330602183133396
-0.17265426567028486
-0.47924029568612675
0.5676777440829639
-1.6113426076907031
0.5424835121092527
-1.2974079287478448
0.16741494332846674
-0.6749045903018711
-0.2769227006552079
1.0504341133001485
0.21855016961210824
0.7524468641869914
0.7207992756677948
-0.3676743666055934
-0.4536591541472529
0.4769044512535014
0.2042242440436834
0.27797357260520944
-0.9196619667192252
-0.6044694194731182
-0.26694002823836815
0.6142427289673008
-0.251468479832567
-0.5994926193817444
0.020788848513984114
1.1833033919453582
1.5958446523001186
-0.7498335155520672
0.7631783131473422
-0.6454865681080793
0.9677118007510019
-2.0679138833946684
1.3867747640286803
0.589418982659586
0.23653576076676436
-1.3195847999446046
-1.5259146725683113
-1.283562631316008
1.8442643636666332
1.8710058789876982
-0.5586621370173558
-0.7113816677381635
0.9285096604491262
-0.8350398602556646
-1.4243438048510286
0.06612127533457511
-1.1222788752914448
-0.36988355724718547
-1.8072472062536833
-0.018995630296108575
0.17684290357922325
1.9716688896780665
-1.631131828784869
1.577798690943863
-0.30917965684971976
0.20197039716213788
0.40851248828866915
0.31790035061598065
-0.21616831609289322
0.9446172085024359
-0.7730690543571547
-0.8085585385291617
-1.126214077395731
-1.1597498699479536
-0.16817104695476745
-1.0486384426592057
0.14755079943474736
0.39326579103020126
2.269016222651245
-1.0103251813810437
-1.1427223440008252
0.5869931013294828
-0.28821651564657536
-1.384239325514912
0.306450529375519
0.7045081714144997
-1.3650189368003605
-0.09869634696445567
1.077449433274379
-0.5588738350158828
1.1828270057800399
-2.188353727994724
-0.7878973872033099
-0.12347976850070326
-0.7951978482954518
0.8299096150428061
0.39645620477558763
-0.3879403263912727
-0.23998207828468557
1.069219186309959
0.5071796272307229
-0.04328208830361395
0.764800911890883
-0.7116251166845654
0.20941199528507684
-0.16385818980993597
-0.11649383818587945
0.399052999185569
0.758685105339383
0.955782568222977
2.1060637346657263
1.2583411058382235
-0.6700179662176635
1.7616081523907234
0.6074867121758921
-0.7608758163290242
1.6075911876350162
0.1398011171250541
1.148744335108717
0.44187706617503303
-0.38576587467008033
0.6219221725086885
-0.28091719834950507
0.7875859877288625
0.4965577120608524
0.6231609655090415
0.3241131357476249
-0.3588406187909016
0.4754733863405013
-0.5548768190187442
-0.4876267505533397
0.28996398005701074
1.0329606099843174
0.23205162137417867
-1.015141585483221
0.1598618572278097
1.2241952749384846
-1.16975079152093
1.7584209765181196
0.36125964413418893
1.1352230221809836
0.8340712131875957
0.08167768888613211
-0.017016738143158697
0.932500597863882
0.1484789308791858
1.5209934663336824
0.7269945937884037
0.021919063313448128
-1.3756971624337146
1.470727937234427
0.17643174038937462
-1.691709868459834
0.47146784971234534
0.6501689604834624
-1.5946308744612545
-1.6369325184503387
-0.5355341697212178
-2.1301665071580786
-0.2682693829686734
-1.0352507298157452
-0.7827851680299116
0.06623257419855275
1.715307375374471
1.7685567683026133
1.048383581731279
0.3686392176572055
-1.842741541272196
0.3505983391896386
-0.31896123063900506
0.3095612913660616
0.6551779337437635
0.6616026314824027
-1.455293123859393
1.118175089004898
-0.3256370166256683
-0.6887609104223985
0.3295853442608685
-1.2155175773330469
-2.3147461921499497
1.890034292995202
-0.041353945072110224
0.15611246933689976
-1.218460042413488
1.9740086747083572
0.12405947391327816
1.2214654902920652
-0.8849863098871832
-1.024729794491166
1.925523389139267
-0.11936708393098851
0.7403254544507694
-0.18861361142029523
-2.1029121866818814
2.4310206408836774
-0.8843123113842172
1.9923845811500678
-2.194871179980691
-0.056015331391663134
0.23392602778150814
-0.600574808697651
0.5413768741292123
-0.19108431971026277
0.3222704345051288
-0.06263956037777739
0.36835734791290475
-0.8196519562144896
1.8694760275696793
-1.2159785887711743
0.4149134646751483
-0.1751273170844665
0.17392424256269676
0.03558912019174024
-0.7867879356298719
0.9451789636395993
0.46211532618100465
-0.7451791243368258
0.46744263451321955
0.007725531320163244
1.7999983092972827
-0.6836297157690152
0.6581291313830936
-0.9167205701261407
0.19500031353410427
0.18323611164163933
-1.4255577527891705
0.8384640133006587
0.7179570767189525
-0.618100553972858
1.045034950051919
-0.0015836654852418332
-0.052302126329421286
-0.5640151006865146
-0.23755743111665514
0.6020676110563724
0.06735758284389483
-0.9139322835059839
0.6901773525955133
-1.4056635218632163
-0.7127648541513466
1.191501561144218
-1.7762885026728668
0.4544234088131875
1.8720719337832232
0.6329382544165487
-1.3095127127243587
-0.3010787785416526
1.0781592436524277
2.06119901199899
0.6157281579683059
-0.16356097890196059
-1.1202045923067594
2.2023664313205993
1.0081983139221256
-1.0963236410851396
0.5381674794728382
-0.11666149116426969
0.26738630617635406
0.33945537595980013
-1.1514716049734515
1.0286933639835187
-0.6622875504513892
-1.389248873948667
1.026712605297861
0.2936426694975157
-0.030395729386969793
-1.312603637835761
0.6530797866908952
-0.6880972094607933
0.9423961746359278
-0.478894005337697
1.1215403177869165
-2.7208160015239975
0.9324041430695079
0.7027115354431894
0.0474174524694712
1.9452287954751901
0.17767687317356526
0.6944957117727529
0.2039991685942938
1.477646093944896
1.5990373472532289
1.3266274123496857
0.5827647062311162
1.5708683981611409
0.631183331293106
-0.9479739773543981
0.43500319920269537
0.24180887285987843
-0.1634395436952848
0.08794918423792465
0.38025007726888915
0.13770923476255115
-2.362227792762509
-0.2819133827172316
-0.5695065169558462
0.0636458386077902
0.07735476486459252
0.6344722967232661
-1.2782933402271197
-0.49378779690459373
-1.0135785916351543
0.710299040984671
-0.003979723095090684
-0.4665672343348021
0.18699437820506054
0.4067393982523262
2.8684548232315623
0.5159145749921493
-1.0559046591350183
-1.2406155443948925
-1.9144663829144744
0.8066648860244312
1.1803770177331352
0.6045413391091125
-0.8389381962242242
1.8886898394534823
1.0429428731500117
-0.33154114627853154
-0.8571770850777773
-4.217060362394328
-2.006528778371427
0.9715682063138057
-0.33079924306240016
1.031805644914528
-1.88023533565349
0.13184553330119544
0.10789940075064143
0.32621274004249906
0.7882050781693583
0.2212906605126474
0.8255683694595375
-1.107172147565938
-0.45999017143384346
0.3879245719977755
0.4980032855314509
0.47588713852327086
0.618764939752464
-0.7186867293796331
0.3354521932688128
2.053168388985168
-1.4875331238819087
1.0599695151724196
1.4969417690454718
0.7592382935957993
-0.7780357651533164
-1.7625655731287528
-0.997343339211651
-0.43766558418086704
0.3152572206941363
-1.1533343811269028
-0.5605098083697649
0.3013842752516085
2.095978978123044
0.8352708398993002
-0.8962951379849714
0.46038062212820674
0.349594275778638
1.074369441423387
-0.0778573913082608
0.5884658643012355
-0.7737384092502838
0.44387592320009905
-1.2956416291645076
0.7241142663170884
-0.007737475851076366
0.3165694162365386
1.1225517236308196
-1.596249753335825
-0.055960933057131894
1.3110287284581665
-1.568499284909473
0.4564081569996352
-2.786379183656227
0.14417267895036429
-1.219356099401711
-1.819238051702717
0.17893527619396762
0.5457340917716477
0.7672555501771663
-1.1815173307819993
-0.9662328902273929
-0.27616427561090406
2.196449907420177
-0.23392524101129686
-1.2205553132188374
0.4310432201994332
-0.5846910126303859
0.5951196950208292
-1.1148299432060316
0.09730886414572121
0.2824989159005207
-0.5838038949511586
0.7499206769163209
0.07205742732604936
-0.6054929800172524
0.47178625393205265
-0.3311846745392086
-0.622047263655624
-2.314867532295872
-0.027878560145723364
-0.03874077180454342
-0.20185997075674364
-1.5052647864701318
-1.4929056543511692
1.3812569543840634
0.3224980154710918
-0.5637963188560028
1.600832233289614
-0.034571641542518856
0.6704144041738189
-0.7708210370355485
1.782121648900967
2.6532978425941964
1.0127347881877362
-1.5837353722100405
0.9750592906664938
-0.22451757722901872
0.40770807017667826
1.3731949839326418
-2.006230267828804
-1.7191857700393298
-0.62361992982656
0.06757882655600893
-1.7155284651577127
-0.22748473697566535
-0.7093108255604959
0.1994474956592294
-0.5580640581833687
-0.10971405800460171
0.8930009265031762
0.12690392903206174
-0.6567024058663272
0.33775350755699557
1.4409955822987337
1.010682736232884
1.237783902049836
-0.054457310166054214
-0.019765038136172357
2.2969619001223025
0.18462920483048031
-0.5580893073906914
0.9196221258263519
-0.47129076024340094
-1.3042073077420608
1.516776939099045
0.15036400617925663
0.031112474391346012
0.8381325166046655
-2.4113210629501913
-2.058482061995832
-0.5501730854951618
-0.6104742066266359
-0.9859183494999268
0.5645860104162684
-1.662332440766178
-1.864777252304345
0.3348341827930153
-1.3985246884238667
0.20649573277289646
-0.2296691319084859
-1.4596335588293297
0.9919839072666438
1.9855867737926383
1.2369668800104487
-0.4894845994086362
0.6371082490421001
-0.7945118125289894
-1.4610315341537012
-0.03958126043294286
-1.3923492209370227
-1.9495195302655322
-0.6359539079532981
-0.21395402747034314
1.0570169197097936
0.15641426848534326
0.20601199855594507
1.5516220054642935
-1.4830055827619661
-0.04742066389129476
-0.022850973701409955
-0.14645903617396647
-0.9228428183495799
2.031588309817186
-2.093541222765065
0.7925503894163004
-0.44039898005705136
-2.640901723617344
-0.2962914005343802
0.6016103310836263
0.10591671728197222
1.17562129935526
0.41848056513936216
0.04855560354161043
-0.08627124119959181
0.35520735442018747
0.802354357377297
-1.0332877111860563
-1.016730307968148
0.9135782799514875
0.38698109540011655
-1.8519009565901663
-1.9113531958381407
-1.2622423193378154
-2.7823797343773355
-1.363330949956145
1.6852542936162436
1.2123689609656831
1.112898673618029
1.1486150843133436
0.6587391235358175
1.0876093296827591
-0.21263776441426802
1.0755905101233847
0.15135457317932693
-1.3674491010554672
-0.5415374911211859
0.40593947644209444
0.7784999202273327
-0.13027910053575525
0.14259090709641906
-0.47411532637315507
0.16726112361740203
0.36463346522552376
1.6782308190127546
2.11705029773464
-0.45205314719131967
1.8796127417997357
0.5257809384365927
-0.7707931251839225
-0.9579573762147098
0.31490920539028866
1.349310968047852
1.8197410668082477
-1.1397985728559343
1.2447791444948029
-0.4454614592964233
0.17596976059775113
0.03282682174950254
-1.2875479978251922
0.3803708171692348
-0.4606446359056029
1.5839834335039369
0.30060351029419263
-0.30602183310991576
1.1608365448067899
-0.6437103838933143
-1.1471918985286675
-2.551434004584168
1.4212554259391807
-1.422926213167738
0.3869879092982894
-0.6080128030380454
-0.4718292775205503
-0.4057984265737017
1.3190322775413132
-0.06358175710450423
0.3463258950122172
0.8536382557592945
1.5640500934993078
0.09887154530445379
1.2689046028220512
0.8746270016755262
2.1860430576615615
-1.1694316557782496
0.2738951684869727
1.5953870052678165
1.6967381905988173
3.1674936638667743
-0.580579323197847
-2.758836699574209
0.7837731539374259
-0.619319697085041
1.9054907053556878
-1.7032985082144168
1.9141927299749188
-0.6265603543539846
-0.3971307993973509
-0.35803428555751593
0.040013398251165046
-0.44358405717960087
-0.9420987183303848
0.2866809194937074
0.6382739492740881
-2.22730214996598
0.4742373405278709
0.33683363139655764
0.40368775898587606
-1.2479477914364148
-1.6732570698332503
-1.240392197223961
1.3556527759102277
-0.4944816126056528
-1.72372219365667
-0.8542816213331029
-0.6681281790415798
-1.070586988594486
1.4993756098944253
-0.8084383980963574
-0.9238132610481455
-0.3345369463283216
-1.284150112474693
-1.4906082116586732
0.24909367019281187
1.1570124229575858
2.1960045356387083
-0.6489369553606453
-0.7610706461431868
2.3735758654008308
-0.5235331423571776
0.14166677735751868
-1.8175235038397262
0.23258104048436862
-0.5144776702418599
0.09911466192610713
0.5878954861840935
-1.1153854757231774
1.2102305930681863
-0.5237734021908586
-0.30035704121622175
-1.9751650256900128
-0.06501866519419469
0.5734758949549923
1.361190690738306
-0.38046812647255246
0.35833655352816435
0.9425770227271677
-0.8793179937583536
-1.198666299285125
0.00633153027991864
-0.26820184174073336
-0.2563070439946556
0.5996859608408552
-1.0278611862088745
2.4511136855108266
0.6334792170499144
-0.7895816186907189
-0.7161152058490616
-0.7830150659902121
-1.6597492927432633
0.3581784866196162
-0.5227566528624792
3.7027593849902094
-0.652372820768983
0.8665035184962476
0.4841868967380447
-0.47866559038380085
-0.9572430551326091
-0.37439504188307704
0.5498974288982942
-0.724484229206328
0.4282848072512896
-1.1350317832168082
-0.49173473278013624
-1.384810560965403
1.4462970343318438
0.5020442404795655
-1.2174055203234582
-0.33943708302239395
-0.009307695574046385
-0.26027395638021256
2.5289949549950634
1.289284823833063
-0.688929364674345
-2.131890022909654
1.2606623100443757
-0.5562179398401779
1.1522491265346977
-0.7612694900857584
1.0350352035668422
0.775924282105219
0.32104638527207924
0.8889665912557135
-1.2867019211377007
0.3410140065309089
-1.5825889000788387
1.8167376342901413
0.3019683785078103
1.4793699949678984
1.4859682449126783
0.7087562872374301
-1.4576876062580078
-0.5062893328192194
-1.0653449557881474
-0.17236323901809927
-2.2446903409311956
-1.264365190495317
-0.9187391923064557
-0.3223671986222718
-0.5019435441789493
-0.14569611626150433
-0.8828471179150379
0.36811508863014786
1.4195929530104987
-0.06086343355060572
0.946100768577845
-0.8685452080242241
0.2635694383125108
1.297109252428321
-0.4165166365109771
0.18548214250740389
-0.43816374624320226
-1.8210885062147038
1.3442620472751252
-1.0666095064698542
-1.413199536092469
-1.487239291564476
0.15784618010375887
-1.5177285159442493
-0.8746132696626017
-0.6352402726662368
-0.2489544427338377
0.6797244033744482
2.162028287497754
-0.005422272028347207
0.8752885780973351
0.8630611133207132
0.668295710079129
-1.6079211635693433
0.6643590368022444
-1.2153154630381044
-0.1007415828557809
1.8016405141478578
1.0043823891502754
0.5399879918325703
-1.1074730350492163
-0.9724221820000716
0.23316071618555828
1.1451931860879883
0.5637424048851107
-0.7245613305783059
0.5300010207136677
1.1709271625906938
0.11365099516687353
-1.0323361935468829
1.3255652732455259
-0.6404414046020512
-0.9168279641818404
0.14155381088515773
0.5583554374081371
-0.3645073512433512
-0.15552997661168558
-0.2306830655666955
1.0379166503652457
-0.745481827954295
-2.1603144051317416
2.9799549737987725
1.0746290996987
1.5361158904204406
0.4480051127931561
0.6755031573019555
-1.5338978983448606
1.0417016277160098
0.37247463118023766
1.015399312865868
-0.721812417913947
0.6966930243498979
0.9794129363099041
-0.24489994763044326
-0.18955795116856855
-0.8658884421580633
-0.8015789059017768
-0.2621311624059069
-1.3413345176899307
-1.1022999020109217
0.4327862962695413
2.3082816302586058
-1.1099157329010492
-0.46879979650415843
1.0683866979201018
-0.5892147268369946
0.9046912986097052
-0.9067812061909338
1.5044087725027888
-1.0190072783431496
-1.7487573486676202
1.9524314533101796
-0.21801251685771464
-0.39242472989243493
0.29586823623681824
-0.6801073087443062
0.31959702820829794
0.6927737289980466
1.0227605832819617
-1.1351646511970754
0.48072617943341495
0.26178608666798897
-0.38803272997268023
-0.1853909370621339
-1.3952405030934985
-0.09107843003138148
0.2597223729983777
1.230833915446562
0.8738723635471887
0.4843520501594285
-2.1742902759314684
0.6238437246952477
1.0214995474748785
-0.5395816427851969
-0.09023651655823714
-1.8747883778626335
-3.365950498926205
1.3164787381872611
-1.3276275409901155
1.7793999225320565
0.06840883334159192
-0.15687785685362293
-0.4436561342995492
1.2067441492793594
0.8192320982168491
2.6376517910699344
0.43382382841078654
-1.8394329151639812
-0.8923005058627902
-0.9610025535718942
1.2496145470413818
-0.7185604852938497
0.28332048490337136
2.4642049878839782
-1.8459196346442168
0.5314876689328436
-1.1613217990714388
0.46753056685200717
-0.20814752929838426
0.5009446107363827
0.6927420497155479
1.908082072210923
0.4189985481665806
-0.30124137975632936
-1.7054263105345822
0.8374118838857916
-0.13969988489361718
1.1994102891138168
-1.4121006174311
0.9111604213611773
-0.7330332461651042
0.1305438316873792
0.4594167241647534
-0.7330885316690712
-1.3301376828239884
-0.13081199406710955
-1.1262250077366545
-0.40041399816483014
1.118140104683302
0.44556112796545894
0.4409400147195074
0.5485699379740009
0.9536557185497252
-1.6953379654318717
1.2354904451542204
-1.0421499885367034
1.1714735678024975
1.14871501213469
-2.2941740059913234
0.41087649026342793
1.876540080128196
1.8923900583694702
0.6258848695957976
0.44944544882415144
-0.12792631768337223
0.5703609983267014
0.8770622439667279
-1.150104349189145
1.5539324100247918
-1.3752092268130613
0.5931557658892529
-0.5719938659282101
0.17966969392248958
-0.8538143042050652
-0.7735271975407795
1.739979150170662
0.8359997685675857
0.34909784768124497
1.2201395494349974
-0.9078529435670596
0.4863026987922488
-1.6263428749855675
-0.12458598981353078
0.5581952367472919
0.1798551980053208
-1.1590279915652781
-1.4245661329943804
-2.170637950396202
-0.12498493137852282
2.3021915383233496
-1.136449372308005
0.6632070193850209
-1.7621898925451356
-0.8653326933055083
-0.15014614410159005
-0.108030655967705
0.30968684609228486
-0.8090160612907918
1.04625632307465
-2.209070063033887
0.7948907328749445
0.018067993428557052
0.028980821001723372
0.5743973362140942
-0.7155978956130038
1.0941824992134888
0.299716891931611
-1.4441841879236812
-1.7523377577311863
1.5104963355435117
2.348555203915882
0.831461990957061
-0.03631043439636159
-0.32370790399359994
-0.15447530080696556
-2.0839705869336376
-1.2240854311245115
-0.05036551406542725
-1.1439460741741736
0.5069546405946601
-0.09007487896634632
1.3586346509982512
0.18386279362659813
0.1555182059254924
1.4647787132691619
0.11620321241115728
-0.6209989570622031
0.9673300947996945
-0.5333693287252017
0.13574708394849055
1.74649957118156
-0.4215206239358913
-0.8359495626508119
-1.0402606259809597
2.276399537306193
0.21567707989210932
-0.5062078075658414
-1.453579197397371
-1.923639382325009
-0.3433656678922692
-1.970615384055947
1.6291851223542613
-1.0796769128317425
0.11678618068022928
0.04634117399102331
-0.16509571547322346
1.0123866358338756
-0.5626180508763565
-0.8398849407846477
-0.5291758776760609
2.198015036132621
-0.8416363053541421
1.590065283905167
-1.0766401495598523
-0.8768332471119998
0.46683602806958957
-0.8916405783826634
0.826323083697925
0.36198123980452546
-0.04911782041252763
-1.3478010813313737
-0.7218314561910201
1.1289091615642743
-0.8351208911025734
-0.7127761305217323
-1.0187847453089722
-1.1684039778012023
1.8893630904744139
-0.044397008700070864
0.08227017289406881
1.2005591391171182
-0.5921413921568326
1.0071036909108695
2.0076467705800325
-1.2766307810068862
-0.6240646086208083
-0.053155570679488014
-0.6677801351718406
0.16579155248555294
-0.6747555820520876
-1.8781324802835455
0.891620058586302
-0.2201405292169787
-1.007797485235778
0.5914727548160235
1.859346156441176
0.04346478316676567
1.040619860310196
1.6722173758598082
1.123280472624364
-0.8958142456992302
1.5936719332732905
0.011327825468806485
-1.9359680619391253
-1.0908114664734228
-0.2740213119328198
1.0532793841838608
-1.3120077191089856
1.0279702744291728
1.3823145481757149
-0.49697323923266723
-2.1632388191464154
0.2256027463131579
1.3924569170094945
0.2998315244281042
-0.25834743240774183
0.6675376154636773
-2.7458167062202454
-1.324146213653341
1.4219855027659762
-2.1628090318680107
0.9477156130587027
0.22634570298029547
-0.07759250058022635
2.6324167650742343
-1.775566344941977
0.535434346481687
-0.5295435822455903
0.7065206799503311
0.8348673438586598
-0.6574785802306867
-1.0734401689541115
0.08490833579130787
1.5462051626547646
-1.1570618517221143
1.2254955492168724
0.15803455589243845
0.4644137539078059
1.2688136548043876
0.28400691657908717
0.45220661346375124
0.7819893405198032
-0.502655886837481
-0.5093208499826319
0.2940216656367768
0.09810685797384089
0.6465052259436781
1.4591473242726891
0.21702846714444743
1.1560131729063494
-1.3461649599081678
-0.5876114145466097
-2.8577894427302324
-1.4860176182740714
-2.8702323529173555
1.3267640684092092
-0.33365629849707523
3.094721063710312
-1.3820249451151605
0.5335352748645519
2.010352822592052
-0.9627909812743025
0.8370252550002755
1.8506604113767244
-1.1378181440537232
1.446214024153639
1.598188615269704
1.8819376431556651
-0.48926609351222156
0.03531597430756065
1.0134106698956689
1.2951031202557095
-1.06956979550273
0.8100581826041017
0.6582804054465
-0.6409990553480509
-0.29686040367890204
0.4249656647363175
-1.5922812959418613
0.5338873081398987
0.023441186498750963
-0.05266003225936298
0.9840364355624558
-2.246297212720302
-0.8374562784456128
-0.7853683980604882
0.17868064081674281
-0.21764847714999885
0.28171527410247904
-1.1760993175371255
-0.207195450558792
0.1361600769125314
0.15801555725003527
-0.7565001554406238
-1.1423833770035146
0.17964998359826923
-1.6037453515829758
-0.32152697907023975
0.9245419106756807
-0.7545138004681368
0.7321835855260955
-0.9574125938174493
-2.7714194514579322
-0.799611549547093
-2.672993618285727
0.012404111630169475
-1.3272889732092843
1.8660952476617187
-0.7089271781602817
-0.20427837046867073
-0.5558513420325681
-0.6864290938608241
-2.0930919675502846
2.796391524221035
-1.0409229951527954
0.9761303961030288
-0.8887982202532149
0.34134090799416006
-0.3812175047694356
2.527686054948609
-0.36423571767081403
0.8612497371286891
-0.6699468377973988
1.9644027157578186
-0.10156737534968856
-1.2838383233631017
1.0291780124907277
0.8663145258477968
1.2946861763327597
0.029483148738392525
1.0183594153552677
0.7737901539329295
1.014394023247508
-0.12713720471591153
1.6300474280599813
1.0419724671770185
-0.6296781181701827
-1.4438166002518857
1.102824269595239
2.642928439915312
-0.06229209185908248
2.254083787506896
-1.206106101926409
0.880094676004533
-0.23707533778127443
-0.9686672148874765
-1.9777265091371938
-0.36795973586323727
2.9714891377096646
1.51131201142364
1.5868960598920623
0.16988578834295873
-1.4024742698344477
-0.8939784687949476
2.1562244868632523
0.44500093451737266
1.0317261368270392
-0.6653217894197369
1.4183587963454065
0.9053711337951768
0.13592571769388076
-1.4695059146930713
-1.071199733555894
0.40596597739025125
-0.9356335032543857
-1.1344032192806293
0.7788307359219455
-2.5370466765103004
1.3057604749245533
-0.04124706344009577
-0.051910178099895565
0.05872721713123253
0.4391323876650963
0.6877517328365329
-0.40289648939086814
0.7075665778682673
-1.735603744451207
-0.2913260507044288
-1.669018500597742
-1.6895446330833352
0.12981525161528099
-1.2732112438401817
1.098912935417575
-1.233697274807624
-2.1951336315690284
0.8924619621512372
1.243305062588048
0.39145382461396744
-0.8900582483894034
-1.0408413833727563
0.48532668066663653
-1.9639878585627044
-0.12868153272348917
1.3228775593181936
-0.3170961354392596
1.2647595999841699
1.1998405024837173
1.3089521952425007
-0.7942220073495067
1.5866738396395355
-1.0541009046067804
-2.0586290107220453
-0.7668945470019384
-0.2573106871881213
-1.3277680783511732
0.10525779699521605
-1.3239904590991798
0.9529484098718353
1.4976745564724074
0.7605041708916987
-0.11421507108197043
2.6884828974936523
0.7627293698924996
-1.0465363752933017
-0.9388700319907832
0.11184474426793313
-1.7586896258707398
-1.6919800087660646
0.41023242031198437
0.3440173938469047
0.10272151678791758
1.722174157015984
2.184546306775065
0.46892622799606826
-0.4912526730144879
0.48566951542843106
-0.08171917109119117
-0.456915993522578
-1.8985151760594583
-1.2094378228622342
0.859185605052001
-1.501483220415891
-0.19321549481257613
-0.8083567544535915
0.4022793701384359
-0.11279770911066432
0.011798470246251446
-0.009987518880660125
0.8053728001476205
0.675183840165485
0.6846126075058074
0.09245331986380573
0.5673298765663114
0.7401192681620017
0.9362902491156221
-2.17100734287445
0.09284195203500367
0.18756102057384577
-0.7220222175301363
1.3673077342248248
-0.16907780658988172
1.3417679471898043
1.3366114905178292
0.8092082123381348
0.6392425918673089
0.75190742489587
-0.40194305435530236
0.20012078560239804
-0.8525200343103669
0.15868160137517656
-0.12162734044361004
1.2191107776905528
0.06218314109849982
1.495696849374702
-0.23008649595952618
1.0437918284065781
-0.23403728734797438
1.0041690284147686
-1.157311562433251
0.5837586444907731
-0.8171862150104987
-0.11928245248836644
-2.147806005994977
1.7817030595512593
-0.4940237636886781
-0.7327109088879223
-0.7536267666551156
0.7751126913334316
1.372000729700881
-0.07878985581921477
-2.008212300378838
-1.4115036125419163
0.8438516668365227
0.5161064967050683
0.8068545243315554
-1.5954715371923311
1.1935076849860895
1.0139029200332292
-0.5414113965067842
0.4190838676845195
-0.14013204905730303
2.0478737574625923
1.2612240600606073
-0.7911229928484824
-0.8786394776740484
0.37439724640544414
-0.012182865414434465
-0.9177819808022022
-1.4573456379620993
-2.5864493339240884
-1.8038514009916142
-1.272226531156674
-0.376094031846989
-0.36907700632964374
1.0772201176968164
-1.0790252913524654
0.8910793645892224
2.0447189130297647
-0.4962393654742017
-1.3378751604670387
0.4072722645899844
-0.3173179000086998
1.4075246241216368
0.28793527746871334
-1.5460026701872138
2.673702475593056
-1.785470866850911
-0.9181294671587441
0.13552355618037684
0.6637775929507651
-0.9873919841214384
1.7238781385795983
0.6229389560827066
-0.5144423824490797
-0.7895882407012026
0.3781619673941395
0.507361952196562
-0.7194040532028251
0.5284106709150886
-0.7191348547599887
-1.1037796720104733
-0.6879725837022916
-0.9664345284305869
-0.11603085593958137
-1.5360961077782658
0.906719491108802
-1.1257707833640271
-1.3130998128917633
0.8778654269005796
-1.1870134222128608
0.2809634396749194
0.1800219505059284
-1.6111316926542867
0.5071167930330308
0.3688244860120359
0.27245901414815876
0.6437935280505975
-0.957217639636541
-1.3955442900523845
-0.2767072693231737
-0.01011245443175192
-0.9460772188418389
1.4148195231020313
0.7005974351802834
-0.5659186255902875
-0.8802601531842396
-0.478767579524405
0.07142370165920135
0.5331231916271202
-0.8673376841767809
-0.6187197178478495
-0.9021493731494591
-1.0905096788993853
0.6026528252037334
2.29060432221374
0.6642590547645538
0.9706821767350248
1.5640373183399459
0.22665670210285058
1.594192227391788
0.3195019965513945
-3.190110414569896
-1.2009856044856413
-0.12298393850970508
1.271122463604795
-0.9130268630103026
0.6474490036793461
-0.3568650829709958
0.3616437661011118
-0.8536874463777685
-0.5411116181670687
1.869860641464356
0.26805259390334163
0.7441351141928271
-1.2578399993118254
0.8994963980051444
0.9172961830674223
-0.17240343545430986
-1.199026684177028
-0.5778217103901235
0.4202153624132487
-0.9903242777450911
0.054632472871543034
-0.807388302406225
-0.7503492329997229
0.29532909979399513
-1.832070045496976
1.5418291621867177
1.2452456794673226
-0.7733043428778649
-0.21072904278308047
0.6215843138824537
0.08800592115396118
-0.23355490978922416
-0.6986785523615721
-0.8363989852057758
-0.4515084330659707
-0.8621512164165681
1.0251206105970048
-0.22940373261101593
-1.533536387783837
-0.8546328093728621
0.21593831763616791
0.764998458919857
-0.5452093882596056
0.52266680248116
-1.1418893269851527
-0.5543600856505068
-0.10220759884708826
1.555190539999216
0.19397214174405208
0.6847142144677437
1.129102482269124
0.42521075059618585
0.7336867451556519
1.833362190773163
0.17947406206330005
-0.13462860806970714
-1.9293829544325305
-1.8763230799840642
1.5818346621171635
-0.5767406141691643
0.06135997161013206
-0.4390549379626353
0.04130734872562401
0.883231388673934
0.3661010463549887
-0.12305965628033276
-0.2473651651634503
0.7136388149145914
0.22427330784461152
0.13456183008539943
0.15172863922386792
-0.7279090703230672
2.708558931923066
2.5440855895927865
0.48607434943177297
1.0557740669008968
0.9320089308788864
0.1741554705718198
-2.314353126005321
-0.9331902080528026
-2.7745118970270135
0.38566754878159515
-0.504820725406905
-0.22911507934220202
0.9052951974466013
-1.8221206267654244
2.5951129046325545
-0.353599399876421
-0.7057592381602535
-1.090472343123047
0.7189892712689144
-2.963020612048868
-0.6633478111280117
1.8615545814228227
1.7950995851517277
0.9746013708101808
-2.148040295641621
-0.5515225241402691
-0.732055828552987
1.5228302262651414
0.7081036583425183
0.30520181885800035
0.3201734409682084
-2.273523709132259
-1.9233532384855017
0.5998664802739436
-0.8523517894057986
-0.8991996740075501
1.2518952354449402
0.012164919138943773
-0.8224905936935871
1.8430884359507282
0.003535236718452853
0.7832314866027766
0.21830314667465142
0.14080350342243925
0.20758464579621524
-2.0617380091002375
0.8576053134240018
-0.19001727514144098
0.8366415113405281
2.7770147327385533
0.6624994381493683
0.6716595195921484
0.0024846634132895326
2.038756537191947
0.7034998897916058
-0.6266060722569018
-0.043676809705781014
2.023180688853014
0.553487326275
1.766673354434245
-2.842140936469469
1.5248298129581825
0.6766613584494652
0.12645635463930427
-0.8993374646108423
0.2247279008578136
-0.35109047537007093
-1.51132963495534
-0.34538920322845507
-0.23262906491361404
0.9694695887771785
-0.9858057546649537
-0.0762542664280011
-0.7530152227089946
-2.1700371924376105
0.9315156805790359
-0.8764331475830198
0.0770433871048449
0.03875918477825402
0.44864904586258497
-1.0444659955434312
1.0080272858318162
-0.9510354418215579
0.08395284357530035
-0.5848673538845652
-0.706669450362237
0.5718174723165255
0.9116479842746136
-0.9855803426112363
-1.2636967471072709
0.6029386592203373
-0.12572794196275436
-0.6717801081545386
-0.5568136445644137
1.698645730902305
-2.6322343784018822
-0.5977145107729592
-0.9603191570453297
1.5237518180520495
-0.3799751968849277
-0.24252751531298977
1.715332355551319
-0.7711126462615452
-1.3912752787316747
-0.7315995633004131
0.14180377180351977
-1.7497478544715523
-0.28569678575700963
-0.42680353226041867
2.9873303345017255
-0.8573713406714925
1.0933204065198372
0.480732576705336
0.7723395346087295
-1.6701257394692601
1.6398609719376283
0.46138809429909533
-0.14833440996774788
0.09087574136893889
-0.03385400976226621
0.3195554842277567
-1.9831586661632645
-0.389260476289201
1.1042522181926528
0.4488250345802638
0.22865893357268857
0.24633041268907763
-0.9952777649692572
1.0051321992056235
0.252896246093047
-1.637528257115098
0.38495522843702834
2.07670942735951
0.5023188991327359
1.048063854925096
0.23189378247187706
-0.3168986361480286
0.8557744681537437
2.0707704039556445
-0.30591271679950616
0.5359609847465201
0.204731728384106
0.0173426537209569
-1.463440961257057
1.183641141075675
-1.6549890251039705
-0.3681245725034171
1.242171920785192
-1.9306814122850757
2.1886878689163085
-0.14144773277073425
0.47979807369526806
-1.0409053003739122
1.2252245697209594
-0.9189104330902762
-0.30429938593466904
-0.7096825459902771
-0.06055535607603893
-0.19926825156129224
-0.33294934535829623
0.5104539867835988
-0.3645433228283367
-0.2786204060689548
-1.398457137811337
0.5338473790697444
-1.684733838919719
0.31374876676167346
1.3361034918814823
0.5832558831302161
-0.9777138042687307
0.3990799378337777
-1.7602473998913797
-0.29946642513481947
1.3148332765488868
-0.7576845449692502
-1.1500099441991176
-0.07142257818065195
1.4170984355802088
-1.565258178006713
0.15826793421176039
0.23888230139672614
-0.10583523708586347
0.4845870906463549
-0.11964846517977211
0.580370307037799
0.3342288613703946
0.25388792397600995
0.954734090487556
0.10270308040487558
0.5959266421592261
-0.07108229290523979
0.009059354123119402
2.071365224905252
1.0023634112072832
2.093823258100746
2.1734309373929284
-0.44870257735915925
2.311046190103912
1.4474548194207943
0.6988515539530706
-0.06154554416203747
0.6244701842036854
0.9857898198231139
0.5592317916259211
0.9445728306740131
1.48980181330578
-0.4071729563850039
-0.8374271604373664
0.5957408609152629
-0.2608782370039691
0.310204625181871
0.09865926813470584
0.43386365888316375
1.812681907015571
-0.7160454022622473
-0.20673060564613205
0.2718163550921675
0.3591279905137241
0.6099807741754518
1.499487385714247
0.3990724589368346
0.18684104564075318
-1.8695647293531348
0.4105529291627681
1.362666191283588
0.5243304973865321
-1.8034739332771124
-0.6545280859300997
0.8586381953168883
0.9570597875340777
-0.11711012668255334
-0.9492407552258699
-1.5888905081363665
0.8182483243948983
0.6904242198647514
-1.2987758187050198
-0.9666648854603019
-1.6724597421220277
1.1892837472491165
0.0826205916876355
-1.9157925701984988
0.46189096209841585
-0.5722438467541308
-0.7239931486011394
0.45534159473997704
-0.6869359261491972
-0.2898251313268949
-0.13232340063540157
-0.3566098796201837
1.2404260400050655
-1.1505026302517305
-0.6228528986264291
0.012588167671722146
-0.12870657685162004
3.2971129686793517
0.6474532672744623
-0.18645027910593998
2.244982335742891
0.6769120466637041
0.8226023401800244
1.4113712012346284
-1.0156915263204256
0.7711695973410837
-0.7255128522983857
-1.0619964074482688
0.1377345356405014
-0.647192129927687
-0.5615520888595696
1.495767785767927
-1.0799469192897835
-2.7624314395788
0.10619644873174267
-0.30017801973284103
-0.15359249489611773
0.25536833032010137
0.6356052216352909
-1.717108607008951
1.6096901541602469
-1.0482543584725201
0.9893136137447582
-0.048811049651224875
1.085991261026282
-0.13409004367866087
-1.6582988837492363
-0.5425132043492918
0.4996376709609699
-1.2128625026849054
0.37907856781145655
1.702817210792
-1.2204525500996926
0.8952152723770543
-1.2516437734663717
1.2323520140550874
-0.48997738809533775
-0.9473127107164528
0.7774978239202868
-0.14552088467600557
2.5169688845846743
-0.942521883035129
-0.04353599111668156
0.26168373662010813
0.2907714445085402
0.432883403964107
0.2903133240785422
-1.4368593211242733
0.31946705587866464
-0.8718280567013202
1.189333445672065
2.8062751730194817
1.0138547921420455
0.20636186719919827
2.14724804799961
0.12878271200987715
-2.1357461189163454
-0.08595480674587287
-0.6899854659154081
0.4566172942222375
-0.694750006069969
-0.2553230713186294
-0.5120716024009516
2.0058073065332787
1.2371182817807422
-1.0458586120457432
-0.6260927898845919
-0.24730729779392047
-1.4899943514243534
-0.2989237223364476
-0.6426300527664333
-0.30586629659780123
1.176602344971175
0.31015959393109555
-1.0287643871103433
-0.11789629667370453
0.9213563094873648
-1.1903559321880963
1.28337289674423
-2.858704216588755
-0.22577312435783423
-1.201772622718305
1.36016955164259
-0.33888452060833035
-0.7259127445205587
-1.0996554981698254
0.09741686983602148
0.46580331455319746
-0.5033707378229636
-0.03581995439809248
-0.59421517994328
-2.508449817245486
-1.3899296899962046
1.226863426005951
1.0579605621558554
-0.37377527742371075
-0.981773210909189
-0.9377764793066954
-0.7512044120373442
-0.27717920990906986
-1.0062655758530723
-0.8624149084999423
-0.019744919244079673
-0.24688669836448576
-1.7783330262883892
0.03657637806249231
-1.0777997247761568
1.1669273496684027
-0.4901753329123418
-0.8787288820780841
-1.0123352839149191
-0.8378306968226656
1.1243811796542913
-0.47333818485712126
-1.146256128916574
0.05438572725150343
-0.7023516284868508
-1.712450328331347
-0.17294144028354702
1.7814661961481664
0.3018231126903256
0.1338566282614813
-0.029169698951314414
0.343180172649437
-1.8866182560952782
0.6489913340957498
1.8653133101343196
0.5794889436272757
-2.2666518898584416
1.4069409485762274
0.02542568201863758
-0.127399056273195
1.0449126936094526
-0.9863567179245307
1.3700910551542664
-1.0096390839529779
-0.6277666247085726
0.4880501371906859
0.5750021067181884
-0.14178387926249278
-0.5789491883746904
-0.9316245380761183
-1.3722517685207698
1.5951056056660255
0.84667057421393
0.05301868868089347
-0.445959003925469
-0.034956892291207284
1.0118775910667133
0.6636157770940965
0.9317167390699715
1.8500906015843943
0.6554820152612388
-1.0439924515561418
-0.8614321588604248
-0.9251937869666784
-1.4166270136464487
0.2323336558582836
-1.9395147439753428
-0.36841706744936353
-0.21607005516093158
0.5616418982528569
-0.6067708563622243
-0.15563612087844794
-0.001433152199324602
-0.2664502557581035
0.2086995398279468
1.1600583235982995
0.5718214335272949
-0.20106892995769973
-0.602366512901855
-0.3711747864627265
-0.13137662712221607
-0.9661590257478955
-1.3248787746802924
2.8069926213706307
2.02839800720187
-2.3451718763729787
1.3563776453367726
-0.13766003143243086
-1.3350803881698985
1.7333683061993153
-1.2459937885380505
0.7927541115552935
0.48046497860190085
1.9622425134059884
0.1596286369074669
1.4632518817429585
0.4677583584643535
-0.11026870202862273
-0.004731353569385054
-0.5535471199980244
-0.6625285791990506
1.9290915600288572
0.6761893095719296
0.11479052629767435
1.3659027997657047
1.827146090086395
-0.37121455027686123
0.2790348814273963
-0.2811624476307057
-0.34511171341067265
0.49656365558392873
0.18937578779280187
-1.1852748464162384
1.7615266338358526
0.3825220389755708
1.0182709012523286
-1.1174696553499601
1.19957162019443
-1.775937625154874
-0.5223190746327885
-1.0695324402660964
0.3479663442369134
-0.062299314192020346
0.5832772748279477
-1.2616054460257065
-1.606619803434691
0.3506564475607334
0.20129805759438607
-1.2945341479759727
-2.1037264272796854
-1.7098250198653098
-0.10376951143565998
-0.7709138848148788
1.4945340889299434
0.03452641732094157
-2.4264342875392844
-0.4174316731750912
1.496520896161484
0.5441312891055525
-0.38577746081509917
1.1934922549561418
0.5901000449582068
1.7584760980221188
1.1743591132766296
-0.6822499495677089
0.12855927693638042
-0.9147945470635399
1.1144936987508864
1.0607562156901773
0.2574516518567289
-0.2229731747744114
-1.535215178339072
-1.7223783445963856
-0.8724797345807095
2.403724627495762
0.6287999011956408
-0.15028241994861766
-0.9982741188801699
-1.9014188941186685
-0.1638209636729697
0.40415714225986354
-2.0343278093096093
-0.3346286108866366
-0.7435685326981135
0.14118640608346233
1.064485578936455
0.2116968873318045
-0.8772179138025862
-1.2107357218943888
1.5985084641281668
-0.8796369180860454
2.036412082528662
-1.4999206970146333
2.9157498140529863
0.28902456380317737
0.42018931317820396
0.20066827203772902
-1.9118131004449588
1.0245729988775294
-0.11246986854595127
1.131378984909449
-0.9127486358626047
-2.3097494112547734
0.02569281718879101
1.5728544364961303
-1.6938199462154413
0.7025673145682031
-0.7159512979739161
0.43869598137843147
-0.9691764369284153
0.25739054638703646
1.2068170207231652
-0.31619136803170733
1.1107692834158387
1.5870376053873623
-0.8484215822147859
1.2904074674522799
1.3129128841726037
0.26313359744195536
1.0110937081902405
0.31802227947807427
-0.8792228697894414
0.5072792415004271
-1.0275212774659537
-1.045041368878705
-1.4280563761631009
0.4960132803178724
1.097282633149091
1.596732874002741
0.584396923539374
-1.2226129192942286
-0.432409377657743
-0.35800894097867986
-0.3527957116766443
0.5192755632371198
0.8984055963258669
0.6511215760746102
-0.30008109749907425
-0.08770917229937635
-0.9584978287716215
-0.6578061537535329
2.016438712924636
0.20158811550080874
0.9409145257394089
-0.11991021885641559
-0.5728669343348373
-0.7092013928686239
0.9124109198214095
1.2006418127331289
-0.12626558353692727
0.8531106494315056
-0.703520405622451
-0.03929393920202784
1.6788982799896452
1.2804853900727737
-0.8416829089489439
0.9489500643549167
2.48190027162163
-0.40919373567680284
0.8971801776282381
-1.104634035710257
0.8375280096066299
1.7536576915952347
-0.8179554865036052
0.27239213406551244
-2.5952703506107904
-0.9545928680281358
0.1561651684059475
1.7511489599159893
-0.0740250757375932
-0.7897335391032441
0.6478273656902784
-2.2265833535800037
-0.9876454453527709
0.0723295291086302
0.964277512745611
-0.6540932078501496
-0.8591889263345421
-0.644603897770563
0.49281116393883795
-0.4097984278423963
-0.04732936837931673
-2.08335319123962
-0.06492192659465204
1.0720028318381207
-0.07453864314387364
0.7963017234835144
0.11356049619530413
-1.8010657539857482
-1.8393074716308173
-1.097149908059432
1.215101669931311
0.8896443189690255
