0.5450854436559294
-0.9757873991785786
0.6007196849963023
-0.3905712648858459
3.4824777370505253
-0.6309093261206219
1.8889696092708064
1.8575588903220501
-1.423804360733415
-1.7005703560539065
-1.466605853061305
0.899754226666246
-5.4842010516270765
-18.45750390093709
-0.7833165885980626
-0.9642573882863481
0.1343419654042991
1.9351229682840507
0.8328076456586088
-0.6224690345194943
0.29976707976125133
-1.2243284220450812
1.1797652303685795
-1.2100793021348475
1.6408945464825377
-0.978019972159401
3.4542165306083414
-0.9384322556037757
-0.22388937332727896
0.24550786937223384
1.2752899448751847
2.210758508206258
1.5560529279650674
0.52130904205551
-1.425625374261284
-1.2099419737465635
2.871634460768899
-0.34266368209476694
0.46146608889071544
-1.4166610992294109
-0.6473232898166498
-2.7280563484024367
-4.822746166475215
0.23831771748112487
-0.9134538133762226
-1.7251048863378138
-0.12126103666808345
0.8122844735760064
1.5514809702880015
-2.280367994316646
0.4002712801897474
4.597810065656937
-0.21156326964255026
-3.045758859244688
1.9834186697146132
-0.3581554333938711
0.5571479202744534
-0.22394485663485814
0.9980458707449092
0.05474652991802526
-2.52379319718952
-0.5863697082107271
-0.9162986733657197
-5.325760450530105
0.6489836308816113
0.7038590159064314
-0.2588091347987104
0.3188626016845549
-0.5759263119544992
-2.1486597599903656
0.08117022851761482
-0.4464074928731976
0.930932785408564
0.9331091020976127
-4.350271049801088
-1.4206475552445301
-5.225740879680041
2.4613785753886717
0.8341718585859553
0.7746703897427861
1.244395728608567
1.9224180596439158
0.5175445011699202
0.5411418401421669
-0.1349867359742313
-15.589522818228856
-0.16426995269150518
0.12812824379881638
0.32932827030899636
0.19504819898765596
3.8515197470465488
-3.2201181974654767
14.462867192657155
0.5732174684587177
7.546733251491681
0.20493071325940201
-1.0061341130999424
-6.862695987200669
-1.3073492542203442
0.07225260928924075
1.264501119443003
5.026997392744588
0.4386305404110221
0.7367225235628633
1.2614446798725394
-1.2145651738795713
-0.08694803484088168
0.6170571172933783
-1.2855636505918315
-3.537263968131458
-2.0798834311479295
0.10414452339562491
6.515239758348492
-0.31146354542118176
1.074626637390261
3.207085086181823
-0.6729769701590571
-6.860189575475021
-1.052992934747308
0.08981216331635274
-2.9021612614455035
-0.8025497087282131
0.5393854635477608
0.43267099532976144
2.270849499517073
0.23731024944621357
-0.009300727919088935
-1.363661005175563
1.4142351089948406
1.5184631394224128
-1.8612137911553617
-1.5222504920561875
-10.850968368206972
0.2576655518716409
1.2216126565425816
-1.6036256095006445
0.6258794493418802
2.5453632036242975
-2.357664877265303
-1.0370139016603834
-7.637550676781686
1.756766458183544
-2.1811029662743278
0.331464696680148
1.4744285439920541
2.686847350687707
-1.4113601000365266
-1.4413934413922345
-0.5075874581680411
17.192343709515296
-1.4396991270882051
-0.5561501774107179
-3.5012773995632904
-0.5910963824691208
2.952452628353334
-1.4016699162691388
17.717158997629454
1.101592190338361
0.9701399829931329
1.6117865489128809
1.4103481169072676
1.757524763615564
-0.9632094276596882
-1.6807116183901736
-4.155200967878628
-3.4786753869707403
-1.3416275296799922
-0.9396616872823668
-0.03153359396332143
0.6971053002452885
-1.0767831830553833
-0.3325973052449703
-3.0773254170490327
-2.803701027159689
1.87897659828668
1.9274207526738958
-0.8215179979798002
1.0586810796778159
0.7803644500228545
-0.9227237130819899
-0.6862305231737367
0.21664356573717544
-0.898896965152212
-0.8404670004173821
0.7461244150761591
-0.7051882532882208
-1.2964665931590849
0.376575727186281
5.727847087884146
0.2254740786358255
-0.05603100229890119
-1.7162094302919626
-1.6990727550532498
-1.088078361869771
0.3770696504376009
0.3835668661956738
-1.8085197236475163
-1.231543634734439
0.024560761833471067
-0.27837949048263055
-0.5376030994684384
-3.4959951751858913
4.411144287696005
-0.6964962312620107
1.2328164081725743
2.4722267655975076
-0.37639775284888227
-0.9219763543723755
7.535208275371651
0.5104939650422545
1.5876073107147313
-0.8177170008805196
0.7526361949816953
0.009975407980522705
-2.900525678855336
0.9429448489204325
-12.82609521619601
1.0789406467195821
0.3054098786818073
0.5406897618465053
-0.8296798357869293
0.22381816220014766
0.2930159293107292
0.44133451704289456
1.6457085125625843
-0.6999869152679722
1.5065598427571765
1.3692358444932395
0.7686645916378525
0.5750707971824384
-0.9668726888396808
-0.5639488370806136
-0.30834499019619177
-0.13567790291902526
0.612311341031749
-4.7993149052942226
-0.8169341044497171
-1.7179522934251827
1.5879905302859403
-0.779075247679136
0.7756920554347252
-1.8120890653553154
0.4888429088036791
-0.9367093176180555
2.165635797966897
-1.8859786993325331
-0.6051839424894172
-0.9367360838281588
-0.11155763183284768
-0.997861441125034
1.4179635012410323
1.375418036199514
-2.4595099480308753
-0.8472591038797047
1.792849051462228
0.23433114437669317
-0.5405906411683643
-0.5778198664699452
0.500291087777672
1.2573463837098517
-9.479468958151836
-0.3901163989053378
2.0408461333407675
0.4086768715798207
1.4377500290194927
4.39692232658526
2.1015274644360584
-2.142282505205339
1.03939986079845
5.380617224120721
-0.4857529713739836
-0.7460456664024452
1.102612016523978
-0.7073183619649435
0.5137267844489425
0.9315679020261051
-0.0749617715259377
3.1515031707847703
-0.28460789187841445
-0.07568084224667693
-3.7296708374475935
-0.7458374200050548
-1.9844938732073436
4.065369450492544
-0.7394589711746773
0.08665481079291643
1.3633856359847423
-4.10680916223712
-0.5906942607615608
-1.1554962166344591
-2.7399116912420887
-0.6582614424236017
-6.753774870085724
-0.7584261315230914
1.0764180963729504
-2.4691924092638455
-0.20439652691839225
5.598728122177193
0.9452088717738094
0.5738562419377388
1.9708276865542163
5.955151426052319
4.805884188675353
-0.7527395194849081
-1.8160551280485353
-1.9489440491448715
1.1911884476536927
-1.3095569469725252
-1.6051615494469411
0.6983675228536305
-0.795754585110558
-1.0990521719173367
-4.540576926944657
-2.38799156145196
-3.9159531529520475
0.1869652730461664
6.706007502660937
-0.8687856803034587
-1.4686649738199469
-0.05013510233282072
1.122415426611096
-1.7335430303741752
-1.8576719838789715
-1.0764610365036464
-0.7322193587288034
-1.9870729197396075
0.8267487115755777
-0.483753831100595
0.7010409408169213
1.740744395900598
0.31925508926723994
-1.560770043765229
1.2270612496417885
1.6939171279746925
1.0346684796677246
0.0013725016610797848
-1.299328705984185
1.1874389199585536
-1.903057844799507
0.6802489785219907
-0.3530234648337035
1.1094033948681243
-2.311604191645661
-1.0501300778720022
-2.371681579755459
-0.548929260475508
-0.8868798670655759
-2.3250231007758964
2.9721223472185128
-0.660764140102215
-0.8506219321243136
-0.5964954689087082
0.946332505355495
-1.770968215911868
0.63489620083904
0.33147671983401283
1.6833441597908267
8.675301773250768
-1.6846679342802122
-0.9589647567376944
0.4543657176285323
-0.5670534635196646
0.5943543692825799
1.0483451389787493
0.471202814409575
5.433815767038809
-3.9419545685013624
-2.0264304884385957
7.107724745339512
-3.8334129873201697
-0.6073422193523847
0.482170156116078
-0.18351513580580958
-7.469900708696697
-2.964106960235085
-0.03704757011487055
-5.5052778026125795
1.4325737616080485
-0.16987845458393389
0.5445156696642527
-7.8830171053532405
0.9354053082687361
-2.1708118020379534
0.9287817020671857
-1.3088291999610102
-0.06400493630239859
0.9236371144599128
-0.4321549124775283
2.420554889781473
0.6636748369791365
0.8602309342398754
0.5353836561788439
-0.07812192362188328
-0.4352094183303454
0.14785797760863248
0.9067527419113557
1.4134031866671384
3.253265147225543
-2.441531678343757
0.9371599491119607
-0.8295292138082195
0.41171157162625105
0.12999761897008436
0.5837874584284793
1.5360990083608135
-6.2319269079898465
1.1186980274701577
-0.5391765993053637
-0.8387966466198471
0.6788513545856235
-4.5983227484579015
3.2010642354755965
-6.480733255187688
-0.8592210842789465
-0.513922894987059
-3.9598207970507824
0.2771532339396573
-0.16635624416367972
-1.341186163170072
-0.533468788046289
-3.434125489785193
-2.726601308346372
0.8865523880093246
0.3776571599072421
0.04530951575009341
0.8709547188649008
1.787511817873935
0.19956542296853283
0.30290297287741313
0.8572397059547074
-2.392603282734419
0.28011609377208985
-2.201461486194906
0.5500369416931845
-0.1641605460082437
-0.5343609418492242
0.3999056075611422
17.026210589691892
-0.034466953760069585
1.2430329109995428
-0.3046979727773654
-0.010340297960314737
-0.9636552871144756
-2.0780740590176037
-16.202910677984452
0.28187534730584873
-0.1418838317490919
1.1068243187167761
-0.45893966177564294
-1.4990457099840262
-2.7132577819058343
0.7399806210495103
-4.6755417879593715
-12.552095909988063
1.3811153938148606
-1.5933460555406067
0.2709627191831056
3.4818333863752358
-0.09693382131882561
-1.88787047768771
0.8092824681173798
2.3374013241611014
12.193502644389664
1.5700804799478936
-3.672686253223964
-1.433559221537438
1.2445665225415115
-3.458819663312317
1.7553386725148685
-8.693543061375449
1.3148791729257403
-2.589865890537794
-1.9331483694485097
0.6701882099708316
-1.4222669096265523
-2.6139970499560246
3.400479082715018
-1.5959687239322358
0.7913802641518518
0.5992644155857129
0.9851017359182053
1.084195156077795
1.324580129297895
-1.1042272175428078
1.135200008078071
-17.346091952794453
-0.12978424854077383
-0.07084594950737202
-1.4010596328468805
-1.214538415634838
-1.5502680204497064
0.5061951504800398
-2.949949606229296
2.2096461144776356
0.15305348115480075
0.2992910450648012
-0.9159344663562368
1.198264261238986
0.2942098593234686
-0.979458199169149
0.31418367909036554
0.7454040791660522
1.3463532702153311
0.43540785622828176
-0.15538208863348124
0.2370262075944322
0.3910228945251878
-0.44697774998956624
0.4178745510259055
0.5669385841880904
0.19220347723731523
2.66145453568533
2.1865085435044267
0.917858072613459
-1.0231083715777722
0.044269273777862564
-1.3839655556162789
-2.439095371428351
1.5276758199711342
-1.1724536216450976
-0.3683652578382575
-1.3143880944386754
0.011994403343801197
-0.5719049434823184
1.1501763584747708
-0.7934019463409685
-1.9936505971586613
-1.6501627067983293
1.3324086374262554
1.9853134298098754
0.9338270342190172
-1.091849085242567
-0.7957773206752817
0.6900405318354151
0.5594293101209649
-0.5919702834057687
0.018038043301492522
0.007392500611129671
1.0298956855501662
0.2045127537550243
0.442155106834589
1.2102629250369488
-0.04191545624061481
0.5859467508783955
0.17424305093750309
0.4834588124566639
-0.6327130096632055
-1.3097757582197744
-0.1305978300021909
-0.4847762336610958
1.1995405927905556
1.2055840064668368
2.540738355539731
1.4166724329929348
1.0708314293333803
-0.8831078648403088
1.9283831231480884
1.2441991520126001
1.2365878706866922
-0.3366754247857137
-3.0860474340619106
-1.1992674469274656
4.569976165628777
-0.22807569422466284
-2.536131810150517
-1.2277342319193658
1.324930865277647
0.6706664800276811
4.6508246865457386
1.1972194217675443
-0.22828866129610778
-5.284529633500794
2.2581895838008217
-0.9814289199993165
-2.006230432669795
4.254524475645767
-3.8388117725767756
-0.3698974822900116
-4.534713159789856
-3.0583002389344274
4.792714203287782
-2.6662360348641756
-3.939084055548431
4.68667645780934
0.4359150649653463
-3.628494843222529
6.9278767634018665
-1.9780954827167618
-0.5329006874382365
-6.714399765006672
-2.9088486875073776
-3.3287899095276536
4.248344318112138
-6.241972151167486
2.4111660062241973
2.4772144511009184
-4.230151181275098
0.5701402595021093
0.3342698467074455
-3.039086567391003
3.1188236608806976
2.8045659142507526
-0.11583603072170374
0.03641605473474077
1.6539459674676242
3.7111894155334095
1.6991053064675115
0.13964221971676416
-0.632741744101001
0.2644729979788496
-5.262501359648955
-1.336708333042982
-6.256411795879808
0.9923748131866554
2.2155058862712917
3.21431010832434
1.1679883350846592
7.842531386971561
-2.679950057193452
5.199706674538051
0.16966099520982447
-1.1735493144278306
1.859785520446214
2.3693008658442816
-0.18882553945223407
5.378289052640658
-2.7972987565233347
-1.8565840739631188
-4.985542199379948
-2.110104168985892
-0.5434720766427452
-1.2875072745677647
0.5094658283551984
1.7477264304415636
0.24969481204317753
1.9843781557157267
1.1913042510652818
-2.9244307984456643
-4.197115763794216
1.685203466622649
3.2776337018220607
1.431533397263205
-0.14959307380534492
1.2580110525307724
-6.803885995799334
0.2004807979021546
6.823028204731585
3.2984070270748966
0.2411936760372204
-0.07753868246214034
-2.5999982864325126
-0.4194803987724686
-5.296167636882413
0.6635799004467522
-1.9434236270384346
6.094927776689659
0.7446985188925046
0.4309768547868175
-1.1920544677187186
0.6195926189820776
-0.7905614601085008
0.5984819260241755
-0.4313173538946051
0.3009925293700416
-0.6484458091085463
0.7062073254783443
1.1603902386749023
-0.792087491185715
1.4849974259136252
1.5464906027758805
1.3348167006585814
0.38479624110586885
0.48920666283468695
1.046113877791944
1.0525623778840314
-0.8820138460229514
-0.26217003414636764
2.2419428190033006
1.33947852336373
-0.02236701855129954
0.7657104538659723
0.4253796954994347
-0.7442476816746895
1.6924746595754059
1.365303959854409
0.9063595503427133
1.4270282598787396
1.421219740451278
2.2062896972788852
-3.167576346370596
-2.1847040439244
-5.26430713312537
0.36340990662946493
7.410301290688064
9.169043107089857
-5.606316994878612
-4.435019264147394
-1.0729116545714865
-2.6118849975120604
-0.7523440438733275
1.005079894943228
-1.7367061641813577
2.371679985578895
-3.638478964727157
-4.107972238932995
-1.8969602805042232
-1.1140746983068983
-1.533890043374976
-6.8703108997636315
4.4167977565878855
0.5332342348657836
-1.8313057666193395
0.6690576578066824
1.589735470515603
-0.6435118533707633
-2.096063322894503
-4.706793437742287
1.0373118746178303
-1.2745962112447873
3.031774347303915
-1.903345015218118
-2.997012317234811
1.3097107218481014
-1.3445105961508017
1.038321051359652
4.765820660566866
-0.3956275825224469
2.2012940373631897
-4.898213932511139
-1.2371967773504449
1.4945329250030688
1.4787512589021377
3.4466615968670364
1.7731844762109428
2.506407832399933
-1.2920175588553438
2.9353481711529557
2.0864026710315886
2.2381133854413875
0.19228684382191577
9.999540533066229
2.4049272627454865
-5.469359590821499
-5.649089152238387
-1.943796332839067
-5.077167109132007
1.6806454657404672
1.8192481421819402
1.3078344750176245
-1.0724362308922486
-1.5124026972201141
-3.8453608245172943
6.288364861030973
-2.19501186931689
-5.0912730121530005
1.9908481278543788
-4.489136975061344
5.4721280689597975
2.98887947720168
-3.8856561727760623
-4.879303416449247
-2.467884359172364
1.0307770781505714
1.263770175934122
-3.3981501124959155
-0.2522371514945059
-0.5986377630332004
-5.110017820960779
-1.534874751276438
-2.634853726316716
-3.0804969596541047
-0.4872529939825169
6.340416681636173
3.916936688557187
1.2412045828566285
-9.475424423454035
-4.035704920001569
-0.6225049445936621
-3.5471865422866142
0.9780802481238803
1.8147793273509218
4.2892321337735195
1.4034849310708397
-1.841047811134046
5.334151259377027
-1.4847238172485633
-0.8847429049965196
5.6261391657758555
9.60899277730001
-3.4852759717622837
-1.7457847094856889
0.353186201693872
-12.887894203212555
-4.833853324034092
0.9744024569872871
3.442430232957313
0.6356582343022099
-2.865089502803873
8.345341623665911
0.43710507692924566
-0.5348596325785654
-5.978420050562477
5.8037445938892525
-4.207416135417675
-4.888542041185795
-6.98130034306821
-1.1499710372960679
-4.397287286653447
5.341680922803959
1.450042859503254
-1.1946661465029147
-3.144385109034783
5.4872242652730625
0.9852809129392108
4.510189814101659
-7.81146111627775
3.5736276020589135
0.8319684347638981
-1.1678770978890296
-1.4103195085255056
1.4330404785029196
5.151688258836277
4.84308622849908
-0.9878776739309796
-0.21430997960622572
-1.8576555647182313
3.952261830010258
3.84516208431717
-0.2512071566860014
-5.158455281867881
1.2446395002545207
4.357103402876341
1.9160385876975319
-3.9398052410952245
2.591703448263298
-3.4699902362400525
1.3976207976662929
3.581908825179987
6.876043060105143
-2.0528940366489463
3.047345226520326
-1.2362175279475405
3.5250888912115887
-4.132025737915497
-1.7843287249890272
0.008841855588196309
-0.3066347034214363
-2.60274880178089
-5.287426262638197
4.0019340850619045
0.01232582286681318
2.198112202956248
0.01935022193721653
-5.855527730417386
-5.7652007323300944
9.271379490442545
1.108725527330645
1.8068842496125839
1.4503892235814666
-0.8291091220127569
-1.505704277848039
4.277850169886639
-3.7110215996092553
0.7403363481682412
4.55974391636425
5.987023039867648
-1.5347060269548203
5.637027956782064
2.655429675210253
-0.4543989038672184
-0.9882685637688261
0.21273841034646393
-6.509068288794123
-2.014205544129066
0.828208001029721
4.402661062146889
2.5403999412671854
-1.0511765931463215
0.44931769301411706
-2.8318338127685707
5.492134080161001
9.240595323708856
-0.45641340686567766
-3.890935954481731
3.0769493212108427
1.5947449784441812
3.551842864458706
-0.7534350077501967
-2.849944365663189
-0.027519595634569592
-0.998333970959718
-0.9285960354577513
-2.3595511262141655
-2.8901095849171634
0.4377469533814578
0.1252698140352812
-4.423045414497275
-0.46471729679856427
-2.3987397689903585
0.7781456639025205
2.9401527742625073
1.0034106456933767
2.0695714020648843
1.262536399365897
0.7275791089826291
-1.0696806713114406
0.3432188124986617
-5.140364721318726
-3.312250890586745
-0.7252907316253681
-1.8473137125202648
3.7518293345212808
1.0792685118856309
9.818988317969307
2.5890747712500564
-1.9909614479117594
0.8593949852151225
-3.0169900625300135
6.041293731127805
5.220638827487068
2.3162205423241797
-0.26805787682281923
-2.672761226563363
-4.79650766612222
0.3745370833048724
-4.925046959792382
-4.099406246744332
2.679362524758346
0.11613008852279405
0.1472000650365867
-3.8042698772778945
-6.98483750005165
-3.379159010556545
2.1367369148392963
6.08938270072322
1.8123369291545608
-0.09663706217459488
-0.2973627584291867
4.162166665175823
-6.07173946678283
-1.2188524120244768
1.4044985946963002
-1.9015433454112605
5.612825864041508
0.45932230422595377
1.713413693001319
0.3955217296433216
-6.212861805267576
1.6106639528478421
-2.575756977222142
0.20572845027763753
-1.7299834302056274
-13.486921440643968
4.620749053351073
-0.2369447010723162
2.684752299736488
-1.8845888096097674
-2.150108913573347
6.427321826181283
-6.359273883797699
-1.8321332720953087
3.436931487553832
-1.4420546436375106
-1.293835406087634
-2.427058345637129
2.6004081573008553
-3.6552830760437653
8.961271066397746
1.237578720493526
4.802692825163292
-5.934509800214828
-1.5719410510556184
-3.450035665937468
-2.117616061634403
-3.002607247344966
5.624171789169492
9.61791004896623
2.462244009616806
-0.2657892145886502
3.573951781224609
3.0758132156210034
-6.136212219008623
-1.4266566787366708
-8.143751293743014
-2.922213972430732
-4.37389038679333
2.205244521746699
0.8190508083016725
-0.7742383138466821
-2.2042215042143867
-0.4328716216209706
-0.0018392935354952763
-6.574983038275129
-5.382849775599614
-3.36155451477785
-5.216161780108201
2.3299553979072645
-2.6497857300632375
2.970873414113996
-0.8144881007039082
3.137620699693273
2.877600836189271
-0.26888705505855515
-5.970914615048071
3.527290655487523
0.08233031268408073
3.743726312355058
-1.1909811149736873
-7.182507103079283
-6.252836816614643
-0.2654203437660291
5.528118734135318
2.9952261336394437
3.1457341352879444
1.7372845704195385
3.0776129682661466
-0.0302699539175285
-2.570050141015028
0.1203839529121603
0.8868655459846644
3.004038595306888
2.0124399330531224
-4.194733193133631
-0.017695597411864685
1.8987218145720557
-6.021975705431232
4.162967552206257
-1.5663587441500608
-4.93921666484744
-0.44797730455342993
4.547660581537098
-4.207035630455104
3.6327467916567087
-1.9641223673912658
5.4041171218127095
-2.517189998139805
-0.7608202246060112
4.93839702416655
4.6216666011049785
-4.85444012990515
0.7680127291422489
-3.2092502241593386
3.3157298551015635
-1.2137849100792124
0.8455023992177343
-0.8135015912858528
0.786770840937339
1.3873261179712257
-1.189561206224396
-2.442785441756047
0.031588330451676624
-1.9091681773283846
-2.377117885982991
-1.4694715303277421
-3.0089150829132754
2.755995242822821
0.6616269082655432
-1.5901676157127114
2.181717618879923
-1.1664729047445634
0.2373648452381132
-0.9025192084619308
1.166312262195363
1.1494523592118222
-0.285624994653364
2.072593043896709
0.38957822942262565
0.43533447521079477
0.04903637867742825
-2.7304649363025746
-1.5095941859782513
-1.4807685536034394
0.9289999227872023
0.8941641682880928
2.3786344666801855
2.9376553896379574
-0.5186970656410905
0.8848400784971653
-0.8107262509180777
0.8278728133246269
-0.2388176247065689
2.1505984834691407
2.243767863938127
-0.364431376463373
-0.1632923726393828
-1.7624677634136345
-0.3831674783617548
-0.6165793980131591
-0.6856568700773661
0.05587070937808478
0.49302982925212213
1.0592261339620215
0.2736099073708114
-0.11462700235498136
-0.07515894258030804
0.7859928903769344
-0.8869046534928687
1.0710580550453055
-0.18901382867938535
0.9259677011962679
1.1547426214445362
-0.908269455840862
-0.9578667483417017
-1.6507681792794733
0.8013478721447553
-0.16324504380357038
0.6006075564419067
-1.69105501191526
1.079252148666487
-0.4548683592021273
0.023022286989740348
0.5208884800549487
-1.4636103474925877
0.1772041226933626
-2.2229138001976683
-1.0395610800979143
-0.5356988189085302
1.8563334038504289
1.7479446906265905
1.064204102420491
-0.6632368954861639
-2.401318337828884
0.45807654065392894
0.8802157845186696
-0.9691545066729884
-1.5469063996403825
0.22384865147028296
-1.2137761517225587
0.9755182804053882
0.1876779060831585
1.046985001579142
-1.2007109785364112
-0.5416108891798795
-1.4540502454130095
-0.07401045873283912
0.49879700766536583
0.43871232401450844
1.715883101673166
-1.4366156730486856
-0.15326862442713257
-0.2370430374572184
2.418519152923197
-1.2077280981660132
0.3719977945838058
1.5626929593268244
-2.3794643025440485
-0.6833412087403129
0.46248088512995156
-0.365806789953533
0.3217815360119941
-1.8878968358393093
3.0051992833377073
1.9094320928196336
-0.800545922592179
0.862046194809503
-3.7478450468933695
-0.28921017485931266
-1.2804508744294947
3.5606275888868932
-0.1657111660629622
0.3905474105246954
-2.019576821813534
-0.6546155495147659
1.0176648425647503
-0.1554520057345443
2.4613831133042217
0.40195130315818506
-0.8818171241707023
-1.7513827658493735
-0.3810572604113751
1.431062862110818
1.756181400341054
0.3133953188164714
-0.4381187747965591
1.4993491556015675
0.5165617650191939
0.8644255792706215
0.3999964752190163
1.5802818581855824
3.021287650855008
-1.1489153430755479
-1.2651422513539832
-2.724127496063944
-0.4729729601800752
-0.41565652214081455
0.03537796417447667
-1.8386381576842636
0.9950481720144942
2.0599811052847086
0.31735019008509324
-1.7563222178975997
1.6829035061971072
-1.7164577794351783
1.4439731577540658
0.0858269999955312
-0.9654271256204133
-0.06667108891221396
0.052741537794483366
0.28552518793059406
1.0561486707229992
1.3982192933609936
-1.0968511147441564
-0.46463029742269096
0.45545225490752794
2.4503009326050225
-3.9511808648679905
1.2243538951484594
-0.09961140287523253
-1.216721094103374
-2.4034400859135343
0.2518124511300192
-1.9901084367351878
0.04821090846491568
0.44104989346590784
0.40820282399850993
0.8750011323108193
1.2865891424079474
2.61833436360246
0.6876525237920704
-1.5113492533531714
1.318395793595922
0.9831622225148283
0.041447395467422606
-3.5593149312761256
0.8472853432382803
0.1534699581753537
0.13554881467546562
0.8252951954559665
1.6745572450256776
1.0982356442384607
-1.1026855207121242
-0.225285754224454
-0.15037608675631925
-0.7598649034492096
-2.2247294389953742
1.187318530068866
-1.6266821274919958
-2.243563485407804
-1.8915356934886913
-0.6679784883345236
0.26411510590164106
0.13776391755494052
0.30785842092722976
1.9694018003038674
-1.7885458589728729
1.3309942220397337
-0.8667288502769048
-0.24860599727687374
-0.7446366752805551
-1.3137075359607453
2.0647695349911745
-0.9133843137195501
0.020709432189472347
0.24801636110882808
-1.0189047849072659
0.40128233965734333
0.26222213636779756
0.6889954124102131
0.6572652580521053
0.1208124996666474
-0.02494791373702787
-0.6438492969022055
-0.930618652758314
-1.8465011765797055
-0.06424499739215266
0.014204181219490528
0.9569594577386623
1.3168391038977596
1.5628825701366091
-1.327135141374654
1.2649732261609938
-0.107483294738499
0.4344657732594784
0.11882855019306299
0.35413749853933
0.22744521326686998
0.33254535370234395
-0.2569326694627943
-0.6872096033738898
-0.21996236095640498
0.31716067910211293
0.4057142622050229
3.253920651631237
-0.612423511733177
-0.469014473553448
-0.09170620732330537
-0.3026321721864163
0.17599618700003422
1.014130147014886
-1.0854222375182472
0.9824379311895236
-0.10017642490554314
-0.9139797186122028
1.1034498736986698
0.6304993393084987
-0.6387514797497797
-0.39156445045691074
0.664411090649246
-1.4990945563509257
0.2321803330994517
1.290571476154501
2.2797699935648934
-0.12016910565760613
-0.11733771851641364
1.6570986256444529
1.4883268247836292
1.3182297292984337
0.22651552249153017
-1.1795147664527361
-1.2489671643409588
-0.274142574127348
1.6028006671198116
-2.267514120806751
-3.9835610588361843
-1.6401122895475606
-0.7656205558134292
1.4842257338748492
0.6199530321649288
2.8278852314710905
-2.4376601213786384
-1.894613924236669
0.3339922176671017
0.8280863605923077
1.088486162170588
2.00838264251349
1.3191423299321976
1.7521509277342933
3.379010155591216
-2.8524308866174612
-0.5265128134165521
-0.5521148333882219
-0.1552843417724316
0.45759469424082505
0.5686271628991296
-1.6442885059392651
-1.552662820382159
-1.8131090874660565
-0.9191885530371948
1.0224705083917172
1.9198750854839566
1.0297748447872024
0.8608057183794167
0.5004662411671081
0.9965343340193293
0.8272638757282269
-1.3185322003263913
-1.869088583610257
-0.8197793480910368
0.6654745627544306
-0.5997187263909683
-0.49298616627876307
-0.23285641988589434
-0.9457151075898087
0.1609152993492239
-0.08772508367124518
0.4614454528770637
1.4750547317894394
0.142284746006279
2.2776757230266536
2.859134139969685
-1.3521715631048772
-0.21756415678701707
1.4342203855506306
-0.09285665594015056
-0.5953519479241439
2.128316840567336
0.4040902427834014
1.5293530139790505
1.214473609330693
0.40154983774603303
-0.3364062320070897
1.0594664899774957
1.5911139996417232
-1.4406746203561187
1.444491897802786
-1.7206925942514941
0.7784430920452928
-2.2106236757065276
-0.05407185009075759
4.562177549620906
0.6006197796965125
0.2905791782505886
-0.688112349850956
-1.7308877029842256
1.8384031850390707
2.1593581801724264
-0.7089226019790589
0.06289558169694635
1.4332277082982976
-1.6245683468511123
-2.1781814945103757
-1.3879147372377094
-0.2519601678444519
0.15733097040854238
0.9930855826996587
1.307694378688776
-3.629132728010077
-1.6222850061233118
-0.3439118962271097
0.6672645085215386
-1.73863425462035
-0.9407287401584158
2.2543487480627746
-0.5969906955000323
2.4031613960416895
-2.4981859966263884
0.5607566842061639
-2.44194181053165
1.9298159763418097
-1.3900252136160978
-1.2096185630333407
-0.7028750549121389
-1.116826757656746
-1.334362018022598
2.424517598428238
1.5827327787500747
-0.9964378213208686
0.021421145538211374
0.9195924733234797
0.15013266234619085
0.6176902942543993
1.7368162406577439
-4.273567037844586
-0.2522998694881383
0.11827241999088385
0.7320589260599576
-1.1875914093973363
-0.5504460900137303
-0.3051584777519821
2.0011304804478867
1.6166205609057565
1.1703507667472046
-2.0581485790716108
2.459903559454763
-0.9060201427595973
1.3181487729032324
1.006948978868881
2.373583857626671
0.4984256805994443
-0.5742150397604485
1.9653096174084397
-1.6859772456492859
-1.5354549902261154
-0.15948246663866567
2.106742511248329
-1.1112676551191927
-1.3218413967560945
0.2348694121804
-2.0295346374660195
0.341194177866055
-1.0090900069507187
-0.7300510737624436
3.277350463174587
-0.4774147592003184
1.3999925878930328
-0.2904013548694706
-1.655999002927068
-0.310471100731687
-0.9950388068172701
-1.4855451757788678
0.4221855296367149
-0.10182733688067488
2.9569836088212673
2.2391360407404584
-0.8800145545342752
-0.302134434405281
0.6707622913921608
1.6847139657012593
1.0115747405957118
0.5853188348299171
0.2254180072515402
-0.5194576149778287
-2.873857324924354
0.29046292893576525
-0.8271517696579987
-0.10647098181875493
0.04127642956433545
0.7066579154328877
2.4803822813596508
0.5451194038383163
0.14995287210486513
1.5250149179265649
0.2466300318746527
0.5634112458152074
-1.8668601593191922
2.010907684477275
-1.103332967130726
1.4266732180644028
0.9604938528633374
-0.392433983518499
2.1768707457606267
0.5076367271242666
0.8226014245943282
1.1420314557567415
-0.8176124231339242
-0.2008178522319402
-0.2762643528965786
0.90400768611913
-0.6939723352967802
-3.88468263774073
0.023900331985845392
-2.1949119693696
2.31127500271742
-1.3258069878331535
0.31356183661282166
-0.3267495886522714
-0.058961572522962524
-2.4434182551592896
-1.2587292611559195
0.8396016184059911
-0.6159752056275785
2.2754134447291015
-0.7303553856515214
0.8665610793904068
1.151564070243701
-0.9096912625403134
1.869010626436621
0.49250670811264413
0.49465652929129
-0.8645320615301422
-0.3098762316047739
0.3034646363763127
1.7218870222640834
-0.3622479615968312
1.9226309654813298
-0.21592788856279782
0.2663352381263453
0.10653096078735064
-0.5867473576082569
-0.39558449350169234
0.28942381007469503
0.9904437504477654
-1.7215285297620837
1.1921913841094265
0.06907944777104222
1.2008257655151333
0.35101992657414555
0.9761928282368282
-1.3647985075273135
0.6904268826076777
1.1494597871512453
-0.2992111895293706
-0.8498922903804209
-1.282858539248632
1.7918853533909922
0.2188943174481785
0.03649799762070113
-0.4477118893214524
-0.22599648741705558
-0.28099156913769924
0.27169525940487305
-1.7191494637907632
1.362198719215064
0.8753440479736468
-0.1525507980784576
0.21337890326365358
-0.9856851951695149
-0.6417034933069399
-0.9898718122101064
-0.0557857576207464
1.2446606903047917
-0.4908167273231533
-0.738367506113904
-0.7323740993259747
0.3308775882124412
0.07942597906071686
0.63653030041243
1.4002651746325616
-1.296833834958069
2.249681887091291
-1.666964580067437
1.5783763274028355
0.3359761862253534
-0.29149484448831603
-1.5302385600523118
0.06937143193569946
1.0229629268860254
0.9340959958303984
1.622652845092232
0.29345725704156267
1.238849435420363
-0.6809099777600965
-1.276541342657333
1.0776910645878361
0.663481370789434
-0.5780373551442091
-0.2680824502651859
0.16276287187858876
1.5970444887850535
-1.089265602348862
1.13099916478317
-1.384429355301537
-0.9687276532142345
-0.8823835868507526
-0.6385471365424841
0.42013108745765754
1.0351394391973074
1.2462056463698779
1.6298984335947722
-1.187116106799188
-2.403345714746469
-0.09202611273356101
0.3422417112614117
-2.3351928248459384
-2.5015434381028077
0.6347553473862844
-0.5060910394438067
-1.719721328969177
-0.3665866074394092
-0.3882974750900931
-0.8227211262313157
-0.5919502154143362
-1.1976574620857374
0.19024121405674244
-0.9331917211507066
0.5160040465030111
-0.3887086735051275
2.5459702583929276
0.7741797234794814
0.14666708528057057
7.931462551746598
5.522228011453191
0.30791799787951574
1.781093201379621
0.5569477483083749
-4.179267375078618
-3.2769936480350914
-7.636715399179699
0.06306179074153848
-0.21341577738578235
-0.6970233672041097
0.5904933608574849
0.6173836059621981
-4.140521448360778
0.32217888723837035
1.786007548238302
-4.906554438349954
-2.6562303364141155
-2.6253534300891492
-0.4104446311202942
0.213762987430925
0.47033647272970697
1.9593620417779147
0.4902379562545747
0.48442627163849683
0.5422728778733722
-0.009959100935450646
2.4624689601305194
-0.24397049746092442
-0.26114020465641613
-0.7710400512774037
-0.5291885128610253
-0.4205487376423768
1.8211240905475459
-1.8457960461787581
0.7632728261435808
-1.3036611687735213
1.0797335135890154
5.612832788657929
4.810610849994327
-1.5138032491536433
-1.4201476895670153
-1.0867598658355484
-1.6223645038159193
-0.5656215382338401
-0.3137845746392004
1.0754861407232306
-1.5936416269140292
-4.870995433717039
0.5997962018328776
0.9270471028968148
-1.3153753036229383
2.732465626834894
1.885777486904583
1.4674393426640564
5.479168060091191
-1.4062417789658062
0.740649442502246
1.2304668338059885
0.692954927763637
-5.213586217226208E-4
0.7472985838514256
0.9986217823598577
-0.3723160058137744
0.17452739369679235
-0.2380709059213352
1.2482137204157562
0.3406568385101485
-2.2910112721551195
-0.9200602215851299
-2.71529051995522
1.1407609730293347
0.2664671985760493
0.27341371503884504
7.940567964940403
-1.6045828407289067
-2.336719344050586
-0.8144348890095087
-0.22136679196799838
-0.7726657290806872
1.5116729441747079
1.087267951198494
-1.7218617633214175
-1.8372322529711043
1.8010549623882488
0.978708964333621
0.4218682391634418
-0.22117741802504148
-0.8888314057533111
0.6832776936274593
-0.7966832217123714
0.12946486583895422
-1.0400107007182757
-2.414562423892676
-2.047635813124187
-0.05797042352494257
-4.673159245040022
0.6767467432389829
-1.547183991405625
-1.0291842391602972
-0.7740429837853945
3.7071686328406983
0.062407141094807515
-1.2774708717922727
8.775820766299747
-2.6732478386648926
-0.361821894403744
-0.7944046265703619
0.42768908744486017
-2.2067818494751967
-0.47477025161616465
-5.656103881528081
-5.629077818082435
3.0832198120356096
5.589115904971182
0.17853855298201463
-4.213217061436402
-0.5414041194359561
-2.253256245134693
1.7780621727650576
0.8747395788019581
-3.334634012766575
-6.658848243513907
-0.9128055975213799
0.7675710054726448
2.151374201664682
-0.20980010193339085
1.7016866663013954
0.24717561440702956
0.706072503540057
0.6333270578202929
-0.7666054962206571
0.035206057580281565
-0.9067727802695595
-2.693985062357476
3.450979776221676
-0.9052036306288229
2.098515709528516
0.44323056344235345
-2.3517940090147604
-0.004309600218806008
-9.450980986217344
-1.37095652581623
0.7151990362083123
7.007354443137356
-0.8708422294091255
-2.979507325500644
-0.15758092375784644
1.0704914178637746
-1.7933219615769824
7.669437125566343
0.08547749385381703
-1.2917010465584757
-0.6457736532852294
-2.0253547756252677
-1.8456937583881443
0.3286940854250882
-1.6833037923865757
-1.0543796329584596
-0.8256469821111659
-1.488803859263814
1.3969772262275142
-0.6189291442022434
-1.2277054354619295
-0.5185344349855469
-0.6645418683030088
-1.1173817369110888
-1.1586084260385199
-1.3887747922203149
-0.22516160838064594
-0.6575507939330666
-0.8093133606989462
-0.8372985423136401
-0.6536307514239966
1.2057877199784375
-1.3495688060203526
0.1346896567742978
-0.5059988492125402
0.3739711517835261
-0.8530786444912385
1.5125723992958302
0.8276970129287206
-0.4961042423127045
0.019211248698856452
1.532547979873802
-1.0408640873583777
-1.652464989521298
1.4357993385927026
0.8976544116525051
0.9931443985473171
-3.889926621232236
-1.5862123680133293
2.5157613630236324
1.6086278611513276
-1.4740387046189163
0.9062532513087441
-1.9155533587673008
-2.1776915975505706
0.8952250193436652
-5.637265012957803
-3.969209812244992
1.9563205512063195
-5.344002307425056
-3.7160416023355745
-3.1706644848633365
-0.29237473798799096
7.489505454226033
2.7072613738307525
3.5115346394782936
-1.4422746273114682
-1.46035571870698
0.009345545966206311
5.250510276811293
0.04629614944625587
5.33897786178311
-2.3035202007465925
0.8401384254997251
3.586381386424261
4.151775409032053
0.10982311660287714
-0.1667555444138072
0.773878053350007
0.8845123180903848
-1.0788741088425664
-2.0186305515161025
2.2146948113294807
1.517270632530005
0.42598067870444917
-0.01532806744957678
-0.19432201484661812
-1.5845616499287232
-1.0698601763572568
2.9813788084920203
-0.6508353802487531
0.18127624928978314
0.8609318609575646
-0.33678172539275236
-8.768171483731233
0.6367382676805436
-0.4871526326164597
-1.6792900607670875
-0.29197826926084886
-0.3449668751117758
-1.040968769291229
-0.3722391212035682
-0.18437468980644398
1.6109338890847642
-0.44936149117610175
-0.459007837319767
-2.9029943422349773
-2.5809349448653855
1.3219256937283366
1.0431846961202076
-0.8506694047127208
0.8337681910168833
2.845503330932677
0.04079743074950376
-1.456185330734225
-0.3907256439164389
-1.4977000776844724
0.8484247369339197
0.6348387573720501
-0.287493231644019
-0.4984049738087208
-0.5579266750019543
0.2936227002781962
0.8866303762777155
-0.3710170034054844
1.9901954604691277
0.4394547007175796
-0.8490796520814137
-0.47316972075754715
-5.398293147031747
-0.22242753951086397
-3.348683695415549
2.6449036375971713
-0.2188977242534063
-0.0825653631539967
-1.213507276501612
-1.7678148302496088
0.7642938870545126
-0.6267967199762633
1.5422264965644872
1.0139249487436524
1.726107077592445
0.26473844139206515
0.889910383173581
-0.62610776647552
0.07035076003278298
-1.026594443138464
-0.2509898511479236
-0.7683787052484922
0.06873695804690631
-0.31233187135173957
-0.748360188190177
1.0233466698899776
0.7426808812722511
1.6606000446946971
-1.4294834053393297
1.2817286869253195
0.4242487909116195
3.2891225203629393
-0.20066347746478647
0.7885134401532935
2.2365904533296455
-1.6274534031154224
-0.5208073177475787
-1.1738223977853408
0.15430596270885164
1.2859042681587032
-1.185929689653125
0.34789946960050894
0.2288879082357524
1.6182628941684392
0.4258246200870935
-1.2793081987633343
0.7948306735550621
-6.378518095743023
-5.138736049866882
2.101864736804145
-1.4844399041331766
-1.7699033893709393
-0.11295653720027632
-0.7912492877598415
-1.8151765127286412
-0.680981428117607
0.2173689372019187
-5.34070402277324
-0.39146765540820094
1.1516114661567942
0.17729606261417855
-2.68524241105911
-0.42243298323591943
3.9961447122989204
7.160336638016053
-2.17196956239729
1.3928281298465555
-0.22687130655555435
4.098523214815349
2.29838596255546
0.9543754406643561
0.07126228441376446
0.8398000850854099
-2.764699950867353
-1.4729826260939782
-0.6016298605860979
-1.2569897608966307
-0.20928625511068844
2.1644616653198647
-2.9362230031052237
-2.3443010231545527
1.6308790493033765
-0.7132505044042001
0.7802353740243431
-2.8060634730946186
4.972702849397161
-6.356189220239851
-1.70423253268208
4.207792008996854
-6.325867168153341
-2.1959201134259225
1.9296087797554506
-0.284924131623696
-3.120607320432685
-0.7075944196462666
2.6010422598334912
2.507632484639185
-0.9451039184442276
4.012560834678704
0.7200106094705369
4.4509480324936685
0.3618012775239448
0.5258787809415734
-0.44825659919051636
-1.0158209868660457
-5.061373898503987
-1.3186907916888697
1.5951938199727735
3.7899566244696903
0.2170484771570379
0.11130895438671312
0.5889664597134225
2.8463865523856513
-1.329781567741742
-0.4564309662314683
-0.22303248340137982
-0.6394624267060414
-3.795777837267618
1.3545923413242589
-1.9306970473875993
-7.365078223624238
-5.32509778850716
-0.384178108940449
-1.1914180055580235
6.217311732166795
1.004537632326675
-2.051020283368239
-2.9395553631932496
-4.2169506997025215
1.7142113736006372
0.6650531267174646
-0.05101713915246205
-4.566180723342261
-0.5535487887768872
-6.893562409489923
-0.4936035499122375
1.0784562919327452
-6.274541251817755
-1.090423971690023
-0.5821068972263884
-3.331723625309768
-0.34361901356676033
-1.514094253273686
-0.14610086380968207
-3.6164172051198302
-0.16470414640446857
-0.7121245138635023
-0.9974273004607841
-0.3916875532308902
0.06081768189487502
1.9469062154598973
-0.37083525919683646
0.1898130937507076
1.4621470764402074
-0.2284183414511557
-1.4435789141272921
-0.32444965268159903
-1.5549312843278495
-1.994962600976523
1.5962160057698522
-0.13298036347670492
-1.187696227549363
-0.2404513680403925
-1.2565847065155045
0.12469803372746263
0.70914264271677
1.9073595584827485
0.7853444825919994
-1.0906613088966497
0.7370934977071791
0.6063311591406515
-0.12925263615278645
-1.3676239970374164
0.31518393008259316
-0.24428028894282142
-1.740804067631805
-0.3814092231249452
0.39575444864749726
-2.002429493944463
2.05951682603296
-0.15890937845762443
-0.7899202304832753
-1.0359792971292603
-0.7382302767358322
-4.015753750333369
-4.806254885941744
1.6054550080227743
-0.7650302552329542
-4.129477939118323
-1.5054861551393397
1.046255987008651
-6.903668686755612
0.1822508098609659
-0.5200792412255272
-3.525609098133327
1.3882068973697232
1.4809826676929407
4.29938895374443
-4.484204816056654
1.8064476958283597
2.733897000484684
-3.092126745373586
0.3892506627058313
0.1994640715303509
-2.493767184325864
0.3207712927904102
0.27661576005876115
-0.018988956326130946
-1.7528373922575153
-2.3531974492751155
1.0340108104684924
1.755675577765421
-1.6301050525897178
-2.390644315200291
-0.9374312568738757
1.0544500319791141
0.2490496889758298
-0.9049039644559073
-2.2370442792340857
-1.8960569317124123
-0.05323373350113683
0.4875063568578799
0.49871424723614083
-0.21000181550489883
0.6181168897402336
-0.3569839743057135
-0.34195849774964104
-1.8361901436813206
1.9354683985944767
0.5485687101257324
-0.7519819954722003
0.4077829571655945
-2.3009627501937344
-0.9983666405142207
-0.16495878269934064
-1.845532933673726
-2.154094090571053
0.7431760178853318
-0.9255945631037651
-2.820960452129669
2.065935398522595
-1.7186646028291928
1.607649621321318
2.2048651833179815
2.350941083818874
0.6554303001353863
0.193046811910949
-3.4515330601393264
-0.5270695372558024
0.5488444434803457
0.8761670976089949
1.0241217848014696
0.5536581194480392
1.390930073613848
0.20178085485517724
1.7565959562666444
0.005811270486016535
1.5848334949522733
0.9576850253301141
-0.6821039161318189
1.7182897482042219
0.20532742150916153
0.3333342733228789
0.014723888689549016
-0.25988587863944057
0.6645949209244005
0.1764664639708445
0.19734987342802054
1.293500851805278
-1.6467310618134265
-0.3263754060822795
-3.5499594132492485
0.48919101351750216
0.8929632493835994
-0.035395473671333104
-0.5733572016699757
-3.179552007203716
-1.1100470017385546
-0.8501545716703903
1.5336431934785528
-1.027751294228562
-0.29649659472578216
1.0778155915911705
0.2996255075542156
1.8131054376579256
0.24571438026735964
0.5662121244019775
1.1075045325713575
-1.1211652005321617
1.4369228955303708
3.0892300715641126
0.5033045162108453
0.5006762120500917
-1.0242962380630927
0.3580316307679396
-0.2513742358511609
-0.9735982797775795
0.7521270730637988
-0.6955904240804767
-0.3210787061145426
2.1698064790387472
0.49364091458369047
1.4307831990458517
0.1845698812549551
-1.9880406285837462
-3.559759634254702
-1.2715255480417695
0.900672012923385
0.587190348577496
-0.029784128869139632
-2.185732636763627
2.0595378730606786
0.04655652645915539
1.2198511160088277
1.3940490868549715
-3.05853898802224
0.885690472997302
1.7989091012961445
0.8273743913369758
0.2735604693447819
1.0056268679355924
2.5875094522408135
-0.4383540040679852
-2.525954004042992
-0.10996527064895335
-2.672678827604599
0.7197884252651914
-0.3576326174456198
-2.0332437788714723
0.8417229286929688
0.23387069597354349
2.710216113091476
-1.1084335854114125
0.22137825642822231
-2.8500762337567958
1.4218626002741581
-0.3653681461315641
-0.6398583315577278
1.6029097190284078
0.8128567934009038
-1.8328057117490895
-1.013748321322915
-0.7887746774315568
-0.544502660611032
-0.11335259873243561
-0.9343396331123467
0.6572246053325176
-0.5902133599083653
0.40180527566335755
-0.3584805268527868
-0.09579479650705996
0.3831193810519298
1.2986669675893847
0.27010316651871524
-0.7158831632615379
-0.26097375797057987
0.5420676845516628
0.11497861714078286
1.2507765324269042
0.16568581681531258
0.7223226338694648
3.6878398863747313
0.5031091186230475
-0.19893797402358301
-1.352961244421894
-0.6501420588354088
-1.2648669835295832
0.25188053989515646
1.8696986329912655
1.4494587163077792
-0.2625044836629957
0.29115974138072215
-1.1187190723359708
-0.8247859818542991
-0.8922595965566165
0.6467170788327747
0.2869034878734817
-1.7023786973983546
-0.6154534247759493
-0.55361722405043
0.7059357220922612
0.6240591699369282
-2.2274355443400427
-1.6974595558348264
0.9857480838307411
-0.5267256122328657
1.049054883163432
1.7687066488788885
-0.8038286757465701
1.1464084316282614
-1.6311696945305563
1.0005165826390607
1.528990627251581
-0.2415188867946389
-0.6572385074979086
0.15227470607361526
2.501775528305861
2.5821927582780786
-0.08160386589985259
1.3419665958145295
0.7814617120284086
-1.8266005771654612
-1.3157939965674657
0.02980307180920239
-0.027880505421391834
0.004691415605453989
-0.48486290012423383
-2.7630898139379276
0.705777219153942
-1.1895448607742933
0.354863156406442
-2.555235991628915
-0.49734642843960986
0.7961936760679239
-1.1208318761021254
-1.7609809175254652
-1.4341010212458252
-0.4929464656664929
0.6426157087588457
1.5619587142962335
0.04353990355019526
0.8191503885141747
-0.31406973276705913
0.8125196584274653
-0.1665446640779806
-2.2976338636251
0.09075215631669695
-0.29964975183071063
-2.923384473632393
-0.35880714680847053
-1.4840110607667873
-1.476989472101285
2.037890370094828
2.57927989989456
-0.9675289064906882
0.6449534373186332
0.13723358959161755
-0.09578154759521554
1.2182219332029427
-2.3561894328231054
0.5487494871788183
-1.11336376897767
-2.4473611854235653
-0.491584117236362
0.008394760012031773
0.6317171852372354
0.08572941525534702
1.5889892893631066
-0.6683699059820026
1.4058443319373106
1.5804097616354236
-1.4558288817163167
-1.2700844692473914
-1.2546990020936157
0.765372318657812
0.1040587548560929
-0.6766529519792147
-1.4532479741403614
-1.5844600671691043
-0.9636667357210423
0.8924710578684301
0.7903827588089823
0.39522156920488244
-0.8008477017156743
-1.4637902835336
0.7614960433859745
-0.01561298068836326
1.053106812230282
-2.4363133484264234
-0.06036726016026916
1.6091847472818654
-0.30526956346290524
0.9371493559938672
-0.6119887403323582
-0.6814734075080585
1.305098792991664
1.7919722692265394
-0.3446883274313207
1.0059198396351388
1.8375025478475802
-0.14066238710686624
-0.28193176654086954
2.3118451116995185
2.903225487746595
1.7310322959302664
-1.4657720143557036
-0.7766223214690933
-0.7831289923861307
-1.9469428337631398
1.5804890739278739
2.2514531428444413
-0.6707814410004959
-0.19436621967971598
-1.6845765936067085
0.1794783927274565
-0.12524710102460143
1.3123687605040797
-1.1717799736440073
0.12765129268779457
-0.07534979451498294
-0.5399374268647779
0.31101407453697333
0.5590160058583657
1.1330822673186136
0.7453725829860418
-0.4160041106021212
0.19599114229191533
-0.8204646219446688
-2.97136358553512
-0.07147030754435162
0.6179518261380254
-0.133194651128504
2.0200790969428253
-0.06805928085506589
1.000391797670313
-0.9405847698892212
0.09468245936500054
1.298343163843444
-0.37445124803518165
2.5876421717433926
1.8334786531939151
-1.4497937873033007
-0.023041814260421244
0.8350092403013957
1.1752240582337847
-0.5100734868395012
-0.8146156989029197
2.030177319113872
1.272307956596239
0.677275635644709
-2.0645743729785693
-1.3980543649653927
0.8773779719310936
1.3207254736135354
0.9562031710729889
-1.424758745302652
-0.24393494333954185
-0.8040416551296791
0.6256848331844784
3.175779056151117
-1.794135188629571
-0.028933426253523433
-3.2017105213924197
-0.6992653634011702
-1.4254736193492419
-0.7361747012152783
-1.434382442611228
-0.07086538915392156
-1.2310153149678222
3.0777587912509974
-0.3496677830393719
0.7014311953330261
0.34578270428984587
-1.2511370979747813
-0.9936172317845495
1.9507341964426854
0.4401459295415047
1.7197040349170385
0.5168586071438842
0.6713909536663075
-0.9344388501766194
-1.1795334189418496
-0.5360935405487749
1.5666358965269758
0.5803788812956272
-0.7885212707906785
-0.5366710302300397
-0.7369117543979634
-0.07191529516001195
-1.5194031787748485
-0.4645124372822239
-0.7254357253979581
-0.7524254095026713
1.4586571568692839
1.3147577227636398
-1.8537976419657818
2.779611258635108
0.4678258600981428
-1.554991522488703
-0.27781549780632914
-0.5398381999018469
-1.9061231617826875
-1.8728220457944478
-1.1905137875434115
-1.0542830993172403
0.43931496844843787
1.7144909284983456
-1.106845854663792
-1.0918613062519549
-1.318648208689034
-1.3153702942565186
0.03224085727491395
-0.8316992176189555
-0.2885637335908608
0.7214248352191952
0.4291126306893705
-0.9527484976621858
2.5541180932701804
-0.017979237203821743
0.5886299275128599
2.4566599093112544
-1.1968579516355962
2.5252070638023736
0.6972479294794859
-1.6586262060605785
-0.6810305134439886
-0.37321502624259123
-1.8547837883388876
-0.7212693255075769
-1.8488698653481634
-1.4026737620891143
2.343530279993162
-1.5729273117287474
0.212283884521348
0.4088843500561609
-0.2991511163950857
-0.036966862761244966
0.5128942351817904
3.185640253476509
0.5797023202347164
-0.849705560497907
-0.31978534569592
1.538062492014023
-0.6290459665412932
-3.0661039080849006
0.5947779298282658
0.44797635475285114
1.7758165044444145
-0.9022213480718401
-1.4568354221675743
0.6217572575495456
0.18395828455448018
1.9201850816455324
0.05154264874356755
-1.309547044848708
-2.2664855309925143
0.5895612438752783
0.46620357793792955
0.7086324566378804
-0.7071751731999456
-1.5329639602080618
0.004208302751840963
0.37392380592720054
1.2486604034164475
0.3670122390516593
-0.2672445598096311
1.2251300216390721
-0.42115928964506233
-0.48579919611055167
-1.8225126580716804
-1.3078524187385925
-0.4249962348376706
0.4699809211072316
0.4847665229223279
-1.0942386841331562
-0.21313203812733533
1.0153709230726757
1.4753956192815787
0.5675757094893666
-0.06751265446785835
1.5409887861575193
0.19122558390025027
-0.9841947662977553
1.5492903061960124
-0.5288626496955047
-1.355388943144996
1.584039110374145
-0.729599582322284
-0.2874693338025221
-0.5281564190468028
-2.412452243438157
1.2668389574005863
-1.3357056522481041
-1.1245437278290884
1.391586323181265
-0.2927554650965247
0.497277578312483
1.004214003771524
-1.1677239414818732
1.0572941020535143
-2.04849108089662
-0.09957309550499857
0.8038945386566166
0.8247102009336691
1.8906527897237304
-1.3636874916361021
1.6785917605381446
-1.4932481851664754
-0.9468219302009034
-2.0005980815243527
-0.15028780759488894
-1.4059298456609095
-2.238876797820762
-0.3052364153337081
1.386884410525979
0.03605914619211377
-0.26516780030419645
0.2612678391083148
2.1734617879847566
1.0931830425697935
2.067451627902844
0.6662893934555885
1.3962445378913153
2.045219860264054
-1.2450808011068824
-2.1565790764376995
1.3478021428819076
-1.094992217117963
2.49673423825929
-0.44508692240699566
0.768524232622293
0.06925062667978847
-0.8913375224271826
-0.01899512108314912
0.06280226183252915
-0.7347037116893627
0.3878889165010325
4.928680224850767E-4
3.36022707078719
-0.11651217166121851
-1.361725291051771
1.4646189944697592
-0.54197510954681
0.374737825853509
1.7628418495720888
-0.3326358680509573
-0.1737622031006614
1.4463721388215833
0.5339791355630735
-0.5176293384307973
-1.85925146112953
2.873999919540556
-2.4400710463962785
-1.0594789352546155
-2.263347102196267
1.5979629790398602
1.8341251766293993
0.22742421868688106
-1.1630919156690325
-1.555502642371693
-0.08400752176917915
2.1854832677962293
-0.9162949603394139
-2.182813282244487
1.1851996356956018
-2.176916137809002
-0.36649808828293257
1.0188826378273426
-0.8646717276382542
-0.7164966214915088
3.1292081871029493
-2.131256887028693
1.1478921243633915
-1.7198004496454484
1.829285183755376
-1.359464449876028
-0.7761702879506525
-2.301694576430951
-0.8965443200220901
-0.8467443501822529
0.02318377926161984
2.023272045172436
2.6682000433567326
-1.3090202008976368
-0.1549552167020927
-0.28150484290713773
2.218133996609493
1.596895529111321
-2.6550216569510585
-2.039022423746787
0.018410999913476597
-0.7196985886715241
-2.1148801289123864
3.7893099069590424
-0.5906048099696228
0.29938724017443946
-1.1484774645578584
0.9208725215987486
-0.7831822438191561
-1.6992185496580368
-0.2604260891491455
-0.1384143111877042
-1.183133616363107
-0.40738545272877835
-0.8906652076412603
1.4792532548484674
-0.9300610856017046
-0.31844110090203975
5.632416793587483
0.3874944029519622
2.0223187922936137
-0.9287056181209885
-0.8362906342316283
-0.7873195091412108
-2.5376517230692643
-0.5991177384258162
-1.0659245533217232
1.7471008644698294
-2.7669464620750115
-1.3460051485130924
-0.8712147243396998
3.17296351763357
0.944185845449351
0.10669881269217234
-2.2935294632692593
-3.134175221642641
3.543091184603312
-0.6489408822224355
1.1916998445278866
1.3937193101701968
0.36872497116717384
-0.5752546873448089
0.11577225844277732
0.26525361092809885
-2.115219041111544
-0.3554494597995118
0.16684720959671215
-1.7751749980854212
-0.30197160969991116
0.9727341989066217
-1.7031547532169935
-0.5387986811195157
1.4009689273135764
0.24947902991567716
0.048356827461114395
0.7269934234587699
0.3504745022159577
-0.8035676375458382
-1.081923447708737
-3.071003167780663
-2.514954358385385
-0.02425868951214366
0.15475536038620322
0.07249210042858992
-0.6547938698379606
-1.9428259962622056
1.6277917249882736
-0.827001212412847
0.6351752173225893
0.2727618998260711
0.3151777235225016
-1.037229430251142
0.6526989115860022
-1.8773204347453905
1.235239226351962
1.721756845968298
0.09453669423709128
-2.19109204824185
2.9487941734215126
1.814502107948137
-1.1312946814497327
2.0963972118242213
-2.428729459502734
0.15029506701837872
-0.25391082030920026
-2.0937362157922528
-0.2937186284162489
-3.6086512420688024
2.0342605835194094
3.842258045565084
0.17848665500757036
0.6921371903161048
1.2228946918492405
0.8025810882821266
-1.5551097720446787
2.963042818547119
-0.6995467960346399
-1.4611645840302585
1.8160879069162625
0.18638395119136408
-4.17955619229155
3.9890235755116534
0.420488959401731
0.16249036447679593
-2.0684931472980734
-1.572177686916606
-0.6586250636677808
-0.3188070442997934
0.15034414203885965
0.6029718464243994
2.006580054506375
-0.453749234874697
-0.5302915337186616
-2.3977344782845336
0.8298290482249981
-2.7713071587827645
0.533853884929076
-0.23234163088041526
-1.376882722206643
2.239458993139893
0.7043431363622489
-0.4822425906218361
1.7624844595456661
-2.1484686342767607
-1.7036547325857727
-0.08169631944074415
-0.7069982123250956
-0.15768881351011782
-0.07511864391528147
0.9688894920516258
-2.9359039822828725
0.7182130828015739
1.0168950636912597
0.9019128027045075
0.4277676965013023
-3.8888776329777923
0.6246565653747714
0.5443668932494196
1.087836937228096
4.9643085546906764
-2.943641386379353
-1.497681656299928
2.4984285867665825
-0.1992834701583669
-1.43242312291862
3.4836298810288344
2.9995393659819523
0.07380437037224032
0.42704283767416973
0.5695586576950625
2.0942711035145596
-3.9008773773980487
-1.4726743660287873
-0.07080318440501183
-0.2291104716395135
0.40573572722637125
-0.9500334132083853
0.212293697240833
5.131414521414166
0.5361353148303966
-0.37144768909657827
-0.5797891393422506
-0.9628616767140861
0.6932722847045995
2.0352988933802427
-1.035453432118028
-2.404654740411117
2.8133497802609853
-4.584872539383729
2.7034914509593038
-1.3486153929547111
1.9607006718591051
2.30975707227303
1.639690784896502
1.7653039340654435
-0.7556318375004063
0.0950612961973755
-0.025301693432796073
-0.2450578730052977
-1.5953214301494918
-0.6258338202063368
-3.1498179417391543
-0.18714252879358345
2.1149244711239503
-0.19216035707532053
-2.328613108699223
0.43631146071614946
2.3206501074424146
-0.3707660765507287
0.3155916092482828
-5.681241560589105
1.3713928879138557
-0.5104629854285635
0.013377621818115528
-1.584389279467258
3.557149397924456
2.367244865269529
-0.4612423167532011
-2.3920406189120254
1.4572290464482907
0.6523247891802809
-1.8041166027664763
1.0544494944823244
0.3399416812069356
1.1558872398003424
-0.3955537684174166
0.7154464184709669
1.242534864873226
-2.375380044027905
0.05800587048221461
-3.5803653176508248
2.377523299117986
-0.1372961104927338
-1.0853292186534267
0.7335901083289929
-3.5336823955511334
-1.383517629474624
0.9450435626512905
0.4539889025804247
-1.2288954177186338
0.48091686897225483
1.5542087285638448
-2.618561917909088
-3.017384003200748
-1.2950815683554604
2.9895146501024854
-1.6881212763477613
1.2758557361719705
-2.601504785357808
-0.8615367225672439
1.8331545764749315
0.898763727830778
-0.5911479565546583
-3.098668167061745
1.8701610178457557
-2.100694087119198
-1.1486429073699131
-0.08768514170012096
0.8387897406842714
0.95267920100888
-1.6505902421866647
0.9858214945316939
-1.2048286440446907
0.08010591373744692
1.1454341588806263
-1.6125903052384736
-0.8477134371923754
1.5679174679504335
0.7673565236118427
-0.0243255656761552
0.14985636440347083
-1.6229460195765677
0.4800683440867691
-0.06508019076669275
-2.3391020570260084
0.45653162190727825
-0.19920487338126922
-1.063832666971134
-0.5203689755377093
-1.0219459581639365
-1.0653411413238836
-1.0344777699507313
0.09161542030280578
-1.7465105960572846
0.7524566317374114
-0.6275955664663649
-2.0827449959862
1.836066502826394
0.8719097379001279
1.2047111939925088
-0.5158907994937386
-0.023581184833764538
-1.2770341868777393
-1.194678954024733
2.926642540432721
-0.690992604106908
0.035959846206813036
-0.7891932376960524
1.0687531357393658
-0.7130711049794626
0.06492008428559519
0.5932215009188831
-1.3673429498926257
-1.8741786475557787
-0.6874193265404112
0.30470182302208165
0.16466389913156126
0.5258160535362294
-1.777172036140439
-1.930558910594473
0.11124894951511075
0.5175487833797915
0.5379075069168713
0.5368732019071467
-0.09959208815181006
-0.23063084166160708
3.6404924799194913
1.5688549677886345
1.8002750757088375
-0.6570695603626129
-0.1389982603927022
-1.1876592791205476
-2.2955534900746812
-0.8718150481963333
-0.8072873055986274
-0.03576638396456425
1.437343191592198
0.39273745776586055
0.7203986326333152
-0.13701307556026807
2.7076908467377496
-1.2567784127368813
3.036166929407029
-3.6813848405165652
0.3155803942249457
0.6671225223020062
-1.5886035075301232
-0.3514293351372415
0.4009497342332815
-5.626627524077301
0.4032988416129269
1.8100669443294832
1.7740408010207567
-0.5345525548628244
-0.10773923335893804
1.8690750941753091
2.7153078163200615
3.450194058468509
-1.440452260487559
-1.4101136335991749
2.119528704962694
-1.7430514431455315
-2.865184690113228
0.8306153672027781
-1.544771094810963
0.46425958856250427
0.37795175309804163
0.23556558834573815
-3.8404139558557895
-2.9377814909647135
-0.0658846227222044
2.6743526918332385
-2.253593522151404
0.3108606767013801
-0.17459831208495977
2.291381101039332
-0.5401816729880127
-3.1167742577672155
3.208867006515034
-1.1888716177405836
0.8750970468446557
0.2549680308472142
0.4991993456331256
2.1859092819115666
-1.4915680112026644
-3.6590301376730614
2.7686170740591383
0.5458783236623723
-2.655510372251802
0.36911604561318034
-1.1105340521257703
4.686858845339703
-4.415989232226642
2.012560794803227
0.010455651900726469
-0.6023801405699926
-0.30765764034820037
-3.4663019381462505
2.16834501936632
-0.3165796752477738
1.2451163885590022
-0.18054291228762936
-0.14050635362073968
-2.004390995264006
-2.064003389812064
1.5111190425128362
3.517680708971924
-1.6523353992992968
0.6425837230715459
0.14757888430957697
0.3337110247789284
1.1122894546114765
2.908643987805811
-0.10754312805393772
-0.10128681635068972
-2.611592777657206
-0.7993442062003268
-0.04259746905338105
-3.6956205739902632
-0.6803503903934633
1.537500018691099
-2.0719831764463
-0.11040483383695349
-0.055911683386834256
-0.7206521091294109
4.6698501945565205
-0.19999331642319806
-1.8823928379053951
-0.0747999236399303
-0.726519123601599
0.3192334971637545
-0.7670511536719022
-1.4294409872945752
-0.28857829989742023
-1.0839629557604715
0.07209542999808688
-0.5292956805834883
1.6092524668102208
0.35268064846567937
-0.5606507230410475
0.9912141328990539
0.13739136446256867
-0.901096862723556
0.6801569913383607
-1.2532144944252004
-0.4136131387479314
2.0779456266162963
0.16940151061729372
-0.698496039497484
0.0699927479068292
-0.827696191767672
-1.847933074227483
0.8925705748499781
-1.285130863092161
1.0201084222596994
-0.43882416995679785
0.17398288815716878
-0.6594026918145571
-1.1163519538532192
0.830697761489912
-3.2433089089472302
0.39790470447665993
0.10254360212509869
-1.8827586741421278
-2.181999894906848
-0.8218631709055791
-1.0141520850593149
0.9340377088430738
-0.5647520450055742
0.5169475774073061
0.08026481757622134
-0.11532018626719094
1.9813852713264186
2.9120074367636892
1.918350227870721
-0.3685772128090032
-4.663737443830877
1.7070021646202982
0.7865137048073849
1.7016115016174582
0.8110698365166784
-2.8156728798222104
-2.969512235436968
0.031016152680932062
-0.5055210039443548
-1.3679826139024533
2.8814791572788865
0.43777939491417683
0.5897351352285171
1.605882322068425
-1.2828239758964775
0.5377303020324101
1.2241284530774472
1.9043794127048945
2.3060163952237764
1.0297101268298718
-0.6813585592506349
2.041356278686934
-1.5949196735605462
-0.07594706000042269
-0.6820512533935112
3.2335926178149865
-2.9939545617749475
-0.14339427035693292
0.27105096279286145
-1.597992456974823
-1.792803980736336
0.00705999776472338
4.474240863940137
-3.712130022899497
1.0639887616506791
0.7691815549463401
0.6458878164598494
2.210744808616742
-2.5322336627382898
-0.24921200956417675
2.7376124245694013
-2.217920408675543
0.10045328132452339
0.5613797338472754
-0.21185316367116788
-5.554431562829136
0.3018519265724157
0.23986216447333317
-1.8247281535282915
0.6366473196096291
-2.4773672149280612
-0.32733394483969125
-0.9328128172424279
-0.5506346956942706
-1.8013843111196337
-0.38511917844513877
-0.18475586340760886
0.06607237782215666
-2.0489240977587246
-1.3008812627657365
1.0820856900384415
1.3883643491154625
