-2.673961042881553
-1.4377671054552514
2.255262315505386
-1.0699990519110192
8.334029994298515
1.8103949317227375
-5.2342200993674295
1.3515367947348342
14.203506818036944
-5.138736864088738
2.6086112940959607
3.7428155255748714
-8.558197738564516
-0.6041020457126869
-11.55376340897066
-6.1763449955178125
4.042675113781864
-4.290719864596932
-13.31017739781674
5.092733517803473
5.0171586265973644
-2.7275729401682516
-4.977459159269463
5.089892938376494
14.972949015383008
-8.077824788479543
4.41441124337383
4.2022035285796315
-4.752067989335669
6.479892035184368
-0.34239770193908353
11.273079617064857
14.181963920036416
-1.8103536545244414
5.428506426076388
13.453991684724398
2.0155407305953745
2.1827626461353216
3.6783411352932984
-3.347688045488524
-8.911093296806431
-9.747223441013787
-8.163007061453687
7.157425558429026
0.425403981636135
0.5562866463130507
-9.082069960332658
5.861994110493492
5.24124934865209
0.32616264250127075
-12.526359877518722
7.278315401661919
-1.3514053229119336
1.0161163767847423
-4.6679331707885225
0.3196734715578146
-14.031883972083083
-6.953441050712366
-4.179538245744487
-1.375917839329254
-1.7964220190591835
6.340473789906035
-3.1627045746445126
-8.828280211952556
-1.517657100662515
0.6907578930345117
-1.041737781188111
-1.2141621159726508
-1.4798363705371473
-3.681198344633673
-0.18345493620045442
2.04515804144304
-0.14464345064708284
-2.691430052347482
-3.6087840083593563
-4.376485652961849
-0.3141160249268527
-4.074553234950754
-1.42677559497563
-0.7064889664479356
0.21744535634604903
-2.3870063399752732
-7.786076386238204
-6.27559501313581
3.4438191833709615
-3.8404243246211305
1.8098309678695028
4.146203359761561
7.8144426421818585
1.0849087364902206
6.515107478025487
-1.5412294737145633
1.7509379353126073
0.7670692995293685
3.449213210599366
-0.3946997050943885
-0.3263250055953285
-2.0334902890040567
-0.24122535156860245
1.5406258710244873
2.4778446234559013
0.6096997606367414
0.21306241041379143
0.037793041657054854
6.843496739459268
2.159776557222943
1.2170039865396076
3.8790206138201992
3.0570519606181485
2.1170765833542844
3.226711157961812
-0.8857070013851444
0.49768052759985826
-0.009273281095584902
4.067680415184694
-2.96055432066788
-0.648241009535025
0.6293180650064841
-1.9704812934555211
0.5576611336697975
-0.5561830305664694
-4.494012149265113
-0.14370958753197685
1.5503920374173756
-0.1554504788794305
8.16969849558918
-0.29110049719352143
-2.1419466948625923
4.074955481914619
-11.181207016730488
-1.8176776499610257
3.2515048396854813
-2.432775738192921
-1.619743356243395
1.9978302518062074
0.10475156905419683
-6.381579321569263
1.500631888488019
7.808859921006161
0.32365005652663614
-5.0829302888202355
-1.6713136043893044
-2.562237620727003
8.98526022157291
-3.684392301417223
-3.9619191891844876
2.121875898689504
9.192382901399043
-11.334084341853611
-0.6140283476609186
8.524609858607537
-3.2192178014772317
-1.7093996615620362
5.876806235951401
-0.888176680386204
1.4410745054363072
2.356747545989195
-4.068024594389472
-0.5119104606180657
5.971695189368125
7.367213400819665
1.8948989322497918
-1.8253590690485366
-2.6090297085307257
2.7980317217861432
-0.7434921617077556
8.09184866844682
-3.006085492653452
-17.231054652828675
3.046666464133332
-2.5969664637922145
6.0644520240002056
1.9099915555546887
-3.0318638252423122
-3.7630107380213027
2.6943472732255165
-1.6283992351939258
-3.6364801494971575
11.588722806451145
8.608177606717886
-9.361545644773694
5.893503045141423
-5.301344627786679
-10.06714460201785
0.46322952408743684
-6.125933861056823
2.2588520983959084
-5.510782321157361
-1.6245797990787214
-2.5248847368048573
-3.2301625591704624
-1.6883198319333295
4.169808902819908
5.856246928803561
-0.1743400537884635
-0.6498111958108762
-0.3140337271551774
3.092661609451643
0.6132389759879301
-0.1182878059344557
4.615397896719074
2.242866204882748
0.9570818472235516
2.6757934144969533
1.896275193846943
0.13369766894114876
2.587465776776117
-4.943490682736008
-4.105403358701477
0.41389867240525824
9.870263389208965
6.446094332742844
-0.8429749532502794
-0.5551376256053892
-13.59542408673605
-3.9672771430460916
-2.27617176623642
-4.071494340577396
-0.45560762697033713
-1.8181931685852109
-0.4097026744859821
-10.067701951329324
-0.10896075978643843
-2.8303676391523824
1.7856186797578408
-3.683794572668791
2.845244808851884
3.3342967697978048
4.763808140632455
0.9261334548653463
-4.518039868693366
-3.577035312632073
5.342765450742356
1.8334521923418137
-0.07191488869876352
-2.8423972011103964
6.441402424565003
2.1202210528495673
-2.8890715150422306
7.026377211109597
0.9432255485960708
8.055442866198643
-14.510733878777224
-2.0765375031287534
2.4463586096019343
-4.995522006609291
-7.82500379535502
0.19726970510004307
-16.5096107660636
-10.06560929556194
-3.6063644132893242
2.9287510395889633
-6.409507704144694
-4.251362804713681
-3.11915496077932
-14.107194258410198
-3.533946142131495
-7.082756388351041
0.6616966256930827
-2.217905363012948
-9.848325123620281
-2.543915857947388
1.4729660678039265
-2.5046662366268473
3.4272086979282093
-1.4131616876490556
14.47649012011482
-1.4842583401491019
0.5301482663103426
0.2564001028492197
4.100020793294716
8.024472377468227
-8.096996204385169
4.725357079780595
2.281918077145204
-8.282356513303505
5.043204480775739
-1.8867049306740509
0.15527675916037795
-5.57426843416932
-5.845351459491595
7.124527611146343
-1.8209056772710939
-1.7060003602919054
5.640333378202796
17.944281507056196
0.6974650480474522
-11.952999943366326
3.3789709170083526
1.7232584751147653
1.802221139700019
11.57196463837332
-3.9763728549003434
1.15296205105109
4.935194875632072
0.7801561323739005
-10.510103890938467
-13.696308317915197
-8.37366844622577
-3.891784759132817
3.8235506767134613
1.189865533640513
-2.4926792190537603
2.6922518278892653
7.27790419792585
0.013069595684706493
-14.232148504922412
-5.111821862041223
-0.9514476331059566
-1.706476187239295
-1.1686373294398151
-2.174239055715731
0.15118511433851387
1.3779353310146167
-3.0782001407636326
-3.774330223406101
1.655642890916393
13.26119229302801
-1.0599954300132328
1.396043478094171
2.169964268315608
7.2325670714941275
5.065272430523762
-4.211784552649842
-6.350725956334496
-6.341989961039046
-2.7678650400988754
-3.1129505253756156
2.2468343879326813
-1.287264809230779
3.214593893308897
-18.341386392551257
6.767331200274503
-0.8988938076152644
4.460693660280701
12.16514501177001
-1.9138466997240628
1.8817454921294041
-12.773067254057683
-11.261121554481765
-1.8971061644650875
-5.632495479130696
8.240846742751447
5.903005124737639
1.9667566833358754
-3.032841181991947
0.4949413222946215
4.373356686193792
2.2511026812186437
4.551146176360571E-4
3.9730244971282525
2.8140572848658465
0.41894848312611616
0.04532661904741731
0.6050114941618472
-0.08229067622515258
-0.8294316096435987
0.08579966442991373
-0.12703259951556845
-0.8091118877473448
0.727369944733749
1.4398655440213823
0.524800403698113
0.20510757633413934
0.5775154451739551
0.7312381130111767
1.05333807587424
0.7595607631984005
0.4288598998435793
1.2057935337728782
-0.3351481966382758
1.7135592239598583
-0.9157908789041775
-0.280916627077517
1.1937573862412314
2.2488829501393606
0.2681931382366967
1.442654373642768
1.8538580108544385
0.6904440010301046
0.7972961475228564
0.30579476550643203
0.7644853439710786
0.8243985963992221
-0.03453949980502678
-1.0281580355417776
-0.44573571962393294
-0.4674507991879686
6.907746923520924
-2.4485851745589047
-4.783835114009498
1.08219959184413
0.6035452315157838
-3.5846647576842514
4.041161972307485
0.18137323223437715
-5.647925988323417
0.020032615762159853
-0.18531504635023302
2.1432253753601245
0.12214323211977085
-1.6924200634140798
-0.3812251143034481
-0.07261125115616524
0.05534093226800429
5.334539067971496
-5.970297364408619
-0.4307765608341122
5.978727802991957
-16.999472198534903
-0.019586158781509235
1.4931170508636118
-5.383630527868448
21.07785609427876
-0.07781787449777951
5.040685909887061
-1.6767421797755462
-0.5778058598417931
-2.557838912491052
5.004918326187312
-2.5055802472384308
1.1479740403328065
1.1063413928598784
4.91464123569323
-9.282574768636348
-5.063345619648926
0.42688087397290053
0.1090093576687629
-6.646987192443242
0.30101968627953163
-0.20266908948966678
-5.787499557316008
1.3724224578651836
-15.281484333280394
0.4019604864178038
1.765076424045712
0.2997687651554665
1.1806654655092497
-0.7951756610755983
-0.7538194909552751
13.843310134678102
-1.0985981559549223
-0.665287947583868
-2.60121932073175
-1.5152773946692153
14.220815738434268
-5.114424591971741
12.417072459542098
-0.9743868587167247
-10.190098767213946
-1.0364487063774375
11.883126364126534
-1.6493499608713578
-8.999644313747785
0.7233188573767717
-0.6089642578135724
-1.4048635060767982
-0.6258851783911624
0.3807658957476417
7.705388684104787
-2.5955812182854876
-0.9706421498478837
-8.44156569413652
-4.321011575125999
6.395157385559213
-10.553541610416621
-11.678329148763234
5.2606706802071175
-6.035124738171986
-6.216750685314746
14.18645988655965
4.188790503657044
10.688507847615865
-2.4543696943046505
0.6547888916999993
9.196283369221874
-5.3142483544723635
-16.79573691986798
-2.4985546067629785
12.247775068179148
-1.334225467234933
-1.0804309704678503
-1.310833324183473
4.048653260020091
-2.0098464844176793
3.3690084308950583
2.0709750226215435
1.8953163286576546
-3.2055205926533548
-5.98406983847847
-7.901114503843163
7.054703612664485
-0.8427467481278318
0.8806395090532358
2.841687554209004
-18.177690231817405
3.565105356265008
2.075466605190062
4.400759892996703
0.07660555773965382
5.468969994304366
-0.022285250219299883
-2.322604958972739
0.5203950154958846
-2.6503631553410747
8.636333424005224
-0.5386387398589563
-2.5585073880742417
2.1461858941662437
2.55524308146962
1.68069730391839
-2.4777529435490746
3.3588995367651537
4.108209259509171
-4.472150511175419
0.13901448336697683
-1.1305940825106044
-1.9124497069367001
-0.6535493881382163
0.5796130703348974
-5.188915554504831
2.240723350867739
-1.3275956620255833
1.6487874334197867
0.19354512293138956
-0.046429451685861205
-1.8772937760022095
-0.6956330876434214
1.3112390280009196
0.46053962931880993
1.0653095950545033
-4.0457785432915605
-1.140510561594857
-0.2728377467935384
-5.687758495929828
-1.275526436838239
-5.053156953378607
2.676409357850318
-6.042847595958234
4.200840414891493
-3.673003580768783
2.9378901562982604
-1.1912491232653901
0.3803863326553204
-3.0267488793976627
1.059823963794062
-1.5790338678741265
-4.415275879156443
8.426943666143618
-2.2660945189910313
-0.037916082619981216
2.317460025869134
5.688304130673861
2.0033658666268166
0.21318219261832377
16.478411180714296
-17.245075908392597
1.3694506032375648
3.370964165881305
-4.8810902804068705
0.09495020723342709
-0.7105972177682309
2.0046265012977362
0.30425341600149763
-2.669379834502667
0.7527906040239295
0.23658124613739168
-1.104581777535015
0.84439431159586
-2.304264161748852
-0.2211123451995014
-0.21900300461025746
-0.7724858600283452
-0.11998351231769132
-0.2641777096371396
0.30620209781768204
0.9308580771810792
0.44103059267339534
-0.5051280847200728
-1.0474937875685846
-0.7380069487936652
1.3397777296058708
-0.9368658796696953
-0.49260517034945983
-0.5425995047391411
-0.839561055264201
0.5202278126215129
-0.011975973178329002
-0.7327971149391002
-3.0853172941278366
-9.194521091613828E-4
-1.5746688864657405
-1.035994391579953
3.6247368879959763
-3.234235295138687
-0.23216505632680892
-2.347113216799129
-0.08629204218973079
7.8371881418714
6.712035743473825
-2.2262685438712118
1.2474816817991752
3.307263068495067
-3.1591602908072156
-5.328091347517638
0.8020727754428716
11.739169625721997
4.765764955067998
-1.8302290887358321
-6.790739542800264
0.5985501553104249
3.9288772994228416
-13.200239622252743
0.2964445755446482
2.099852588106056
-3.942330520611038
3.100176631378892
1.0150837922303064
-1.5849466740005345
2.210921684506404
2.9327550676295058
-1.3514132332425677
-2.685937850811981
7.460142938255067
0.3832109436954987
-0.44811525705916777
0.031069268301855205
1.5531318435634718
1.7694429466019423
1.0279016242311154
-0.18301720271770822
-1.2262047198290325
-2.109292817740771
0.601486430586927
0.2346877469954494
1.0345947514881693
0.6870264861401929
-0.4427718471702202
-0.42696213715264336
1.0076783024424212
-0.29463497813366146
0.656581185048704
0.36454676573437866
-0.968265896617581
5.375495552391268
-0.3407262780987337
-0.36747398298753786
-0.14157897594910926
-3.9719258956926877
0.24600574228933353
-1.6656844459858537
1.0302639133782463
-4.680514118304514
1.2979551191971317
-0.5897874663809186
-1.2714874810928232
1.0725815341266125
-7.900516924974281
-5.739365247904713
-2.8687093211223913
-1.9858667771134042
1.133830960948409
4.255029466785942
-4.568197362196532
0.703866730703012
3.7163960462071275
-8.853413459650268
6.647968241984981
7.510151793958016
4.1110969223842275
1.1273062486318068
-1.8108191737398929
-1.7861562844302499
5.715684156165817
-0.5873719384858798
-7.0700239897095285
0.6372323629401504
-0.8199744647557067
4.108101058305243
3.4094772235133415
9.558015996682864
-4.555746720707148
4.848648177717605
-9.070630370933452
8.433990854711576
-1.7250483616490726
2.72248695080467
0.9889045470664846
-2.8329998850998184
1.9041833975037699
-2.0619984324218015
0.2845583148624363
-0.9883751972159196
-1.3051794120494251
1.3427351429872567
0.4163970368997569
-0.04416537223436562
5.079083739882254
2.4145984338981603
12.939913364205513
-0.851480013972104
-2.482385942334526
1.0602817075132973
-1.5436738299597639
1.952531916159815
-1.9093117382634537
2.5603537566444055
-1.2725531882823167
-4.590749586629088
-1.4812115489534872
2.235473613442086
-0.06079495755610794
1.7048743895942857
5.636853646271424
-2.9580304112893194
2.594392709973912
-1.3644676535944142
-1.4975509439204115
-1.2380767937345498
2.8466745113245113
-5.539167971451818
-1.08568741293451
-0.5752891967747155
8.335320512362511
-2.3907294603635862
1.934918405466276
-2.1091781551299653
0.5516476487435884
0.5675180642842304
1.2687866323427577
-9.978970556909807
1.8756151408425414
3.328202890384799
0.7476438932026893
-0.7829036055918881
5.454845710773181
0.6973436470361356
-1.8263158393070276
4.386278254228314
-4.660529787685548
-10.646613601083986
1.2013031768809217
-1.9323694385401942
2.171666932239664
-0.9575753786459968
-1.9762655099999151
-3.331760564825579
8.841350067761619
-7.171147804720352
-1.1957145498020423
1.2862995881360169
2.5607647917577085
-2.224896948302365
0.5665411778498897
-0.4996963016252805
0.5348580060724321
0.23046004997289102
6.137003202419253
-9.462444717111815
-3.702930473979667
1.5965420516410695
1.926542428320232
1.0609411069668788
-1.2791932309784189
-8.809292839951791
5.449691117749961
-2.854266901849985
-3.8171295037062847
-0.16093899283179636
-5.549487023334342
-1.4861921599192303
-2.3975179088811154
7.996001750781888
-0.6336794718544664
-0.23728503941540996
-0.43920640915799497
-1.5249238107222949
-6.427249948388758
-1.782482016660685
-3.3397336585537767
5.072407300252178
-6.159012856467624
-0.9227561231691549
5.220314425973978
-2.565443585225496
4.309777197918432
-0.06222845237602098
-1.3907559980064
-0.6972106262602533
2.7975573275431094
5.120143104889362
1.3378011933052598
-2.6127879041990343
-0.2960787830158616
3.209497056725493
-1.1073266424448878
-11.320970681856164
4.189687768209599
8.249766573951687
4.776167971473273
-0.8541758677211766
-2.023106717055329
-1.9262924022310013
-4.857728857300878
-6.251462652266909
-1.207385774112041
1.8403796834329231
-1.2815115388456222
3.1311118669793365
0.9333012386381219
-0.9868419357290279
-1.1377950315540228
5.02566466091473
-1.7814788697824726
-0.7677011451103557
3.3338684383385484
4.09954633396388
-1.887285504407119
7.771281991770195
3.60465126440462
1.670368342098979
-1.8366326489441616
0.875989713328711
1.3488166349924495
6.5558399773096925
-2.669656780465172
-2.682068776124088
-14.504006488000437
-0.9490639530692999
-1.3604325492326006
0.26416498890498635
-0.5151446307731262
1.7471309725139323
2.1547564110276185
1.456707898302053
4.5832338525515794
-7.035380253068192
2.0408123919813526
-3.9744899247394
1.5773909216267181
3.4186652952571275
-5.358428430064173
4.28744643652264
0.5935643114733451
-3.6605935893981703
0.9199406641531926
0.8375595336562034
-1.1021750255248361
-6.77326863272527
1.4602913474521846
-3.3842387989007183
-1.0634018254382356
1.5517668854710587
2.476535216095047
2.4077124933695253
2.8577143100113944
-15.586352435571584
-1.2069039683001874
4.700676461492682
-3.2951059248720034
2.0768827618407464
2.5429852055346127
0.6808948218818022
5.849116622773073
-2.3875152696108115
-3.3123001252314683
-3.153518890409891
-5.638988369782783
6.063059648488309
-0.7000459881484081
10.530032070462447
-1.9415162085391326
-3.0946331279049613
6.869659152243303
-1.8975591856867722
0.29047965429913475
-4.384073199672826
-0.2366055347205684
-0.36043004268475
-2.676612450091294
-0.686104883824346
0.8508668348222791
0.7669941150324644
0.6792565033871109
-0.2418844699361784
-0.18631854389276975
0.5084610516755185
-0.7508110216924845
-0.9798147403397388
0.9311927004756755
0.6134712146802415
-0.4736247110946213
0.6349759613471087
-1.5249139188275602
0.044933089474132444
0.18675954405204243
1.7283415074310702
-0.04235662395924421
-0.0022909180067507916
2.159815969370504
-0.17644824616015425
0.7230286527349793
1.922306445230105
1.1347695198629622
-0.1743289728320613
1.7632344510173972
-0.5708733790949135
2.1324617879431025
0.15578799005348926
0.36109501255320425
1.0601681610461458
0.9601273793443514
-1.265634196550492
-1.685743094104292
1.2575239286595252
3.487621258518184
0.5733349470134573
0.5968617257800211
-0.9197493847582993
0.1110223393867071
-3.846725988325688
-2.7116446227427407
-4.938885112521656
-10.528430026093442
6.743887279212199
2.3677130014492604
-2.3237014683068504
6.574978114027581
-0.7983686939840346
-1.2013951386688866
-0.6743438126464308
-7.352946554524646
1.771482467458092
0.12433983418401381
5.5596137827525425
-2.9055695658737277
0.2785866382165029
1.6441374769989847
-1.9179472630145047
0.4652214788981056
-1.267882962356708
-4.550352852019999
0.5908773336671057
-2.76383292800525
-7.6665791834257435
1.0752991216216465
3.6499769157261097
7.451672509079877
-1.1008603254087865
2.8051413169411568
0.2925578311340425
9.289017603271779
2.0884413484773967
0.19458295496248415
-0.1540134819661839
-0.879377149755533
5.863298838084501
-5.804028521129635
1.159136907056285
8.862701340136605
2.9915585839117895
-6.371101976549687
4.0591506311213355
-3.86082167420117
-6.452452207514259
2.5009788487178466
1.328180799674926
-3.952440520446325
-7.796301561292063
0.15177805536793745
-7.766524271723758
5.785635877413373
-3.907047414870967
-2.787371357559873
-4.9503490901240355
0.8991278124687294
1.4149169525993817
1.5425089043514135
-1.5019883994688517
-0.8973623135241281
2.114050339406902
4.087248918274025
-6.485065118188056
-7.0305407192780125
7.453945194141915
2.2578007264583047
3.7337026333213683
2.9572590656231745
-10.133090185246859
4.6638585908033825
1.0908817657902607
-6.673617505368966
1.0169395647387671
-7.461482730261991
-1.6003383189335951
-1.770654896336309
-2.6845784641568837
-0.4678882862964839
-2.7858991208728674
-0.5328622899007512
-2.2351417546561754
-6.258491397439987
0.15589244631529062
-6.266302756796819
8.917780946094052
-9.496603694861713
-0.899416055155292
7.361457641529462
4.2220604336731276
-5.309829241807235
-0.5694300803881368
1.742858235743973
4.574683985421993
1.448013715402171
-7.428222946804579
0.4607304555059374
2.886963787900452
-1.4790680706296278
-1.8749613866269748
-0.7459482714913399
5.642446481031084
3.074314073500279
-3.676050352505194
-7.659975674498751
-0.1684401010410735
-6.8329379773574175
-0.025733683186124384
7.790591754559463
-1.428216638150413
2.994070112068066
-4.891962643946014
3.4037116851609737
-8.69944459261629
-3.493018279675751
0.490169738104091
-0.7881727103118912
3.304522018381412
-1.8786265890198441
1.242165246857135
5.5895187219952325
3.053076547329121
0.18075627371123756
-3.106078282612224
1.5881820982499213
4.591759138287449
-1.0077483466963162
-0.3764862609886846
0.4701601340361882
-2.5785429503276163
2.0362812096948977
-1.11053767736274
0.9614719223652417
-1.5754660715198792
-4.3498622447778335
-0.8423474925652431
2.210807244404806
0.6338958264262861
-0.905914690666892
-1.5631821462359707
-0.2523940336946481
-1.2387208580100935
0.9367946843821643
-0.2977780068308449
-2.1094208480209438
0.33162561952563097
-3.9402240759741898
1.0516729340867748
-2.285782921503235
-0.05874747543155607
0.43525057316640714
0.4024591755078037
-0.18679906340732955
-0.8964132228528225
0.26476260752614783
-0.08643598778957297
1.663097719053366
-0.8119260789467793
1.1534699293050075
1.0248923708487963
-1.56221521987043
0.3075415926419906
-0.4132399075578767
-0.6861146245352989
-1.0134404176876501
1.513480435290814
-0.8180682499703376
-2.8843012233211556
-1.3388297322796403
-4.400496004877638
1.7200562179164318
3.8042143241259314
-5.937344679845628
-1.7450641793891384
1.169966944644215
-3.4926006327384256
1.4247533225233138
-5.991893630494388
0.4448524367833075
-0.5281025184928385
-0.8986306273253587
1.1958827671103247
-0.9298116589891972
0.6088435437177789
0.09888468062352661
1.1018995093880888
11.222025355435983
-2.7312815308848575
3.706451939671817
0.5447188674583806
-0.41489145804576166
-4.87957798680523
3.2906300722751776
0.08095067180590894
0.41490878028133515
-0.545445174843581
6.171022284988493
-3.402614929592804
-1.6247305900030626
3.030382789428992
-2.264851567229549
-6.052259527979659
-0.8490096496663072
2.725948084311048
-2.984389852524187
0.13248946039503795
8.477692680302464
0.2112084348220846
0.24655097012726712
-9.60630993486409
2.8587386824867544
8.571379291128071
-0.983978824071105
8.145565137642182
-0.027418000787126647
-0.5441501139773497
-1.3767204859751707
1.930144715060495
2.4712377712141302
-0.5653657540965653
-1.0162085895362005
-8.211468320007329
3.4795177885885082
2.574120252327779
0.21427071674000062
-1.7798725426001833
-0.07251852162412722
0.321382357924132
-3.328260760243188
1.2468550753511924
1.7716866494802495
1.4577076740720574
-2.1214025727323382
-1.1414458788385575
-0.853161947411682
-0.33866589919606965
-1.45049439748022
0.001761914552848593
1.5952481032738746
-0.028194113724932603
-1.0815233894021994
0.14191627273564514
-1.298446712069369
0.5790907942487582
-1.372875302301706
-0.11303916665540877
-0.5763427080405336
0.7308376524080569
-1.4893081451537822
1.7620565752053932
0.2212749276293698
-1.2033769332865139
-0.15369738539484937
0.34418112747621643
0.11337363379720843
-1.4323680200657658
1.0073496435507046
-1.2772797062735939
1.744663356777573
0.10688482075645002
-0.39743131322176617
0.4553679954920559
-0.6521404989143315
0.25650031066997475
1.5273457072076388
1.685635691129792
-2.5754116260805446
-5.865868110533621
-4.090834414902094
-0.8210843001823396
1.2174226695987558
0.7211447092352945
-5.69139410975818
-5.7654532543283725
-2.4458533032899537
-2.554951156988748
0.10525275898883728
-3.63964228701552
3.1373007539601345
0.7960958931408935
-0.3657868125173109
-0.5135293903937284
10.047776278061248
1.4788784293543993
1.4382885385531297
-1.4637104136852757
-1.8308193563648676
-1.2555515943979167
4.051182059758583
2.8210479547651275
1.0689255616344076
0.7370294204719016
-4.0100149003730285
-2.6414162632601403
-3.9873771920740504
3.262029239385223
-4.147653388840524
-0.6286609311514386
0.14263258409283808
0.9964196313956513
-0.9765762891062255
7.853163927683372
-0.07633887759375657
-0.28694425573589477
-0.4733840418203405
2.0373807454771233
-1.1752210233532678
-2.6582978074158428
1.7609543189995123
0.6738023327847865
-0.5608241836857694
-0.6330554726413608
0.2494272901263923
-1.6738502188793778
-0.16949153084232776
-1.0921702870738863
0.9586222839559978
3.4560320468567136
1.3690390000633943
0.3741397784161089
-0.5411871906701229
0.8121152313247557
-0.7166395826486947
-0.07151113854783497
-0.9888065606880498
1.4937460060502106
-0.8974246748169428
-1.32350202295708
-0.4383088958248658
1.9810597839489217
-0.900639241350217
-2.300999909460124
1.045006668701674
-0.46276914585027346
-2.32411477396705
-1.348030953981833
-1.375437683171493
3.354753521823164
-2.1732147559976807
-3.206092175349351
-0.12095512270855716
-9.23947466974807
4.31934758375801
0.684976673330151
-0.4485283222196128
0.07143158875307427
-2.9685938810394834
0.7645965413861157
1.4288860868545092
0.7917629861987855
1.2273775474349615
-1.9306218751863264
-0.12682485172031696
1.5209373742758223
1.115172483840812
-2.079373071967405
3.4803734450735835
-0.7255685311308926
-0.882059912807005
-0.5636542566650816
1.1197556333010563
0.20400298992326776
0.25083731379080015
3.5393308577161937
2.514701477032292
-0.5213103005828269
-3.9214562234785424
-0.5708942053884153
2.9366426019341647
-3.3622294598232934
-0.03309032151835678
5.1239748666606895
-1.82826867535035
3.5529227111082498
-6.619035081326146
-0.8355497006235245
-2.110570859169678
-0.3791255509651573
-5.4661858385792375
-0.478530979322301
2.4218014681191167
-0.6371897345327779
3.1706425366146243
-1.3449121519829803
-1.367367174769614
0.9887402298929691
1.5314462298257872
-0.6467681329920809
-8.614004483914062
1.803534456521507
-0.012391506200509848
-3.584510240944917
0.5062999603813588
-6.115334162619317
1.8598957679564756
5.112341523590333
0.3508067959167823
1.6657791910155997
1.0744184187215244
-2.0757974853346175
1.5806428065335218
2.3288484885958516
3.707409923625835
0.8874499648641949
1.9797814638942255
3.6873611058603672
-4.884618173452189
0.37589388803796164
1.5704705884170729
-1.0734246809286259
0.7948257644622466
-0.14598588749647684
-2.31123095986835
-0.0405681988108013
-1.2888409534643284
-1.6316458150290405
-7.755451908617526
-6.075705294279633
0.038732677339152734
0.29793910326577316
8.240092083565303
1.489886065113328
1.261980893634047
-0.8709860229009933
4.548098701033763
5.3697150517075745
-0.22692763030063196
-1.4847108532318725
3.4101592869819055
1.6613228243435654
-0.6494352532610048
0.04616699675557422
1.3604918586161603
-0.754411409032553
-0.9360704581614407
-1.1014039600321868
-0.036044236943016325
0.7367156553786428
-6.749203982018652
0.15306120109742016
1.125842016797953
-10.71146100766179
-2.337040416331467
1.6913623487597813
-2.338428045861402
0.08434778687427469
-0.6827750427788963
3.479464492650238
-4.066241774604278
-2.240813349140838
1.1849061034784845
0.6137221941206296
1.1375881774313594
2.7099636879519755
-1.2115870069696892
-3.4648658459479975
2.839940927749129
3.3902600065309403
-4.030335544608808
-2.47762084768164
-1.7259588615417312
-0.18084671241759265
2.574670450190785
-0.9383394490011867
0.7991534691266795
-11.618951636009283
-2.3910837604651025
2.257509001781287
-1.3000499756229702
-4.252326570348629
3.25283472014987
0.6017106053479556
1.4266923313361761
-0.8789603573310667
8.442869802902987
1.611423589604567
-0.3831624339690306
-4.308589566485036
-2.2401431828123144
2.4471338701197696
3.3084506920731376
-2.863590724298865
0.5411901547968799
1.8908623444204036
-2.551586601970941
1.455152134225333
-2.7426089424314224
4.233599669555459
-3.6368696658456474
2.7866299015617737
0.12343592075330363
-9.136712679599006
-0.35246613133571236
1.4864425222421147
-0.3036821665838684
1.6717831451524943
2.4925161570532692
-0.24358125232569372
0.00948325133408915
0.7550023231548987
1.2340846613742942
-0.6844164066165552
-0.6897628972592907
-0.2805514693767117
1.9506348937255908
-2.5881559568642722
0.7279347523239788
-0.6984018549417095
0.41451827817608317
-0.9634123608999638
-1.0188855349776476
2.0166792495624457
0.6258878673999654
-6.915973945216605
0.44081138368905176
0.22010344291741385
-11.20560055917559
0.270185841256826
1.2997353088492358
1.4923829374364317
0.15249693181176704
-1.9623571345310153
2.4408177906185715
6.626613221066812
0.03538987575540291
0.09899121125613652
-1.78051835521698
1.1854760918721994
2.0682634350787197
1.8458956752917133
0.19567832018488543
0.8196803251602224
-0.004141075360267574
-1.7386119144869447
-2.2130693582323535
-0.6930547249631168
-1.1471787656887757
-2.665710345060398
-2.2878966126177094
-0.266267353334318
2.1395347477369127
-0.5797813926318508
0.08454360395834609
-8.513575668056333
-1.681303795013622
-0.8978634848360367
-1.629763679331693
-0.6089179569496458
6.24965402704335
0.44952177975949825
0.4868501713573793
0.472642762119582
3.99997706096887
1.8184145556489895
-0.43179196784070006
2.4246534355308684
0.019676461185061677
-0.35826546763009215
-0.4128899657397784
-0.34748254016398245
0.5242553214696563
0.600306233895896
-0.32084653199212165
0.05516652378290208
-1.609667465885086
-3.1303059144192558
-0.9077530965442003
-1.1316484178912665
-1.4584181777358944
0.18616519353887945
0.056350185562744536
0.5999721189238865
-0.5376948638052667
0.14284178581791288
1.2355517052486458
-0.30210007158642055
-0.6880951557911397
-2.164526489945957
0.1837924841267136
1.823733226902848
-0.7343475453920788
-0.3113584869980935
-2.760398434594488
-0.7483752187748385
1.0058294943446204
-3.3237863463042463
-1.1076662927093481
-7.478191727531726
0.3371663147088705
0.0013086384923880715
-2.6556214452581877
-1.6110609765677093
-0.7224958116211949
1.5247506249466984
1.2026878160333805
3.1454933960448472
-1.9785527899729798
2.2595988794118993
4.683980127428886
-1.3868482308251688
-1.4901421279983178
1.4088497984941886
-3.2794484548581377
-2.239159844799484
3.263103714138176
0.007658674703523835
4.609431591500899
-1.446722085982452
-1.216037476938291
3.2248053547932574
0.7157899424476611
-3.0870952453170033
-9.888658799557675
-3.2101494360550333
-0.6480782443569159
-3.2972561884518026
-3.279774171689362
-1.4865598821869772
0.4768466656933074
-1.5563921193642725
0.20456896936468458
-1.2927982782059293
-1.171987026940363
-1.012397119204882
-0.6610884463104968
-2.717488377622923
-0.7252814895753362
-1.3191208968044386
-0.6691554221391967
1.514164166586052
-1.4141189310679363
3.5037348081345576
-1.0560513238993743
1.1365947931127052
0.08706322676863809
-0.012554519076445746
-1.049278236359654
0.24257272997489485
-0.5827063193221593
1.2832618406344916
-0.28381987600844216
-0.3643646783724169
1.0996847950160036
-0.5401799105583384
0.4236897298322307
-1.3765294841355455
-0.2427875048796509
0.3776194905147274
-1.0930021328311086
1.5582528700374185
-0.6333270406266828
1.3137953562918516
-0.990363893329798
-1.333362087713757
0.06569417504569894
-0.39813215085468123
-0.49458364387711784
-1.6411032395110299
0.7559723592819402
-1.3907320367806093
-0.7853781602822736
0.1885958952510844
0.9383483112023377
-0.5519544206486219
-0.6003237456998963
0.8938035209589796
0.7412464624360222
-0.6133926647476812
-0.6630946704024634
-1.0052233266339625
1.925935213141883
-0.43557302270308945
-0.7958170518775912
-1.5151844735006985
-0.4656446275701304
1.786229924349223
-0.5940560665631388
-0.40404411901455584
-1.0564530587894554
1.1478486648227815
2.2698744760234186
0.7132141624326571
-0.24362194715742214
1.831403468331126
-0.8669465185281217
-2.8850929265897283
-1.894414324898079
1.9379719134096296
-2.6541778102303244
0.14906649767738175
0.4713762271026206
0.17985564496598283
-1.7295308139260344
0.44946501082102164
3.7073417772350052
1.0335439607614016
-1.8409465114748234
0.3393241247939873
2.0514505250015067
-2.5985825920754233
-0.5719245386912509
0.6652061463678196
-1.0709815867371462
-0.7599590660250586
-0.4178219933472203
1.2835444959489302
1.9212346118274197
-0.02014206790045551
2.442674630795546
2.788180948141954
0.24531534088114118
-0.6079870967662568
3.8926887873616387
-0.42912165022465465
1.3743583409118287
-1.4457118445926882
-2.0658385031667374
0.19868526095695938
-1.5470367449140277
-1.1718517575176906
0.22446083484968876
-2.625121532613463
-1.4155072642006392
-0.06124026230865157
0.1340867869063536
-0.3533986254921847
0.36438446402855734
1.7379648941666304
0.6624641148555261
1.624081052404902
-0.7273227238850047
0.10873834968137291
2.318846402627896
1.803819979239685
-1.1795305966360878
-0.09057116277703067
-0.9442738383798615
-0.725474999636367
-0.7851770146943322
2.292492280091941
-0.0446310643952148
-2.028676701676432
-0.09557775536320745
-0.5924582036540663
0.1626556577528027
-2.8759796441872396
1.2393565248458707
1.4466117943874104
-2.304023155608742
-1.6589371337754428
1.331531594205404
-1.9053230601469644
1.5732844649138806
1.4999698420451126
-0.4547914787057333
1.6501825034299185
-0.6061285934003589
0.20098350835271475
1.5717261536129723
-2.46168166491054
-3.74483907238658
1.9352380183452946
1.4156652871594353
1.4449461417590177
-1.7340305001632086
0.982352660852817
-0.9785806881779002
-2.155834956599274
0.321747834292593
-0.663758538953588
-1.9744713580699662
0.11751420148248741
-2.6422090548108628
0.6943221878491349
2.3869680994332625
-4.278935285211388
-3.2850151935996745
1.87846707144987
0.5441444351063809
1.5137859285995794
0.6925498009616912
-0.24756482463513313
2.573228262401618
0.039112277378872774
0.7758711521986266
0.9629129728525947
3.946898997228651
-2.4171652834973676
-1.7784115101988254
0.06406901616898573
-3.0667458638429754
-0.8553125010187274
0.7510859152455603
0.5332235485840372
-2.632992232993025
1.1614615780312867
0.41724621300042863
-0.19847807820351474
-2.4676316151886515
-0.25330113926956377
1.0159600876637225
-2.8299938090648133
-1.5557763192031364
1.4708304558529968
1.4952003727469583
-1.7307255184144004
0.25228725831698695
0.665845527472872
-2.065482880894831
-0.18691020197035466
-1.0555365458922041
1.8716496541136414
0.5294031574529703
1.4348152289293028
3.6273846220519035
0.27904257673520294
-0.05627515565267226
1.2172514147654683
-2.555769938217965
1.4214368061193234
0.5437167785094997
0.7095573884787068
2.7931992709896245
-3.0861114897553032
-0.8577356889332031
1.1944336899295547
1.4958752811906502
-0.07721321404752983
0.8787827426115556
-1.566785156930845
-1.7502172057157745
-3.366871703621922
-1.2279260936971619
-0.43303896786209584
2.111717684256022
-2.7005141110253152
0.1866522442774984
0.8148116639827495
-0.03716314106851435
1.971451244332907
-1.562262666099699
-0.8697175025224454
-1.474839084358505
-0.15210604800270258
-1.6955542972513429
4.631605963652677E-4
1.723801207602432
1.089895526892367
-0.23356926632170183
-1.471830750852043
-1.1180932659442528
1.5016783389525776
-1.8128457025422213
-0.44225323247464565
2.144131138302924
-2.660762271680126
-0.06976473460008495
-0.643033710384047
1.3859477183520006
-2.263096028022488
0.49986782314465245
0.5711149867006696
2.290399723178538
-3.6310381068688833
-1.9042405455076938
-0.8788025430437354
1.2071163303158676
-0.340944788386065
2.1860530091692376
2.079981387994232
-1.310478272362982
-1.4378962823837
2.4403067505294724
1.3058434412240438
2.219663508781181
-0.08813195652121658
0.31789260683706577
-0.15645589859616485
-0.04885242175856481
-0.9630853473423459
1.1833337050998676
-2.845902717749297
0.9275877943965583
-1.3393466005619208
-1.7714740756670788
0.6056716129987464
3.4874122750743486
-0.5681293413526489
-1.1401068759537254
1.177856521914665
0.40218848258917334
0.6098968018435335
1.0495467263107308
0.793702522292093
0.007244310925677828
0.7997110473112472
-0.07193007932821381
0.04897183763441346
0.23888799179957207
-0.1804424781882352
-0.3837559493823988
1.4963722408503208
1.076804699713899
-1.2674868888719244
0.07578413333681462
-0.14436119862545202
0.9106001908376385
-0.3425929135682117
-0.4434157188706268
0.8376361437327828
1.5868042597443626
0.5444855586774376
0.33156461443282
1.3867191492111797
0.20705960682297056
0.7170963364016057
2.6645436444929134E-4
-1.5329776239022064
1.815610443771465
0.5243206661154343
-0.27086316735516397
1.2128197519952062
-0.6440807955436475
-0.3025109638225978
-0.7192062873207768
-0.7376213330778407
-1.2834775263819764
0.38717617605601906
2.7930461559060182
-0.9226953097954785
1.1729618320169828
0.45382164792413054
1.3779752912996364
-1.4551861606630407
0.08656246740632145
2.04748052149901
-0.9993821445353966
-0.49576735202081557
0.8139647381474439
0.6292287781854117
-0.37412003816777334
2.4786941936855915
2.306862670833326
0.18396165629317301
0.22247135834034412
0.23503942284957113
-1.3664846369829857
-3.7070163423819253
-0.3634900818285567
0.5577027453486979
2.126603154132027
-0.9966101174563421
0.17556048162139617
-1.9070571708029145
0.4726700398218524
-0.9433598867373898
1.551270328592105
-2.1199733062137525
-1.3110629214485523
0.4963438508610852
-2.191937069003463
0.07470194440467935
-0.30529126949112145
-1.1057831679070669
-2.004012545435952
0.7306817094299329
1.2161110027895843
0.7043843187283438
-0.3065528584400749
-0.7170086049186439
0.8193563794087416
-5.07665417161824
-1.4207077659162617
-0.968187974608054
1.5751310345485905
-2.2614544441234856
-0.2053929685233859
-0.3938478683621779
3.0174202489208137
1.0155532199888293
2.2435636114247353
-2.529204866606723
-1.5794407066784695
1.994300450082546
-0.44459964242396877
0.08302068909856239
1.4223121403830818
1.5194157430523785
0.9460884765180886
-1.6821119103362265
-0.1359720362079544
2.804351645536473
0.15443171371306047
-1.1289696402186638
-1.4976738154449267
2.1549940272387986
-2.3407368339404284
1.0542076587363145
-0.12977725488001002
0.02073393699506619
0.40166813259395145
-0.055298382514483595
2.5807065915144887
2.3830404168685915
-2.5257787392746662
-0.05046964163787337
-2.0712288417759965
-0.2767320331900846
-2.472114516759513
-1.3000514549821074
-0.26040876608215774
-2.832806546786501
-0.2238580256582327
-0.23634126543876954
-0.8693352629153047
0.5481667582707895
-0.20202482857570464
-2.587364168425055
-0.14468155001825952
1.258740804702502
-2.9470675086486615
-0.662615426424697
2.1438210507460793
0.3225193821843267
-0.7066002340760639
2.0954618401611476
-1.9381674522951504
-0.6240117756766093
0.7452038857195443
-1.4326192145497196
-2.1500397792874635
-0.5958419504491602
-0.9617775376822463
-0.4026916094913473
-1.6990062132702608
1.0472606828841773
1.2580810653366676
-0.27649921195754756
-0.616032336324609
1.3804621460296211
-1.9714512728727875
1.161538498964802
1.5285383178443095
1.2927953559262673
0.5030917434961715
-0.25484641253203516
1.9317473003473082
1.2819458035289173
2.411047125789451
0.45448405561146066
-0.013543687225757904
1.0908510553754287
2.4748485581993553
0.8632554317808172
1.2559500493296571
2.1783040591055274
-2.5048827928091004
-0.39726206015860577
0.20925863048010424
0.365505253966456
-0.12087533504998811
0.5045196286262952
-0.612313624673009
-1.36114023875865
-1.1571671918286812
-0.34824632747740575
0.5048389612752489
1.4711324747694081
-0.45987373361443185
-2.3305880236408116
0.21551823288691585
2.531924722814008
0.7333691419934164
-1.0604572143062103
0.2585861067182741
2.120846389616401
-0.5816252949210132
2.0258284053413473
-0.2006642215100191
-1.566252333351217
0.312033766920068
1.3726023297958694
0.19062996890810252
0.02803407156555834
0.4236765963225505
-0.2161778545579757
1.6623965640701726
-4.9140703565645545
2.0601793907493273
-1.293217599772738
-1.24810335237015
0.05641341046108357
-2.037131289182349
-0.3982287929097421
0.5654853193051754
1.777166979306196
1.1982850497429032
-0.31238711405725983
1.0246032663333697
0.8071389460995425
1.887723985698246
-2.1813449091145323
-0.33188135957845705
-1.2336455079480617
0.6232304728698157
2.5642446962013157
0.6027190994166687
1.1151379063512514
-1.378763139194566
0.5266964637699991
-1.133311512927316
0.22431465951780116
-0.8263194761287671
-1.2965425763586238
0.39190725387090214
0.37928709953995393
1.1162229388712543
-1.519749654088272
0.11111234144881989
-0.34718964788164924
0.5527977489544444
-0.1639500858070664
-0.41400993310195233
0.6848154911866882
-0.9185112939972425
-1.3716568347275586
0.1911413176924568
0.047132015791064956
-1.3906206938270305
0.6900018629386205
2.886780612685616
-0.18695960427092875
0.16238963161836567
-2.19493714468752
1.1026834761165087
-0.2044359903491102
-1.2477890465664732
-1.6451579740621822
-2.589333232348081
-0.2819983324219644
0.17500008338960163
-0.042303047384341236
-0.2503258915968221
1.0933244052512543
-0.11607476337703934
3.062405826219209
1.3027048171392563
0.09081233176647492
1.8538645017172284
-2.7381374274098436
-1.8850248148299815
-1.0782047948923539
-1.6415321562547631
-2.6267708016391014
-0.5182236974051526
0.16932988667868482
-0.8089705357469179
0.3366396174858917
2.053013656901806
2.0248214259523234
-0.7823920717066373
-1.1244262834394942
-1.5816251669958448
-2.205600062794932
-1.910970831113726
-1.2340121110994893
-0.5803462805093241
0.2797057965555756
-0.692612810382343
0.23997719250245947
-0.7325390038362608
-1.1640362957991792
-0.09087606211645564
0.338265835194412
-0.5138516915412562
-0.4424775120211219
0.1740868341638569
0.25431918787512414
1.1670822381006123
-0.19272530696008416
0.01561433138303345
-2.874888057901331
-1.646316073130195
0.475881105071443
1.8762456425337561
1.1039041596094337
0.012380597415827097
-2.5232199702074563
-2.1947873127504245
0.2680217458564749
-0.505312871970227
0.7334078257092868
1.2987227788462608
-0.5455651885609655
-1.5367054827397861
0.6828442577470607
0.016843241840882876
-0.9722604475027233
-0.6229431689802065
0.010981079370626319
-1.6009545288077884
-0.2684941537114258
0.9288299081770968
0.5636465237278786
2.1356288372281016
0.6554710451161834
1.5028000707845208
0.5574188239524297
2.32493625127277
0.8536380319434761
1.5306705661679503
-0.8634116306373149
0.323038077509848
-0.22072141555232752
1.4204181978636254
0.22344812721346097
-1.4412612640049394
1.8869859192982037
-0.9918424933614375
1.7025164555390466
-0.11330869826135771
2.3299364960680893
-0.8100681411896209
0.5855661714106956
-1.0455738168253519
2.5996936097538224
-1.5204269440021847
0.0200240381523803
0.15089171277683863
2.9779485922419178
-0.21661887916741074
-3.8844570392523234
-0.6448703704120394
-1.6892803144850645
1.030482345194751
1.3280378756530604
1.4943163335341867
-2.084854016647496
-0.955953126049939
0.40121570901540565
-0.7594193805635042
-0.1088499347908704
-0.4204211670583994
4.458571277260745
-2.1064978932920315
0.6888641690776669
0.3897364622505952
0.14433624773130704
-1.1690529679301334
-0.213515703517759
-3.834832386766469
-0.6982083927546225
-0.6789670313137148
1.4763478481498984
-1.9682277571334037
0.9638731073638468
1.8207769451256821
-4.544775317257016
4.570697489878671
-0.5120336734193724
0.13715519460731243
-1.569364009028824
-0.5746454417619987
-0.9848922523015112
-1.2580436661212164
0.23736941119377988
-3.667348612335594
5.935824241280791
-2.368772797201726
-0.8411869442461455
-1.529381061495772
0.7544911055445055
-0.27182903813709225
6.5225532469094265
2.0558189218708707
-1.8176660500151225
-0.4840874803406575
3.8083715459141265
2.7135565075079158
-2.3151386271636123
-2.1000053074773612
0.4179697019920494
-4.229615715047373
-4.517953849558906
-1.602528563589026
-1.6048982003584547
0.9866153613941715
-0.3749644528000604
2.0374861834388858
2.054069359478121
3.0339594783805985
-0.6666503986091763
0.7122903284967567
1.0780902983011078
1.3676438790928107
-2.3769357846988437
1.3757639479025143
-0.4351468123853607
1.5852735190574712
1.5405211736839441
0.6246309884182762
-0.7754818776771205
-0.030044933110193493
-0.7532392281310806
-4.3295113961662395
-1.1132801361463787
5.664770052839532
4.806660083228124
2.394887381722648
-2.479696503898338
2.8876898001204268
0.25271952287636373
-0.2764886538881699
0.7886086100986159
-0.4072758879776579
-7.684636164030135
1.1527258336981192
-0.14517284599411268
6.0251320090375335
-0.443745814239766
-2.963797511202663
0.6139952747584785
3.344758383380233
0.6380512675053515
-1.568056930157636
3.6572050487053254
-0.5322554032127446
-6.692822758999208
0.32587920866079684
0.3837546299810723
-3.7803776144618086
2.315870159352191
0.5050764650072063
-0.4222655551084337
-0.905753296474886
1.3689559047898467
-1.2680122717724929
3.2219677945605554
0.12230558766779384
2.6822830714463968
0.5489466613265355
-0.5112159893540874
1.5881170108716105
-0.222766822440109
-0.1521759915666442
-1.5998200644100307
-4.988132804953036
2.9688442791108582
0.36096583988552583
-0.5137352843862946
3.416147705326593
-0.6765150557718091
0.18598469068781795
-2.950446736916903
1.3449898233228528
-1.2577064554071766
0.5918410576895226
-0.8970472046669383
0.8959621287253988
2.770939464057327
-0.6375925074495349
1.6444165919884006
2.921701053725977
1.1013439443950785
-1.0698105796726665
0.2526246403464297
-1.9676877898248615
-1.348765873885843
1.923646129894667
5.528849342150478
-3.0202710964866464
4.229828403834189
0.9529918768952007
-1.2273293548147688
-2.038451444515507
-1.7189755536087172
-2.3615184192770418
0.494333454756085
-2.06663438007193
-3.89852578643417
-0.4653021461269393
-2.8864327311325373
5.739926555218906
0.9778367975335917
-1.4719552717195428
0.6515923305057935
-1.1633034206533315
1.2845872551882775
1.6238215512866832
0.6817793793528012
0.008407495784547985
-1.3481328942563107
-1.929516289133545
0.15172214758286987
1.8043724747910481
-0.4049686047644695
1.101877106901642
-0.7238372882051501
0.834795478462079
-0.48440924926549217
-0.2121651382619083
-1.5414029741199722
-2.094336443417737
-6.918361711067246
1.8996667779827185
-0.41373155209271784
2.644403795018594
-1.0655939235579264
-0.7527071626077155
3.2554392628359214
-3.9993224784519237
0.9428842484070213
0.8515075868298936
1.7332004690982492
1.671639969153313
-0.2608058210840599
-1.3199214665497554
1.0674370137655156
-1.2233934703938012
0.0028364703072065213
0.4247940514289197
0.7912749710179076
0.32949660464810093
4.161994950986379
1.389840730805817
3.688528141171884
-4.398977390579299
-1.052661371071091
2.2655333153642174
0.10581097161599638
0.030977806117449845
0.3080810822802819
2.8756433162923387
-0.684448440093584
-3.1958538116745583
2.235404467784282
3.4286207229749364
-2.9494904953961987
-0.46229160713823425
1.8042775499627834
-2.3749179186384883
-4.038645955769383
-2.731569748991701
1.6353120691180114
-1.5733919772653282
1.4124744295136598
2.69388564423446
-0.1333259000055818
-4.288066579763778
-0.6907751879073508
0.3697562219361858
0.9135225897638298
3.123234768428859
-2.167760576572805
1.847496755835506
-4.617341788151821
-0.49897728709865824
2.808401622414808
-0.6680750099596384
-0.11910773223237961
-0.6273515410630767
1.4188443513759277
-0.5241456817302087
-1.820625939418262
1.977090669976091
1.4685474505606753
0.8216528667852818
3.458377506118836
1.4791153931857721
5.354965734034306
-4.215234326760279
-2.8428805622026836
-2.621526006971074
-1.6452970138402125
-1.570354412813854
0.28998854787031253
1.873658983902023
-2.7704141223888685
4.684258195495866
0.9561727112961267
5.557229281882937
-0.6213955962844859
-2.3660933517639706
0.33105175970662754
-0.3908433819491634
-1.4234065665595979
1.0452360752392207
-1.1457001746138404
0.1940959151434685
0.66695525525659
-0.22334559141733315
-1.4793122324956223
-0.6379071436173522
1.7455361636481774
-0.9950931601347267
-1.4083194850929326
0.6401219521108867
-1.9310190059755394
0.5721721412134547
0.871576139593872
0.6217867825510577
0.860638147517764
-1.2751380535396188
-0.8194125442317357
-0.7729293350913243
-0.06270374921142144
-2.0513663770946646
-0.30822367144290513
-0.11853534205882903
0.5247681664884383
1.7957369107026024
0.3555962269112562
-1.6461166386886885
0.12482536812148039
0.2249345182374811
0.17850650333631896
-1.2152079364228154
1.4113546823228034
1.5341204733154077
0.24423275161977223
-0.4369268161032716
-1.3642891574868123
0.7496849697956925
0.473647280981343
-1.1709952694152579
-0.5875718684039386
-0.32191885939751747
0.9918444128578181
-0.805582120678469
-1.4973516903607582
-0.2741678776559361
-1.5226410219420463
-0.6024671275357285
-0.9988697295296889
-1.2187395192804542
-0.35230166511227645
1.2523769636657216
-1.7864612339923243
0.2199669162514272
-1.7881558672688167
-0.6016257723173499
-2.4754187135285
-0.8912901600007712
-1.2085723389227334
-0.6038923174841913
-2.6188377537788283
-2.7574741836055963
-1.1329040002600017
-1.7997763766816717
-1.4134959314106263
0.2573252859727172
-0.8795083505872785
-0.20518059674313413
-3.415005709669474
4.826206135929104
-0.5575582445992618
-1.8814926085273258
0.29094501201631295
-1.226526338994844
-0.665044289370777
-1.921750415835813
-0.04310871958691698
0.6713037791803956
1.795423098426843
-3.6738570570010367
0.39330059075460994
-0.597400616210707
0.8686576348849007
1.6596854932866247
2.6722502508855115
4.905818214521717
0.05634930362410193
-1.1878155444803171
-1.8640720518897094
-4.14104257244086
-0.22471267318068042
2.0892612287968766
-3.0015238356674523
1.6515999575937783
-2.155333000643277
-2.3073723343812405
-1.8079483267169545
-0.3641543908439366
1.9834336013557532
-0.0033610683937256116
-1.5369401199462394
-4.602358704475974
4.299505701416982
-1.3314870168023833
-1.00075212684597
-0.9179829086174208
-0.6392378408045762
-1.2929671489909438
-0.6350853897364322
-0.34222229845848273
0.02751291667631563
0.31348228780358756
1.24658825821587
5.445280052833001
1.9078653268913743
0.9666326631823556
-1.8748920338014947
-2.3952194731890772
0.9221488118138274
0.2227731752487881
-0.8936942707393127
1.1898069193757288
-0.7308899780594705
-1.5339416946541686
-0.12835466579967722
-1.1045674178631284
1.0843607106854565
-0.7385702407191753
0.3885684729964434
-0.42509280719058157
-0.6922394903850457
1.8649623293619453
-1.1890719413344177
-1.5741977012501447
0.9975349133258652
-2.1189829903762933
-0.814248195422841
-0.9287337262198784
-0.23418701096691474
-0.6715425725179743
-0.39231736930403677
-0.004114400943556214
-0.09570286048429348
-0.2793991132585028
-1.6541825313682985
-1.0917409067267592
-0.8810868322970598
-0.49647761395618456
-0.9781221240862639
-0.7719688937107841
-2.380618366066868
0.246246653438189
-0.09062063009062235
-1.1611683987258576
0.6727195219446751
1.5953296176767717
-6.350438009906801
-4.216600432891738
3.5379567751783325
-7.223824235815943
3.8808140991386613
0.6233419922267078
-2.6315387850565095
3.582084954678686
1.6266521507371565
-2.99232966593965
3.1889965258365667
3.3443788623565616
-5.3687298037946745
-4.268596853141976
3.115303601715131
-6.541651559164464
1.3931417653078235
6.235415110045632
-0.9657752775051457
-0.025656183225780286
-1.8934950829026995
2.880466871597292
5.423596424563833
2.671396649223629
-0.9591795020539043
-1.0274945499746335
3.094618744281137
0.2704958959233913
0.021747517839337246
0.12580364041783912
2.313002912472355
-0.866827232909595
1.6316617816388013
2.86321804393405
0.6238762318356744
-2.1715700108850102
1.4909180202372534
1.8933745674975047
0.6637607361113624
0.3525271338206551
1.4821539045353347
-5.3810097446516325
0.4106960644769993
-0.3827194861121042
-1.7814463919390755
3.041142607171414
1.3760876361681866
2.029414675299388
-1.780632678628883
-1.0051330878940907
-1.0633962139062738
1.5506031934599849
1.9295295855642123
-1.20300679426181
1.6317126876929187
0.28161630350346173
-2.7365912710316125
1.0383002852507426
1.7048861520312941
-0.17660454644620874
-0.16720321051212653
-2.0898373119049833
-0.3917958234463279
0.8143020885599671
0.5161280429452706
-1.5383895945942332
-1.6466945682774001
-0.35495866613095933
0.4853828637660743
-1.8365770235145888
-0.5690103371874695
-1.5747733623287776
-4.392711090755252
-1.3854291921471713
-0.7332297494293971
-0.5971415053288706
-0.9354291847737807
0.058447234607835255
0.025465312389285268
2.0609316850066683
