-3.6880497327808834
-13.704737859740442
0.07798256061047815
2.486937168236504
4.593832515728932
-0.18118950639707765
-0.09605338628443574
-10.154997463594249
-1.6106576475724523
-1.7691143511463456
-2.6976892331494575
4.216023639812313
1.4543050057539992
-1.5171980852271625
1.8286254804439817
3.142421897335267
-1.0331056834303485
3.1147878039343673
-0.05243958662526388
1.3419764434002228
0.4524545577087813
-1.6802417218746333
0.4624699161196309
-0.7956951851810424
-0.970853216720268
-1.9285594504972443
-13.054108118541892
2.4379687758142334
0.7557464804275952
4.203245660135886
1.6560973539032366
-7.163316717892619
3.7995185334355526
6.683241865358404
0.18873876225529798
-5.112076772871282
-0.9190458578602528
4.431017037976993
-7.280458494257975
-2.6196161174726726
12.197275026987427
-3.3400284001677676
3.969360709000444
-3.108148793490216
-2.648407988962114
13.891027574132353
-3.964011411255512
-3.9295320230749464
3.628806236458013
-1.7351966802758405
-3.6721319158376753
-4.754441109509454
6.235039645081337
1.1930833747497678
1.8521386928210017
-2.808667776162077
4.757906873133342
6.266540762623453
10.191832398263438
-5.64264301467512
-1.8287911065942277
-13.529676647057093
0.1188689396235422
6.587180248439735
0.08442126233204632
0.23069176066768857
2.6421491502028345
0.07936303530659113
1.2920391181430888
-1.814925627240256
0.22686609936272986
1.3202200094435173
0.6802003472909653
-0.6065216922818175
2.1567092939872574
0.9710800581069085
1.3060510635688625
1.2188529233455054
1.0530212306443287
-1.0524777672665686
0.7228550506692194
1.266187428545652
-0.31794433622164775
0.2897237478229048
1.6795185174041747
2.5260566091820293
2.7064040956782494
1.5499327451366305
1.1452293498767439
0.35165596524814763
-0.09479082081559775
-0.2655499893021706
0.6594963205097197
-0.10294220324307683
-0.052593118481472696
-1.0428270260508008
-8.73571075290089
-9.48715586270004
-0.32919273981424135
-4.88674216858196
2.702729981992645
-12.402364354360104
5.977273699439627
-4.399631415300931
-0.42083112586372173
7.252433248530043
-2.816417005536603
1.1878866310509177
6.984878377986678
-3.1706716073958954
7.39418777671637
2.8428516630123886
-0.20956441055380948
-6.318872914953363
5.415108137735128
-14.886746039103622
-6.288436940436753
-7.334145046212349
-14.813973018496105
2.843583412079334
0.08695154653856295
-1.412168557868766
-1.752612372899936
4.730585170931759
0.32890364053848065
-10.095398180906212
9.674575425421885
-2.304858354950028
-1.9964024774111753
0.48097640835898675
0.040438390189410124
-11.244596006077995
0.9055096082647984
-2.9948183926152088
4.964709436404282
0.9105626930824418
-9.744662364791798
-0.6619717906388359
0.5642817629455645
-2.317613342152218
-5.992256103128427
-14.54245989008915
-2.2764275047774403
-0.8262657312956854
-0.5413187389828825
-0.42297487650784693
0.8932976924592668
-5.781322127907786
-3.7892075436536055
2.211328024018371
11.864065214225333
3.046875650015564
-4.186709022563205
-2.685613562222909
2.818781428418265
3.6028939014906913
4.096144449661747
1.9814798401275713
-6.053496048292304
1.3033622870124866
-2.9641329550696125
-0.997607455241435
14.00291208699635
4.315214795833413
-2.1262182445816067
-3.333337434630117
-3.3097341808965264
-3.4992091608399503
3.407927000056204
3.7208187450980215
-2.181019722745169
-3.192159776283921
-6.429058151460451
-5.109031023306606
11.909529500799335
0.15766021163326122
0.2765803671513663
-8.344658084619502
3.247404761883083
6.9921353535616655
11.482063002689612
-8.804728710057693
-9.99364979638536
-0.18478267538921847
2.2350983095587607
-2.3663732698360085
-12.705255063148053
-2.558409352423056
-9.274017017076856
1.2765758676321466
-8.77864872380028
-0.7442065556349989
1.8216245982875883
0.209708037483716
1.767130521513993
-2.3552233265726255
2.5709419086594427
1.9810249737888361
3.39336755054366
4.730358224789591
-9.947465595393794
-2.9320050092651417
-0.08364353797601473
-0.5494247634936967
-1.6904493228442135
-6.0561928590898075
-13.990676768060277
-1.6210896111051845
-2.574390803601011
5.30256347174526
1.5043526898032642
0.3279373522566428
-0.3174163031261141
-2.5701246082188445
4.761391558551411
6.8246615139631235
-1.531852978334211
-5.664303845307919
2.183742925688552
3.232322686277295
-0.11181628812641525
4.344583838903387
-16.249519738518
-1.644176577202742
11.74471309333769
6.173656832906132
-7.48391024358103
-8.847883835684378
-6.170852341502715
12.529970090101425
-1.9286484529901362
8.04838886375264
1.976327413142421
-2.178501254622693
2.1981316067717045
-6.143096821099134
-0.9212459136968102
5.883365370215555
-2.152167863441934
-9.558951758396102
-0.36447026337426236
-2.7308503620566866
-4.276742365470579
3.201969680046785
3.332802781827066
-12.995903064408063
4.588163806668425
0.12142332103430775
-3.1422700152600327
-5.398305970332828
1.563336141285035
-2.3900799349675905
5.095255044869647
-6.396037346066778
-1.7951410289740974
7.004479040061345
-0.26032564012001597
-1.3441317606254646
-1.08126251605684
-0.9749563103029348
-0.020305503087307553
-0.39666653255543355
-1.6391341608012324
0.37367367242746613
0.6462904193324399
-0.5757925717345261
-1.4963800383867356
-0.5443250459764742
-0.9551473768846334
-1.8900807197948861
-0.8519248479824695
2.3605076960988027
-1.0740846222400604
1.3328913156299431
-2.9717065382906585
-0.34607624281999655
-1.9170188859243313
1.4139963458284028
-0.4908300976997371
-0.5199085865512261
-2.070548083783859
-0.06266600326857763
-2.8267922174125606
-0.860624170779742
-0.6211639147121223
-0.03263728147414919
-0.4410432478382979
0.47305516116318963
-1.7795696372257346
-2.6005687038833436
10.069758104313102
-9.662632858602276
-3.891809605244727
2.7486413472498987
-3.339591044484264
-1.8416684212850296
5.830744757205813
-0.0829969283286805
2.781868366838335
-3.9702874570704663
-12.434408632811646
0.00881333135882237
6.241157521139703
1.0176999746027133
1.7234385952799036
-9.527130614283088
3.094970092247169
1.0815206268884099
16.107318791071886
-6.38360015967684
3.6269984344166506
4.784907865997961
-0.15545285490896338
3.455093351707039
-0.20682935749000697
3.017738578853062
-10.75646508725717
-2.8359257538503937
-6.593307412006514
0.7679882085520465
3.011858825791366
6.115976817484968
0.3646119948679761
9.953359356900801
-0.5659427003807405
1.2021694413558088
2.8502801904666515
10.844658442515364
-7.941546867383614
1.8127584724972474
0.7422855795086805
0.48107403306834456
2.872566180967668
-1.3595946979136142
-6.415863567815965
-0.9819413273885893
0.013426529726570612
2.429603419063634
0.38120068829575166
-1.6755029872019012
-5.066701488362718
-4.195925950138092
-7.379976349712107
0.41552662069156954
-3.0945671742258876
-3.385194774051133
-18.670609525442597
1.9046649204538109
4.372213056365423
-5.783866002045611
4.007667650989954
0.41696983692417006
6.077563108671328
7.972594634034893
5.925168691683666
8.587384313749313
-5.533123245067036
-5.731186329932897
-5.994017631592194
2.5925397835931503
1.7806547180122936
-2.026415283803577
0.23819980595296203
-1.361283221743262
-2.612003963415221
2.042445213831682
-4.860494661598216
1.0819569865949228
-0.7378653248952756
-0.8689189438461119
1.1454392053211608
1.7815203869554679
4.469105766654108
6.504288730828997
-8.241012867271102
1.816419099873853
4.463390079446542
4.790129679497286
-19.151277719884717
1.474358573729973
-5.255628778076033
-5.963269397385338
-5.290614223524934
-4.068680662417105
1.119686547392104
7.246549756488862
-4.9295381098039455
-2.8678778883500415
-2.4575542066089104
1.0229286065948553
-8.766656364062142
0.7072407991944643
0.2950264085823087
0.2693562185827936
1.2967037627082145
-1.5515202713736933
-1.7686672882525973
-5.560587333493992
8.03520717165228
2.5520444701522993
1.4438683834846613
-6.044369119582086
1.4050026709600367
2.861183817462131
8.003924262789468
4.661516741239361
-8.231299826188597
3.2250025247245713
6.366701891306688
5.698590221639642
-9.518494426834732
0.3431292559978074
-12.639418692086998
-5.791710576891322
-10.88324938308316
-4.058023770158113
0.42243258304628567
0.13055156564409487
-0.29913629416842724
2.0557766021486295
0.10743987004682548
-0.6136130032437987
0.9137507535621398
0.48397112785348123
1.0348437110926203
-0.05255990050426237
-1.0783683021166892
-0.3871299942971233
1.3058090412334036
-0.1704071249324083
0.6060997170035476
0.2773416346224275
0.8502501562921635
1.0076097241009658
2.2300565926095355
1.5276452631628463
2.217194563354833
0.5413915061303979
1.9059696693859134
-0.6975698547828314
0.6821852448804163
-1.5229913427444153
-0.14562898388811393
0.08958451777859014
0.381862739288813
-0.8886522919129054
0.4803882010703853
0.17319649754920236
-10.358162753628028
9.476291213720588
-9.051870991951192
-3.7161201036177687
0.785112987252191
-12.416213215449188
-2.3933401555486564
-4.423192754741553
0.7525965022558142
1.5338361641089684
1.483899993907228
1.6082121027386624
3.0781425996987872
-3.200969572101445
5.223246321755163
2.8483509713576165
1.0605751943625485
-2.1182077193566857
-2.066256998485235
-3.3677167384535864
-5.975942437083171
16.727237604868375
2.6931604262639315
-4.629117758951539
4.28211392679547
8.90111058331405
9.071718352710006
-1.4655165984577059
-5.106793615184927
2.128415046812999
-6.734273569727182
-1.0901523279092804
5.373552296127891
-8.824463798470225
-8.886635249629737
-3.2745924684168326
-1.2435209920965362
9.069524724736793
-3.6792930062560245
-1.8044287770672902
-4.292790028669518
-0.08996587845653664
-2.8460870443239417
3.228154753865019
4.600042462864522
-4.0412881783846455
15.907428947721963
-0.45099108398696053
-0.3052311446840854
1.0095177664859551
-3.2158326793063963
1.3206145669815277
2.5947264419130778
-2.9619422465143956
2.492181389530818
-4.983340300728074
-2.567742279804046
-2.3391590824649926
-15.53503420972958
-2.7837845210741756
5.7613843305052574
2.702267349171596
5.010079120914054
0.01367072474235065
0.1639582520242024
-2.107267059844622
0.057379571458150036
7.397778515471167
-2.5417121800184272
2.5964851895284777
3.54281684061135
-6.494547178138684
-0.38994184616171196
2.54633077165968
3.0172293180788428
1.6130365858163453
0.6702855326967856
-0.4019210987262824
-2.6977927044813645
-1.9394851806739577
9.311530873676078
-1.2041463083763062
-0.20818711731611111
4.3525638979213666
-1.96723483574557
7.048723210568558
2.7862521439853416
1.1079549029649278
-5.147511452633929
-0.02106383284454227
0.8908225631605934
-4.383259949306488
13.70228648046663
0.03643034385645993
-0.13184356139445097
-1.5548388157447106
-1.4690431336352963
-1.245638710555559
-0.20985415034413002
0.96368808223574
-7.015902332044337
0.9067012481118167
1.8757828670234862
1.3878865573152472
3.2059095784122515
0.776951367216874
-0.3270259124669363
-3.2185489313201177
-1.2092925615030123
-0.7566306214918402
-6.0874379763889666
-1.2534331593846026
-6.328696915287644
-0.26017974289249723
0.7421804118597282
1.5748926220264945
2.1751162464888445
4.482337309088669
4.719847927613178
2.869954845077235
0.7359791011375731
1.4163695384759951
1.9278614770429554
-2.375900080636036
-1.1740468305234797
-0.45885960318994107
-7.6271614427811745
-3.3257192328573946
-6.977548307248316
-7.296228757215347
0.6286841056413977
-0.11396299508533146
-4.897421028553216
2.46965130748034
0.21675288070977905
0.3194297538602063
-1.7037623109238507
-1.9484708245699534
1.3623195915200614
-1.5948442397571923
-0.617860908435602
2.263320304200768
-11.531839217849837
0.5040098723771133
7.337214006532618
0.8556620261579895
-0.8938330578338555
-1.3718381138606026
-1.8129715865137392
-16.31796954117465
-4.846705291060882
-6.016971317321276
7.2929920443147
-1.1677583148466542
-2.6377504163904835
1.7490229258698031
-2.7199491844156958
-1.0698459220242524
-1.932256005326366
2.806793620541456
1.5682347626239308
1.7437887726249648
0.8406004664559379
0.3495016401608679
-0.5574630199985172
-2.948699959919478
-2.970471179232725
-1.381096855468755
0.9013478509650299
-1.5040490616998334
1.3342531952927994
15.59840516118543
-0.5764069936544451
-0.9453919502840474
2.528029214890782
0.6768494723760591
0.6603218075563362
-0.221673171821608
-3.7217416356703863
2.1945746709063294
-1.094510184673093
0.06320265592712121
-4.628807482241186
7.562793806171994
-7.362655392309932
-0.2991153896781358
0.048388734186415476
-2.3418878935139906
0.122696929667586
-0.9060901822821096
-2.1436973850538696
-1.8645467954126136
-15.295757607365632
-4.758549447862471
-1.2388966581794623
1.2303125580557568
-0.6574015683848605
0.9907810073921766
0.34349266361376457
-0.0856588167576776
3.2871861695408784
-1.4496871109849423
1.6752464661590556
14.926266931904888
1.1509267720911691
-0.2533870986365392
-2.837110961934714
0.7912269710625981
1.3738147720028702
0.7715052432676482
-3.5191773688844266
0.5022170551256997
0.8965096099215828
-5.81162982686912
1.985063962594839
-2.6699706706018467
2.466210843327564
-1.8557098500648002
1.0107224643178372
4.391331552489307
5.101695796931152
-1.9028748341562363
-1.8580234314836073
-1.4776132987137494
-4.5509322948546505
3.757458190150615
0.6429333993662448
-0.00915152260505151
-2.787838149574458
-4.338428131165298
-0.8120649405956706
0.9155096724123598
7.331004639665474
-0.8388951724065942
-4.771099541861803
5.613151920389745
0.8189540873548518
-4.678301770473705
5.905882142979515
-1.3478802557962553
4.188193092828193
1.1488642360465404
1.4440466590540528
2.7120414048542685
0.12027101385930465
4.2486224612466525
-4.297482078173981
-1.2563429458419273
-5.465954225547672
-0.6803910940603288
-0.9873107919394042
-4.315949819434701
7.451358260860982
-0.49570096344555625
-1.25672335425991
-0.7124841327140435
2.980306545138406
-1.1244557815427831
1.0813087132589656
-1.7328922439998828
1.0022351447865199
-1.4025154675566889
-0.04945518960088513
-1.4902896749728667
-0.11462194561085347
-1.0466726406634734
0.4861895732978664
-1.9838266568266822
-0.3232200213972189
1.7254353376527247
-0.12736284556568794
-1.4086945164293474
-0.27032860379595114
-0.9321800512472103
0.577922862516332
-1.340589240643783
0.1400610588199875
-1.520288704480021
0.4622918428498981
-0.40041872343641927
-3.7139990815145016
0.48560571722278656
0.2518066568742407
0.0995033223398536
-1.2959886329667656
-0.11221993646024732
-0.2762085775771591
0.19304714784373087
1.3412407854251227
-4.338185772115118E-4
-0.5961202911141947
-0.29383329299743205
-1.7916128750092817
1.9776818659475406
-1.1799972794933544
0.5319180995070092
0.3562539585452527
0.4732191897497358
1.1917555684571046
-3.8394981644005357
-0.0495630866363775
-0.22591926606570834
1.1268348213394037
0.37325160890358466
-7.83633126197045
0.36537842621868594
3.90299074678328
0.30166460774386433
1.49653613868435
0.5094265386840913
11.183086033932268
-0.7339707850750984
7.23372315583922
-0.03917843437148585
2.53171760253419
1.8025613410766326
1.2609082493970196
-0.4296373460204955
-3.209213013929398
-4.1459686102620665
-10.850538175552128
-1.4204611860803145
-1.0357132568968443
-2.2800461684626154
-6.821440178791064
1.3493039606724127
3.5447445347993223
1.9334367213983377
0.8761431914152863
1.1374590515342364
-0.788649807196911
-7.785652848451801
-1.1108462480566546
-0.8692524450293408
0.3476841051083828
-0.24331478416196753
13.741638798531438
-0.26576797036186456
0.06734637763781735
-2.5673785868742365
-0.3600366666204706
-0.1737529105613374
-1.200935114423504
-5.6767509080231155
2.725945475041125
-1.391366003861532
-8.983904967195809
-1.477428169269716
2.0608522788710606
-0.8630403853350218
-0.8773069658436811
8.592650169568445
16.03008408214661
4.242864806150292
0.6265407719017662
1.1887643273495592
2.496665771382401
-0.4242023333150317
0.3434841482353315
0.4537061544714346
-2.380935411259049
0.7890339073464357
-3.8741599481077573
3.1544729314799915
-0.9112890564708134
-5.534923523962461
-0.5057233406284137
0.7021629326150264
14.98543457905507
0.2006838443253882
-4.435015328912132
4.016279354245322
0.40945603373902545
1.0749211221394999
-0.8951689567165645
-4.3648514979606245
-0.8717201178789766
-2.715128177810501
-1.5927358597091155
-1.1932229369552108
6.736704918824436
0.6707288542697419
-0.32352222459244995
3.4655377236131852
-11.661639726940116
6.375303884610547
0.34491977693437287
-0.002931750192941196
-2.0854662129946306
-0.8007130331465212
-1.9535734087392875
0.18393257356460851
4.867147813127904
1.2225984639309646
-3.106419867018859
4.686354106485341
0.1181491250125468
-4.9286076032146235
11.062622115790978
0.4786789137507908
3.7644818484261826
-0.09104042361524238
2.013189514614852
1.5673494092720068
-1.2347158096683888
-0.5205108453239871
-3.822110654291566
-0.644403392914643
-6.008055276862008
-1.3635014743957004
1.4064201738434534
-1.7903079502386348
5.673093601061016
1.0943742692814868
-0.25525130558172787
-0.15079412131360753
9.202828896484009
0.30499199494319623
-1.8812321754060468
0.6375049056872081
0.7572473637435102
0.20579377019946068
0.8176417173021535
-0.01601593448738936
-1.4882706298370592
-0.9017206184119344
0.27096022936912484
-11.107705543030098
0.43213619469366027
0.4009617162139105
-14.755769988016898
-0.2460544107169337
-11.212150839174399
-1.9513451339309633
-0.22886552017860576
-1.4141012693229738
-0.26628196447412383
-6.573556816779533
-4.5241714876028185
1.4173594471883724
-8.509641542031007
-2.0662605291751466
3.0161450377490033
1.7472118513439934
-4.622591918476648
0.019405672161524667
-0.6111471107406523
-3.0420685789423247
10.37935736864766
-2.3959426424082437
-1.632763120432583
1.0199047972658721
2.58828121530568
0.829037583396701
-2.779846344399863
-2.583151933567537
-2.9385380880832206
-0.8977076956384286
3.094614889581275
-1.536296773502115
-0.09445043764517637
2.3821270952224904
-8.53778964029586
0.09219614783069861
1.148414118920951
-0.4163704701911825
-0.47897696315129645
0.28166090266393423
-0.3425099411864806
-1.5812435876252784
0.8698617678004681
0.20578618271021357
0.5507573815189017
-0.8255955512133715
-0.6074528772029536
1.2019252897776596
-1.6589462777137978
0.3451271582348675
-0.9730222196939602
1.3844865770430375
-0.9129773962415183
0.23192088680858894
0.5108998704571034
-0.16417559037873666
-0.842360347947221
1.587548849546391
-0.6602230689640689
-1.1078191208460015
0.3164321308791514
-1.6003849418280547
-1.564626967757613
-1.6060771395545463
0.10646584587283897
-2.0470977435199633
-0.6062919133642921
-0.787068039552854
2.8411014116796043
-1.0896487905437424
3.0430822111010665
-2.643970854085218
1.970643305643217
1.3163093426339014
0.7675287070720526
1.016566618673387
-6.52449887662215
0.08819232317301628
1.0779720311954637
1.3557553112389438
2.7612234989591036
0.03190186269132973
-0.9810612868120393
-0.31386324655722075
9.404352835434432
0.8326285525631941
0.2875421691592125
0.26105510398951015
0.5982074638334646
0.7974194819701351
0.8674532686731692
1.7730689388477687
-2.1528498166745957
0.2776083064077998
1.230331159665296
-19.675218673076575
0.14403732541071154
1.3453260766698176
-14.814729419053839
-0.00223115605082286
2.2271064560427254
0.7070221251543753
1.4099321888834968
-2.8939530329081995
2.1032174086583684
-17.63288047831863
-0.5708086871643315
-4.210693672955865
0.5206962074662899
1.2072024347548906
0.7038943754056358
6.5656382577534025
-5.020116654599811
0.14593420941164545
-0.8267689442405584
0.6768406897573397
-2.639383061463485
3.7029397221339813
-0.661093368403519
-0.9342829708948552
2.3666041069112147
-0.5068250956531609
0.07272983467621966
1.4530600272745489
0.11486057951369162
-0.004333195279991428
-0.5736692142925741
-0.07383084865235715
-0.9005351717838641
-1.0764369631679052
-0.1217124939422164
2.2696082826428237
-14.618773049195832
0.09464005351549232
3.392872173510011
2.116641010789929
-0.4244250939304808
-0.2360072435013809
-0.7735673668738874
-2.2438452202023766
1.0855504929783282
-0.9880202107711205
0.9332696744149478
2.8083670259811577
-0.600140518287517
1.5927561955574585
-0.6443042177726542
-2.3820322480199194
5.385052126623431
0.9261795155009802
0.5714267719095409
-0.5327043345787263
0.9667960477722202
-2.281313635955857
0.07458622232120449
-0.5632171112320414
-0.6615608997913944
1.9797131177086729
-0.4752091677439548
4.5109568504957345
0.9808860279818584
-0.34873927644332764
-16.525736695838027
-0.1201493324846034
0.28852594987250685
-0.9711971707025696
-3.0107487443012615
-0.08162438008755918
-0.8154692597073898
-1.70180514069232
-0.839643417064101
0.5091101414353133
-0.19789981512060342
-1.1498961482447487
-1.107403425647867
-1.9427432877871644
-1.264049493052423
1.04582232695898
-1.5906387677574112
-2.362757821496735
2.6055366830010476
-0.24167919067292562
-3.6458577626157784
1.2778068445285582
-7.143484617985605
0.14628867121597391
0.7163337499243713
1.6753621134140582
-1.0986208154171182
-2.0811206684566432
2.3678077006248746
2.266904652244013
-0.08236235311800665
1.9135339832531073
2.549164542987274
-0.012979624466374361
-2.4938484147853726
-4.4021844545915005
-1.2086320967514466
3.0747063116820974
-2.0075719555371316
1.473950541995658
4.324296184963436
-0.8548514752697666
-0.4133977314215012
-4.753088037102702
0.22567572250009754
-0.7624442480676229
4.409301374265022
-2.3236168391565712
-0.5277198259114114
-0.07946419733142318
4.053077332631821
0.16234520292909382
-1.9960273439244447
-3.8871505762686542
-2.5782200012798993
0.18433644222821013
0.31568456347900437
-2.817576843276596
-0.3092873948459753
2.3241514439906683
1.7675918649129896
-1.1278670165810771
0.8160484380787595
-0.549966999992651
-4.456303392001603
-4.8375839955536675
2.8317193104801857
-2.044224352806596
1.3106419354176788
-1.583185946657464
1.4224962598431383
1.6147418226750279
-3.1705448262052736
0.04933410739349106
-0.6029439513311908
1.9093154943322965
-0.9427474577968705
-2.8420439854165607
-3.4231213211478315
-0.5176450235774048
3.8981287694831406
0.2979201709367275
1.9358777980922595
0.9103744248371028
1.2136299661951595
0.3199732905814148
-0.31930734997769533
-1.5466402777051933
1.341860155901418
-0.5509782152109821
1.9647640445332613
2.3643846449018735
0.16612274480568873
-0.4556480133347495
1.8602925943588544
1.2138175898239922
-0.17595915932759928
0.7619070778413628
-0.04174096332633824
0.8757980513544213
2.0241307758850784
-0.17379081938884977
0.8299882533739095
1.735657618346162
-0.032049234226341455
0.5986582511325669
0.6785206866268858
0.9462104446218612
0.035065851527028014
-0.04763495007539192
0.016344417484005655
0.7880125486770342
-1.021717053764738
0.10829119701106099
-0.14672526404142663
1.8957081670750455
2.3056918390598957
-1.2570897899065008
0.7246362286655771
0.9300845122604563
-1.7473167756361694
0.144511986283145
-1.6081244605194729
3.025221278896719
-3.2566555379542916
0.2578755700850859
-4.909912550542194
0.2156524832876681
-5.819476868527342
-2.641355630205535
-2.5459477054093504
2.664023559223024
3.0172674078932515
0.6733759893680064
0.6288237084811071
1.68212584096563
-2.0777886444187534
0.5808771983958818
-1.730442991684994
3.2601163348487847
2.935126173553512
0.6236889259932794
0.06517261374490134
0.6126347483963411
0.4479275082840094
0.052799170004545586
0.46591721091573424
-1.393529299891113
-0.07709631973734621
-1.1331028667248868
-0.9714435923552435
-1.1484007657998434
-1.3233431607453698
-1.6187210064491526
1.7016174651689981
-1.0168231566949513
-0.20095039586610428
-1.0368412687074324
-0.09102031407197633
0.8181787879143516
-0.4258239867220734
1.9584997556621275
0.6886889603723705
-1.798127791154594
-1.4975876203437848
-1.920271263612331
-2.425608344167158
-2.082720228280392
-1.332868185752143
-0.30674025311695824
-0.735884304644511
2.129157848968372
0.663984732408023
0.1513294957723145
-0.08385126038495286
0.2802849345796847
-2.0792653838231496
1.4575212350785274
-3.432844016201048
-1.0726328167766321
-0.9226679936071648
-0.723621456897532
-2.7264999566871726
0.7302202807372952
-0.5398138245765237
0.7453222774714956
-1.0314738701122734
0.5855656617222255
-2.333332859026705
-2.562472542185866
0.016104482005783113
0.4280472489582365
0.8867463409883577
0.23543674207404758
0.6316518899653029
-0.7426195182521609
-0.13116515597318296
0.43715776344863566
0.05630445099858028
-1.8976106499958727
0.494953277198281
2.0635986150711845
0.7724586922940263
-1.4474834975567432
-0.6628054991602136
0.8199894795712925
-0.29273142846615574
0.29209197480474286
-1.115959064185059
-1.5238429874268473
0.13303863516348258
0.7661064023813098
1.2264137045621253
0.416068083179373
2.051057617384513
-0.7022263065110659
3.1182953778335274
-0.8326086885271253
2.381782474465777
0.06999047001610662
0.5716085457480169
-0.8866857312937385
1.440774642489128
-1.9266641335586847
-2.992051831030641
1.9194355451166254
0.7264285570277706
0.5984275963819388
2.1166731503122307
-0.4231530643996785
0.4042811146679195
-1.9570803055251211
-1.522482906462977
-2.477023918344439
-0.611867115561696
4.211274027553698
4.430588000295148
-1.4584441581396224
0.6621304490359838
0.8203055877891328
1.8290317655508752
-1.256220761466094
0.9428188172767976
-5.234597812674007
0.8071612691364399
-1.1561056396464688
-2.0331428708125503
1.3687975527343699
-3.4141851247893458
1.7741334515162552
-0.011450557852657332
-1.8405126404108212
-2.4820447935762364
-2.2542007161037136
1.5469215603237427
1.254007573705608
-0.7846180715590275
0.17432305054358532
1.9292785478808496
1.9803959447734103
-0.8411396892978252
0.06500874429047841
1.1487854295505033
-2.7223246484733803
-1.8347784530184637
0.2918855849394048
0.1045148069087275
3.7904823532142835
-2.613243275552254
-1.2709084231361645
-1.0561128967227613
2.2577294147521116
-2.679674654103555
1.811080003755766
-0.32080984848869626
0.9723728019209743
-1.8193355789742054
-4.897120000502722
-1.6828579891601914
1.4313363044117453
0.25150440641678146
1.6135630209945522
-1.4784759735167237
0.7824925685349126
-1.4601084577059584
-1.1665316563467154
-0.08582266412871145
0.5013079617023742
0.6407481412179996
-3.1851541817443034
4.876684332509228
0.012155963607120695
1.225717225412378
0.9771940011714597
-1.2087181864366667
3.6231766204716886
-0.10653695720418925
-2.2746022187018107
-0.05772741153337302
-2.4083982211069985
2.449512992177907
-1.9799580689514007
-1.7363952350378602
-1.260250733561512
2.7380956185441514
-1.3786682191967234
-2.789912045549555
-4.085433439231278
1.5691359681434294
2.9665357124915825
3.323705728764096
1.4073883781240852
4.08562922638923
2.3890886580938555
-2.032266064233823
-0.4360694074576535
1.7989811331740044
0.5435626679146051
2.390173819855768
-5.18732719864962
-4.534092849310899
-0.5024532402768932
0.3021241278819371
-0.3959235889229787
1.6453671997990604
1.6371096443855908
0.45296953677069995
-1.7886568954432827
0.9890001768583859
-1.095189459511477
-0.2614283577913097
3.7898038177071767
-5.322902337159848
0.0770329508590938
-0.9407581319114272
1.650483968981727
0.41988672826275647
-0.4512970575688898
-2.892790630854844
-1.3471726016845949
1.200137992732022
0.40088825801891154
3.003580870373939
0.4099575128461012
-1.1103784371774947
4.908455265844201
-2.8483757173908195
-2.6118705050563342
-0.6896923316778867
-3.341520580910315
-1.1978034429818176
-0.13124408076213118
2.770485804590914
-0.9006255611308852
-1.0345053720514632
4.380739677303308
-0.4343101643691318
-0.14077734735909156
-1.3891068281184913
1.2057845973207693
-0.0034926639217748487
1.8120552860194665
1.3548138041632731
0.47507045623595345
-4.983531650776484
1.2897006693705881
0.08476709312841534
-2.5956385964028956
-2.526806356927931
-1.075244721738759
-0.5638631221981953
-0.17281326749375678
0.8597887040553509
0.8005913432645064
0.5659685116960476
1.014882387581739
-2.057855243474659
-0.5075805957026024
-0.023294821616056078
2.2873740160646725
0.3334587564999666
2.9688017736979004
0.7921072696503659
-5.187209062172528
-1.5461652155971757
-2.078140042199069
-2.828304578658902
-1.694906571700735
0.3619405149250027
2.728770176069124
3.003497706298105
1.8914455415720048
2.55610059256304
2.2091620744647167
-1.607165209602199
-0.4823220481887979
-4.684089607479177
0.9473268542718223
1.3542303824098536
-2.301483756067944
-4.892806747896942
0.2396752967577367
-3.3870473871302265
-0.9470936659452128
-3.6841483584620747
6.1039864799932655
1.9274579987520593
-2.0598976978070977
2.55095327217278
-2.5235437185872707
-1.344510072671959
0.6288268749894477
4.309295307570426
1.8582609823669982
-1.6503483938142982
-0.41016959161552957
-2.2078362802904103
0.5385654333336156
-0.6244284190912142
-2.572904052550657
-0.7587487008155319
-2.5209719542846836
1.5853755401070817
0.6554400912294928
-0.49911060958113285
2.4331541270327723
2.7919233290897685
-3.907593631177376
-0.11885285988552756
2.7464732243973105
-0.3457680706710136
-1.8618220502916705
1.147226504475655
0.31442266007846587
1.7541981450153503
-1.379392639961116
-3.002913063754204
-0.49044191129213827
-1.4008181054828919
0.16522688701240093
-3.276114007269207
-2.5042191447791757
-0.67906394935616
-0.8039034143696006
1.559437480229205
-3.806370985690562
0.6784428145468144
3.6738999335669584
-1.269500548203179
-1.6162466505383353
3.9715293836039685
-1.464371289120877
-3.7720661524340104
-2.3224835239069495
0.5787512381986155
1.424664247132694
-1.2963023663462416
2.0090338977891
4.111771412357718
0.6561195512552406
-3.7241937627404766
-0.05624633017480323
-1.9980890025520306
2.5805036877715968
-0.08449884785428137
-1.10034088615756
-1.6923442271250626
-1.1038074895830006
-1.143801890536468
-2.2038087667538853
2.15787974997137
-1.1305189316738484
2.706201587509409
-0.48592439979858776
0.7903681488943269
-3.015343575828349
0.5972918578222449
-2.7522813619940796
0.3925035510228381
-1.3197655507528865
1.3075949537702358
-2.3966073159566887
-1.1688483386404225
0.2048489269467589
2.337891077691842
1.1135331243878113
-4.307484571059826
1.457149952471937
0.615308204554527
-4.044877568668934
0.012476153083787668
-1.6242938543331702
-4.1168712044495495
-3.0866698351555613
1.624632650991415
-0.712930211417385
2.1310299439345064
0.07051751306870081
-1.9288174711752377
3.385634265400708
5.054848562908728
-0.41401219525835337
1.3628981478693112
-1.6484102066487416
-3.4304847509873038
-1.025089584993046
-1.1251005628895483
2.6274589026362176
-4.078978918627797
-0.29523175912164307
-2.3393468013261915
-1.0408055673213072
1.9923566437504043
-0.5537150046107547
-3.3879714663510203
-0.016897712518140016
0.0916283636129274
-0.6374681178085663
0.14763180706293183
-0.4757156907036652
0.1776783891575348
1.3923758892667097
-0.7290752674065525
1.9244900809216905
-0.7607137240127714
2.822315753457935
2.560325733848864
0.8753925476961595
-3.6684930894978156
0.7551095042679196
-1.4470144580345652
-1.8514285161862074
0.8805725053139898
0.6143715257240719
-0.7440009531654482
-0.4442297144521481
-0.06632220148249829
0.4233002693040805
0.7227588021102557
2.3752540979721295
-0.4342493333963672
-0.7961751547604684
-0.009697052568370914
0.17653908855479736
-1.7101337317862975
-1.736986152418533
8.698409660622506
-4.195442568627695
1.41129743554601
-9.713384244001723
13.078092187704536
-1.6943194320761932
2.6531394401829833
1.6538776827298947
-0.9335990914886971
-4.399961104831857
2.3904250392026514
-8.491475997652211
-2.591815785639234
-1.9451455114911878
2.858765348547098
-0.9041994290974914
0.9451627263038695
0.1289771239130933
-12.727272324718875
-2.2181788647623515
1.8229544162381393
-1.9500388589299955
3.287623344151344
2.305566816770137
-3.836097204520752
-1.9071054453154965
-5.6537397414091375
2.270766739427454
-1.486714036826814
-6.501872702687595
-1.514106943145219
0.5869589103160248
5.811526299488844
1.0297859007409418
-0.08189943130571832
-0.23528705116885004
-5.771970225072151
-1.258820877933604
-2.4381989407637814
-0.9486748717138594
-3.0027755860868734
6.106247292707257
-1.9307891166815345
-11.432141616320079
4.857071190789099
-0.7413985771533396
0.18374818604615245
-3.7611382176751196
2.309360699881311
0.8559235204218245
12.247325270941355
0.3508768419113536
3.298166711218904
2.55185525129633
-2.8622385204267786
-6.693613556680879
9.827055858417639
-4.974257795079454
7.234898839896964
0.7812758335835561
-2.004343468428094
8.417612600898742
-14.316784180938004
-0.12518885384283035
1.2502215947951059
-4.437762599888279
-1.4776839005391595
-6.386618148255297
7.220688990425007
-1.8134526070257442
1.203690808000444
2.5390043398780744
0.5841158445959466
-0.25141387172119506
-1.6726381279327467
-0.3020137030551051
-1.8116184151691745
-1.6108224874305426
-0.3301791053956495
-0.6895610785296798
-1.778336787568767
-1.823180420592784
-3.60823645804926
-1.2230971450396468
-4.035860057434316
-8.88203573310471
-0.6911700481637777
8.368037860996099
-1.1608715791506692
0.5319601609562191
-0.11744635907719486
-1.39161558836075
1.8736426242165214
0.7040754293968784
0.6282724064327974
-2.032862641662486
0.5384010512822254
1.9841817448100272
3.0291294861236473
-6.798462095155829
-9.870398414299348
2.684336416867395
-4.466210750313839
-9.605335245283385
0.921875868883991
-4.5253453423774515
-2.998653473112596
-3.2961391183388553
0.5669863080691054
-1.6231448797996288
-0.1483559828081058
6.408349219200329
-1.9588692832046162
1.071982942999688
-9.39041160843125
1.4686591790023116
-1.3453221453179616
7.146064223804986
-1.2019414423941392
5.305920584697092
-3.0057193468438355
-2.51036471246795
6.640628132966476
-2.801936648314913
-0.4791272223930348
0.1779512076692713
0.024827469388264217
-2.4452159404877416
-1.3991267774918825
-0.9353775913417249
-0.8610394064208344
9.728123437333615
2.391361791277138
0.02402024111445586
0.6518258133115084
3.8643356710145818
5.086854190625119
-1.2584761187517728
-0.13859800519607648
3.1714511402698076
-2.83520071527462
-1.316733760878507
-1.471140384760519
3.908837546239836
1.7494347586388277
1.7411027008706044
2.1702405162468237
-3.9134457045126347
-1.1428894949014015
4.207599710631871
1.2973576681481738
2.1370569941760347
-14.893236686747546
2.7602331017384496
-1.0577967154180756
-1.542186709930276
1.8373872282097667
-4.269292411770285
3.2236630328166087
6.8571305348544485
-3.2621686715974327
-0.2855957723938704
-0.4415555884318542
8.487950145289796
-4.18682349763723
-2.441605043232157
0.003970288726462439
-3.222692883900559
2.256205378962356
-2.8286209068134003
5.761472469524931
6.141024057017869
2.1782678680823335
-1.906951242386153
0.8877334388858343
-2.165580162747648
-4.178360262189501
1.8148100018513955
-15.675120325577835
-5.068212300702696
4.644051037289154
4.173236910355259
-3.0684546789800238
6.463674822990088
-3.2789655770183685
0.8388319514727208
1.4774937742021856
3.214090506602403
6.315221533699209
-1.6898016516595773
5.5233188917265785
-2.1041738922257016
-5.598114669508392
0.6370547798350386
-1.8517361145072258
8.545497309589111
-5.42690273756234
-4.549911829010715
-0.7108284025116706
-2.0926406836245075
-3.588968440394061
3.5057022317387045
-2.811813327325793
-6.138454155081309
2.750261524152333
-1.3744531211125401
-2.6577284519251063
-0.23041065679749173
3.88074416538542
-4.563708320547797
5.992208362970421
-7.445558398908142
0.2625458160867048
9.641133082682872
-2.2712134929958125
-6.947913787533235
-7.267965012506374
-3.494041426758197
-0.30469664547187725
-4.004830834053717
3.9667834590899598
2.645593970791171
-5.837112069191159
-1.327843139719444
3.6582891974655585
-3.1125385173477853
-3.924869968917049
5.277535329354446
0.917822212864321
-3.123881062158838
2.0761238931321464
6.56268622649626
0.49210650458851535
2.6965235689912803
-0.4032455275905519
-3.4815385326911974
-4.15129504801011
2.114034518887781
0.12448300107721974
-0.7998593761410474
-2.49465095396158
-10.221939804291905
9.629860473893906
-5.747087159199441
-4.679564911842724
-17.06027925136114
3.7177709475198086
6.074195538331675
3.3400925825201444
4.8397417906144224E-4
0.5107513112610315
0.14558714866807584
0.5258159997869404
-1.7696579368775305
0.2922812600305456
-0.7507861831188446
2.1972109659108265
-7.090928982128509
2.488396995049842
-7.611717691452021
18.129156820309696
-1.0837105306400223
4.361896936883342
6.810573923886195
0.2524433266016482
-5.561429657470859
3.7166996454914916
3.920559560478384
-3.6210730492622303
-1.926571007330449
-0.14764162133722447
-0.5101881074500723
3.2304471527393326
5.175313738119647
-2.52477135504369
-3.706326555968803
-2.4264423812091875
10.578280118903734
1.1846297423709058
-1.019044798213555
2.981610734819355
-1.9817418451951523
-1.0854247458608386
-2.628997954024344
-1.6298688957687166
-5.85800392043888
-7.839840796102166
0.4223733702715283
-4.519479453201456
0.44274326319125595
0.11484134244882503
-8.318409103411529
4.369632008535351
-3.546737629987671
-0.3660338118494986
3.0138989007775927
-2.4271558104149706
-3.613183904803513
1.5791990882981854
13.066332553914606
1.5918341185054572
-0.12440358972973303
0.2873800867401157
-2.0597950879217692
-0.6222214557485911
1.0112300710142366
8.533769047837762
1.5085529580120252
2.0983140015571693
-4.547164538073146
0.9045108861481067
-2.4714925903607607
9.116543052291359
0.8485925775551059
1.471663812156289
3.0924356083230355
-2.1869927210486324
2.054874968121015
-1.2359670062609687
-0.7163073613622408
-9.211901470496096
2.197516770432942
-1.00819025422312
-3.888475985702027
-2.086248642282619
4.160212444795547
0.966050216297358
-2.1857016732127965
-2.5697192286643946
-4.315592599398527
-1.2309944630834349
0.4952336838019081
-0.5349647715523209
1.8870289695384226
0.034678591706858296
9.170044374313507
0.8545897598588099
2.3990020536049803
-1.922512256271942
6.594640897430959
-11.909794006533268
2.762404061880529
-0.6097169252157543
-1.7373388755587929
-2.0132233735327145
-1.7438590333628532
-1.2875830430066038
-3.873152418784621
-0.6110642319689028
0.9453460104054059
1.0516171761594337
3.210810641255453
-3.49613569375501
-2.376382293765864
0.5222409603290576
6.897435178479117
-1.8300009840249736
1.2810429253110263
1.1011070718378195
-0.7936443441655133
-1.402693439935486
2.9629709212336883
-0.07118660525466654
3.5654852386931637
-0.8665671184033711
0.6727526290637696
-1.4362088736469591
-1.2996894481744583
-0.20275436349926423
-4.462055618374761
0.580259046331591
12.904266445013992
4.460443698340001
-4.132944093428618
-0.4368184012936889
3.3672165950944635
3.8126073750447618
-1.6892146593217008
-7.800181015948385
1.7036043442415707
-0.8771033982891794
-1.712750488944661
2.918491101957764
0.26634507140693425
-1.7256919811643185
5.554671123072003
1.8347579922227837
-8.45074417048016
-1.7671049722349204
7.470158161501828
0.9141170194087058
-8.90872918424419
1.2585343062011614
-3.774261992891182
-3.60275204432015
4.511872070019245
0.5198950355114585
-0.07607894885287701
-1.711129407261354
7.0157038989759535
1.137660906099968
2.631740569454172
-10.011348122348535
14.144286435379744
-3.963946027070835
-3.79708201727833
-2.7319344190474344
-6.536883388044171
-3.4297349003404087
1.4973702904181505
-4.369250351626217
-1.2255213178454814
-1.6851167326100491
-0.8960947811379646
4.838015009359653
-0.33095566638003515
-2.412109532898414
0.8410156576952208
-1.0271396412637017
4.306679498126885
-2.2016497958847614
-0.33959742605963933
-1.1430392064965227
-1.3557457499236512
0.08180641289956964
-2.033261126531641
-1.1837094588512194
5.524874957054549
0.05433613741679352
-0.36762585472350345
-1.9311477057953454
1.4779620511262774
-0.8782438710771566
-0.2441175960671126
-4.6939600508782995
-1.0479664378173152
-10.435657073052802
0.8820865689275915
0.6193499291563085
4.4509632201536276
0.4125005991350115
0.5200011449775561
-1.6317685927450398
-1.8154921543678333
6.51124193270961
-8.547075429154383
-1.024786946678997
-0.4149640554555729
1.1522616408690665
0.058454918058833495
0.8741171598238623
-11.098960990040224
2.4425248917679645
-3.6181282822798737
-4.783378455003737
-2.711643758915784
-0.8212946066547259
-1.7505838716332982
4.600238117236029
1.8885918869608402
-2.98355078692914
-0.3162638238910337
-1.1372947239608977
0.3935442400602328
-3.1750755552653183
-6.65694330668428
-1.5190557953910142
-1.207595911808159
-1.4824752847490508
-6.078155925849597
3.3205765523249418
12.3068774047431
-0.5776864773437845
-1.0949309924640236
4.628404248388606
0.7690401912162419
0.653605094231076
4.021980913709179
-1.1693057613782731
-3.7125444798437086
0.2158940500683868
0.5366393085325258
1.062119138985128
-1.7376826877597622
0.43470872736901695
0.3237102682063239
-0.36011590688055667
3.190759522787998
2.4248791269970305
-0.668145564414603
0.6975791102273039
2.3545567909590215
-0.4067014252462226
-1.0451724521538215
1.3430511065393818
0.06099426860127874
1.9393719870730435
-0.2637825993813457
2.183720845929084
-0.25918843312300405
0.16629493261481712
2.1352663268240146
1.2693982092138434
-2.083909292160561
-1.778006191261423
2.5636748600775245
-1.4241505289606677
1.4697909326718046
0.7191327177543302
-1.474955401659601
-0.3341285672320855
2.372610369481339
0.12833113594636386
0.37535635484524577
-1.4839919646373148
-1.2410370337535261
1.3420535731698588
-0.5905189557120227
-1.6361798380777377
-2.7536583697910304
1.5378802671066842
-2.733458617686839
-2.0830767403028028
-0.5161676296699459
-1.154972629705754
-0.4544532920546982
-1.0901992552028148
0.9381771072670996
