0.8866747293966052
0.1501309782667671
0.8197607869198035
-0.07538275765104539
0.5041701816580942
-0.06704337354599965
0.7193568673604279
2.070885914364398
3.838326548936758
-0.024371463896903686
2.420798344694864
-1.5501403622908665
-3.0968186092962515
0.21137913414572793
-3.9046392286983056
0.40519221428306723
-2.385735705088093
-1.5082018757295037
0.723281074730792
3.2426889485925843
1.3102527486548456
-0.2742988486926204
-0.7965977265802816
1.1382972666737192
-1.029194791741618
-2.078247123785321
-3.32524393481032
-1.3973016729996721
3.2201115236215445
-0.25136982923528406
-0.04836230372296036
0.4772199744404723
-1.549033923336237
-0.47559644740911433
-0.5288454173202132
2.465022434519268
-0.9411904155760361
-0.10085989378322881
-0.6091961350965704
5.825531040937654
1.0716062017787702
-0.3583406701778379
0.80034021326228
1.6628753715088118
0.296828685231627
-2.2496961205818793
1.732664003398143
0.11080161194407727
-2.187500410956926
-2.692174324653244
1.4206131435295568
2.9212222570113755
-4.182939006359574
-3.685825158510984
-0.9690586401688074
-0.8516494862585475
2.866915161417817
-0.18222422784502587
-3.0207584374518857
0.24751080036971232
-0.41436269725447605
1.8434962463703752
1.9663280721988328
-0.6987773392171209
3.1416358213434776
-0.6969415209516454
0.8902916600455473
-0.460069921258894
-1.0821855328557262
1.4589357069862496
0.9409986490368938
-3.9125710058307024
-1.2979814035012365
0.3683196494541155
1.5652362923851368
-1.7499704335402966
-1.7016289113466716
-1.217023731273029
-0.6053684133610846
-0.2555319330403077
1.5810325223900255
-2.997002023934192
2.14644245621975
0.15221824746820314
1.0260310653539715
1.1450197783425784
0.9349008966549817
1.3947671242482065
-2.3877818910607713
-0.4281332247100632
2.4888232914190223
0.23665602124515972
-1.5977013736464616
1.7698086714366923
-1.7829286325069686
1.2688231637298333
-3.2212262837501124
-3.437338869645152
-6.274488328714452
-0.9639738221690015
0.8652282582036428
2.096927679231083
0.2274963353597799
3.745137125541415
0.06858532188036284
-0.02489354703236921
-1.2924157222628316
4.492943621626723
-1.1948164134296897
0.2663366010246964
5.7808279070835535
0.746292635214286
-3.7017011402120907
-1.5083549393272655
2.996879842555338
-1.018892416492838
1.1382499658179268
-1.224499073123202
0.14545040501140216
0.6642021109177243
-1.1134726220322892
-0.22576560016319772
-3.8366788548304402
0.5399697872985855
1.6867186965220966
3.1565537113783844
-1.8394528137590558
-0.17820101961568463
-1.4838281188540994
0.2351960895062605
0.13681432261077714
0.6260731392957276
-0.7475371370435722
-0.8564464871261064
-0.5355142042712715
-1.5446155112793687
-1.6428372859150322
0.6419686656985372
1.3191248743889505
-1.9716086483542075
-0.46816927706670647
-1.7929917127511688
-0.7610797854143141
0.4954945447788585
-1.789207308160131
-2.150081632402376
1.0829599427962737
0.12137546622076986
-1.3716382492102406
-0.14367913230262733
0.4235228450575192
0.11095499056177613
0.304536026790963
1.0992046550734185
0.08551627377770914
1.5335056909789466
-0.4537516657292267
-0.6212122863578876
-1.8201209850032551
-1.767113497956625
-0.5709846222235541
-2.399706235068865
-0.6845506253930178
0.9822599363610216
4.095138256033798
-0.9652227085510484
-1.5681572685386538
-0.8172269396167554
-0.12809401317793476
0.8938131138227419
-1.8350278403681088
1.704796827368596
-1.4130758769339826
4.797688716408417
-2.63355882542115
2.021144222593837
-0.8286916314278672
2.5167508406212793
1.4320014921528892
2.158916121812929
1.2516719309605329
1.3192344263262805
-1.4264478350799765
0.04186932530481461
-0.8923821696876076
-1.9761394704484534
0.6901634086565565
0.006899516175067528
1.063349573519844
-2.8158434499043907
0.2148512440127016
0.2620106219405465
0.6686898579851466
0.7993045608052746
4.990595635983967
1.7736787667267517
1.1390841775911031
-2.2742965672927413
-2.4603181194097234
-1.2371780120149871
-0.6413186493376664
1.875635000843474
0.36100314962273766
1.0788503877443492
-1.2697547233189708
-2.5243485334025633
-1.054692282723749
-1.9990111260257604
-3.004308152032068
-3.4234035184980987
3.423508829047259
-2.6942515483720153
-0.6961233685065983
0.5573992357652531
-1.5951286341369737
0.14116416791598355
0.2779662003462549
2.5980728321415696
1.0511690109240333
4.286405211611882
2.831266612821697
3.589181644353061
-3.2705692333158334
1.4557144742675614
1.4325238757677308
1.9644957323761243
-0.1538379431013986
1.0918709146908312
4.733348031105177
3.146837690945576
0.8779497556164135
-4.175742135992389
-4.5715611338677276
0.4188939175728065
2.8699571523247847
-1.7195769200069917
-1.7782066447052003
0.9355789282844014
-2.6262570051964538
-1.3164037960106387
-1.947434353049532
2.154077462955049
0.9361018921630442
-2.667729748007166
-4.236864193508603
2.1250635243511073
3.7927901731173477
0.29170659813432137
-7.379279298698221
0.4809743405614481
1.9430942496721975
-0.8947187617414475
-1.8741488524236098
-0.8081999591516029
3.6221866493350543
2.6523987184376288
-0.6024771766243954
0.6151291303692613
-1.3058925624183522
-0.9802991015669904
-0.928998948764953
2.4540548948184715
-1.2077347522249717
-0.5675225261138319
-4.331042562041323
2.126704531337586
-1.9364574077798102
-1.5082970395289397
-0.9082397859417706
-2.896582907480233
0.4220847175205822
-0.14643323440069902
-1.4880440246435551
-1.170262546070262
-2.374914308495441
0.06584368281239829
0.9007860342362572
1.5138919952920795
5.578158366249032
-1.1346706303748313
1.8006136195017608
-3.2824972523021585
-1.5238842112084683
1.8805024751444526
-1.6060923414033883
2.585483671405319
-4.115953941182606
0.6982273406751965
0.04308045504933665
-1.3082293658317041
1.6898180604273108
4.21882610315191
-1.527163438100328
-0.685501764442949
2.423512214293227
-2.865842842668222
3.0366857165054206
0.5749974597977147
-5.020027783286732
-2.719051992706391
-1.2252190185434177
-3.319190382569329
1.68390712412405
1.0005381219731802
-1.4463217004347688
2.4948676762101467
0.21003958057494013
-0.1526158639426741
-2.4280062850765005
-0.9771304145270316
3.433230866710348
-2.7725011559001476
3.101018963972983
1.7806859034853622
-1.9818508871815406
0.13353231514341254
-1.368063493214114
-0.6961669762518513
-3.552413065963937
-0.21431392265516683
-2.8513459833530757
-0.05189845012997532
1.1946937544318692
-1.3089993529968094
-3.217523634024788
-0.44822716799306583
-0.672288580996888
-0.8690131833642165
1.8787428171193261
1.9495779952604373
3.209611419416285
-2.3627879126598588
-0.9158530830974286
-1.655032833869523
1.0514733967893592
-0.7366062805625788
-1.0861981659197846
-3.3993004867961707
-1.4682637227519655
-0.4572146983099377
-2.338316521769001
-0.8924651399554793
-0.1816331360332886
-1.2287517373577919
0.5787086180615387
3.1277704859330195
2.2207130332447953
-3.420519809791598
1.8029310759929833
-1.6910406586096567
-2.209742305100804
1.551387348562042
-1.986600553327843
-4.475919567494162
0.6144496517819124
1.2828111150193096
-1.6541842274607208
-3.618549438927521
1.6520374976174936
-0.17442134661884506
3.0976370751474662
-0.04919177554491753
1.5460733914265674
-0.4514843891105505
2.7356124689669628
0.5222281421158689
-1.812498667737029
1.1547870584602067
-2.7616953678597134
2.0706784331781622
3.751622654547411
-3.7257398111855626
4.3823601897138555
1.123677258828483
-1.6558357805266797
-4.93542897014812
0.5127294040837033
1.1890589181903686
-1.6376709573511952
-2.1006116205427663
-0.3629234345070096
-2.6310241397324856
0.003907677772988645
-3.380631597968315
0.5355612161313783
0.1080312567199128
0.8775600776333282
-0.27518227408736134
-2.321575774381902
2.2239189836515663
-0.4014124308033402
1.151005540577276
1.0771870085234465
-1.005383951801493
0.5998789097247748
-0.7807150706200557
-0.36694807529410683
1.8496918433727443
0.8042202118271483
-1.1659130276536938
-2.110726020844346
2.196848275541455
-1.3239236509161811
-1.2385777578809996
-1.1069294491033337
0.2617885063633048
0.9874210727206039
-0.6823359483972978
-0.516548639533543
1.0435876994805173
-0.35973091342009184
-0.6574153507574734
0.7055460040651012
-1.4989077238155801
1.9203906084316889
0.08058145814939324
0.2534431546204609
4.246995942057479
-3.83922116679185
0.44827337974825404
2.204912366527994
-4.004968996662357
-2.638091011147479
-0.4253008170102659
-2.126828011105857
1.2195068794074586
-1.6886813950677937
-0.29904766697180873
-1.0507963643592741
0.751785052480339
0.885481024157723
-3.3555524684181086
3.4510692955263194
0.04548897051650069
-1.8793215546096842
2.664745803595708
2.601238668774722
-3.525209099162262
-0.388903274832155
3.183631695124412
-0.8075597699549163
1.4416211430958656
3.5866441929966006
-0.05274021386693772
-1.8097494135432075
-4.4169647374406855
1.2273941942483835
-1.1889511491873836
1.1284411553096054
2.8435849344610613
-0.07348932283682195
-4.438412585603732
-1.381941811441072
0.9743673591288465
-1.1105698954950276
-1.1672540162280853
-5.04846873446931
1.9923340984900229
0.9051501631847205
-0.8911338816700651
1.4992958918903103
-0.3634765882640781
1.5193460718233642
-0.36528031309088016
3.366171355949646
-3.788390061742521
-1.8687486164940115
1.2466142320661457
1.1477238499813305
-1.1680230209672389
4.465296038763127
-1.554274492682389
3.4174207232235436
0.3372215833824232
-1.4176459948934337
-0.7305529159239919
-1.842255608699608
-0.8913119307281115
-3.3137295315023354
0.4448787140191108
-3.408986642571673
-3.9035013303172605
-1.2500521864512295
4.440487276666739
4.894635258434518
-0.9794832271441707
1.175960192293053
1.2359968507025372
-0.0901963277062616
-2.6381102689160527
1.7789120449487204
1.6625814089991309
-0.22381450941754713
0.7321940209206118
-1.057095288463835
-1.2226598594083233
-0.9883638090199385
2.406816500502761
-1.2247097042709651
-1.1972595182642491
0.34927512411821615
-2.4316628305279577
4.480728496228864
1.2340553344608458
0.7685999534632513
-2.6263404711983176
1.701167143946968
3.307964599603839
-1.730535245391205
-4.393870876870135
-3.0042524576643888
3.1729915401718105
0.9754672817216605
0.41397053118373184
-0.061784901757862894
1.1673625403137275
1.6275298848863025
-1.0433745741373548
-0.17643394757277273
0.23125470122672329
2.291805466285582
1.7542769282993083
0.1215941225337271
-0.363718122551003
2.6851673527322104
-0.43591723561723406
-0.4967006809083825
0.5171699476936303
