-1.4211675483288833
-0.15186752042501522
-0.9984268534781269
-0.2389617748898378
0.5465147138363907
-0.6091457877650565
1.1674063276235298
-0.9399202040525516
1.309954820114514
0.8636738222600817
-0.4312503944857292
0.7925945225277342
2.620061353714879
1.2280978648690422
0.18596086577782597
-0.9938293093199428
0.4120164391302303
1.097667417335581
-0.9243167315960921
-1.353338158012364
-0.3202921589168857
-0.8618733521096984
0.4442496751658543
2.6012959505735167
1.05453011232699
-1.2548404055193167
-0.36494686265650156
0.18960748502802058
0.21801734046209037
-1.0007611113962283
0.24546999614613016
-0.484600829873003
1.9170463733678358
-0.8572539090480008
0.08685215568254447
0.13915867894319833
-0.5056118928832964
-0.005028844254216073
-0.3986055885523381
0.41474840558439036
1.0544268008795081
-1.919915852665837
-0.6253773816195535
-1.4309028642362722
-1.7536970667716252
1.6892405421380006
-0.9165628902235785
0.4071021629255821
0.25094588209373264
0.9129363681013788
0.8748918187585886
0.7337328598011913
0.8002340702801604
0.34213105205962807
0.8879779719399269
-0.07034418926513612
-0.05579993854734352
2.459113027118119
0.13878928828977175
-0.3531009963563902
0.5003930675162208
1.390142170750734
-0.0866622205553166
0.32168462813400495
0.4500962308636855
-1.852268147329182
0.5664395494200304
-0.6856843416121808
-0.19744541021241535
-0.9481532307388859
-0.2805375803937423
0.9501306357668827
1.402524490096618
0.6083123886278521
-0.05988259577891956
0.4640905118598853
0.05476395603801363
-0.9185247628894109
0.22011452336332657
1.9118510585534854
1.1801436997830872
-1.5299179278130621
-1.263988130059642
1.8209413015310274
-0.5202820690163485
-0.5973460051312607
0.024218754611456735
-0.1728064484886488
0.10172769959784762
1.6393685359535557
0.8132013023688759
1.4911709287582362
1.0603685785432582
-1.4128547994300134
0.1800582150448452
-1.6776768065758372
-1.8589800518085131
1.2007526983223098
0.2600385352719531
-1.7466011901710619
2.313243743295626
0.19902156256405856
0.7891919874317396
-0.11908811722672347
0.1177870908467605
-0.7882113161462694
0.13286098948715616
0.5614731806598549
-1.5233174905297728
-0.7931118999496518
-0.9533070714272401
-1.3898424713476394
0.5280472970058535
0.4249543803001126
1.991146988800239
-1.763712663824133
-0.7346389690963585
0.39649490656120706
0.15090089520303157
-0.45084164123090487
0.219008414981718
1.2186996529007212
-0.7543733954556525
0.25744943794935665
0.41281021460710715
-0.3860711805390309
1.7288743204812118
1.3953103344347444
-0.902951993351553
-0.6224947656743064
-0.6365651707578571
2.2636756789962207
1.6434901383261977
-1.6177981295197568
-1.529394801910824
-0.7137535524657904
-1.8677192507517493
-0.7311327545503982
1.2693899289330526
-0.7460766855743676
0.8342288754889627
-0.8874480052620367
0.07965789719713895
0.12041758843026192
-1.3657296078929166
1.209227336323487
2.741457923720995
-2.369092762809506
-2.1892535390454984
0.36895618015227355
0.5557937649964504
0.44207405351963824
1.6321268100559112
-0.09333331455256681
0.6667028376846807
-1.1739628995994955
-0.7107580220143119
0.6201729313178248
0.056908118242126556
0.8421696933743904
0.31477618618617065
-0.5104370671982217
0.13696185349411308
-1.9439113366226333
-0.9743339402256973
0.1354755077662483
0.48152025537097787
0.4887199310024053
-0.9252452691295038
0.4377781738181503
0.20617272646615975
-1.0719949058708855
0.47107702002867835
0.567728938678355
-0.41353530484068785
-0.976893281504627
0.37499572014863464
0.4588968732324602
1.5010567446426992
1.0363841733954213
-1.3636287866395882
0.0919792090162853
0.36985922749602057
0.6191438274457287
-1.114980570196737
-1.8595156058784876
-1.367395042556398
-0.0436310988152066
-0.010554437767532013
-0.3978529991819591
1.2115948103603462
-1.8028573677877786
1.8610514925611885
-0.9456345845845417
0.9524948230857819
0.7386680762967273
-0.77993060900523
-2.8442228164989194
-0.7898563082228546
0.48344938072995436
-1.8951754526984463
1.1129374138655896
-0.6202283435518078
-0.9244006101379107
-0.33914703601289103
-0.472248277057321
0.06793824591134469
-0.4277781486968107
1.4742490124201006
-1.4961513928358159
-0.6019133606533915
-0.5402077260106103
1.115967171240487
-0.9521492843653894
0.6883184636094581
0.29741514260291335
-1.0050365881541854
0.3894493088640413
2.188399305857299
1.6042216671246683
-0.17794256075118964
1.7478790040643495
-0.5037829586657303
-0.7109453851186893
0.9221542163052452
-0.793679585003379
-0.570765216811434
-0.7332953859718448
-0.21076409228412088
1.8144776106016356
0.2942360609127317
0.8075294168151537
-1.5616269038951158
-0.836646767346648
0.5895798833289538
0.35044696387020674
-1.1614229586855638
1.1300623704129358
0.12666216377878267
1.3996439811934378
-0.5627004024578195
0.28680222648892395
0.19628812101596607
-1.1081956275232665
1.4007244144621396
1.3864045497879809
1.0329642068186653
-0.07916276904051187
0.48396285221242286
0.29428391048280844
0.474867463519512
0.4771233965566647
2.212015187825651
-0.5565620239625227
-0.0057567768396851755
-0.4520595217631555
1.8372159791944824
1.2325304730627709
-0.8001945738649221
-0.735332786318148
-0.3388686539270203
0.06709002194218812
1.603132487802362
0.054392298491281535
0.24059800950449162
-1.9666717439599521
-2.8270667872137842
-0.7770054348298914
1.5711769396252282
2.023978305214801
-0.21678986250495524
1.729036286288627
-1.7702749658705592
0.2914040544628389
0.35002490345531473
1.017466518090882
0.5972317367568144
-0.7935518408593603
-0.4574581418584424
0.9107116491754728
-1.0961814769915814
0.8669215687043773
0.44695533432055146
-0.8036762972132325
0.13144515074590468
-0.13895415317858617
-0.584815138746682
2.8368402870252085
-0.5214419688421157
-0.23374050152087403
-0.4009758478848749
0.9103911484126265
-1.483746400422306
0.020677471710479362
-0.16338463878551238
-1.6138989821314087
-0.8779061057554224
-0.9862324918257491
1.4024963236553671
-1.8449366591896628
-0.5169217179597119
0.4654380415435329
-1.4608442282590932
1.3459062473302479
-0.7674433280755865
0.4149777424310545
-1.0048363352647818
0.4491173866425962
-0.9619913070393104
0.3689964137286975
0.133319197419612
-0.7850724443243982
2.5642735372123924
-0.3568824301786749
0.7655362557869708
0.14691242340288857
-1.8962453012565093
-1.214895171302548
-0.15913211202496855
-0.5657878997641216
-0.7183748729642293
-1.9600934216741868
2.874788550869134
0.05886110541656302
-0.7205707205003083
-2.307095486404615
0.31426145249152376
0.6041530682043228
-0.8051338278762389
1.1935029341786476
1.2575390839793652
1.1619424391924669
0.4443667155088574
-0.954261352366118
-0.5364015346498491
1.0676193368174958
1.0925781892863407
1.4284774229454167
-1.3417168529150933
0.12570277832547505
-1.0392090165229984
0.5132014891007473
0.21862215901571297
2.2450909232085325
0.8118137206259942
1.43727719469794
-2.53536833284415
-0.7112888986213967
-0.062142987896127634
0.11048090307619093
0.903227800069806
-1.6867823117473857
1.1815171834395402
-0.8309434723674243
-1.575557357251119
-0.24632717716232994
1.1109838725970214
-1.3762682985946504
0.09551817386948971
0.17755383321277324
-0.9510399982372726
-0.15400310218455654
1.0411550687247877
-1.2626843778787116
1.1006416716243852
1.9580089043139692
-0.8431614021115083
0.26911853461329116
-0.8195215827536622
-1.3329986790733752
-0.9696273854546206
0.0035646609961276794
-1.5464193594406992
-0.2543405933375332
0.18322440930833478
-0.7474007155707166
-0.3125964975719737
0.5136127069452959
0.4024921675227087
-1.31183648313386
0.6479056230086867
2.9548888566939686
0.8010251074533594
-1.7010433302967793
-1.5225526806124243
0.1746851784399434
-0.6987131458246838
0.7325026204379704
-0.5892537453867032
-0.20998786075674605
1.5528579796857052
-0.1837043883658902
1.216097815859228
-0.3694220345497055
-0.0871443389479383
-0.9190192377955236
0.7037364219501501
-3.025204313668316
0.033791729896838076
1.3885255886309664
-0.7851475940199876
-1.4913029400890987
-0.9874196957225012
-0.23060493114061764
-0.22326657513005452
-0.44104617416025094
-0.8744185559793323
-0.19083106394734078
-1.5238289933779852
-0.9895568407071766
-0.22080892198638877
-0.13137082135297548
2.673356991287352
0.1399985481516577
-0.7617655277390749
0.950104949781691
0.6385553940991573
2.4301102685675
0.6935172961268887
-1.3728487343472224
2.2650356868609087
-0.7742027559114407
0.0069062495661519905
-1.6328467038694523
1.8418198525928673
1.0238384663750848
0.7377666151810255
-0.19476639566223178
-1.6791091768565658
0.10186368437170329
-0.032115292239064314
0.22962795347689366
1.5102699193001026
-0.9003442465559165
-0.18865165435158138
0.09356883122189508
0.5763214247219383
0.40356215384631183
-2.135842784183165
-0.8852681762802977
-2.1701594212245405
1.6243717869359715
-0.6947797799909533
-1.0133915454553175
0.6239168609955179
1.6327902867904742
-0.5650990801619634
-0.6417079668945876
1.2650472705314788
0.6481973752840359
-0.2622837761978223
-0.554591035979144
0.1329728385598257
0.46570778142075664
0.2949758343902404
0.9641476348286784
1.3206411832917913
-1.1545773324496
-1.0783212590138351
0.5338017747101322
-0.7322606065111429
1.2408089094752948
1.2400259776540448
-1.4717568397765177
0.5167929582175874
0.3259267464301986
-0.20893264747286433
0.023592336419391836
-0.5344954494371313
2.2542114478731725
1.3374223697751382
1.730636803235847
0.5420061372124014
0.013451082635351348
0.11596305842703773
0.9961613496034205
1.4867499582655432
-0.4105267198099693
-1.4621307650946238
1.3701272753805376
-1.8931797882313315
-0.3307777070434454
-0.5343712305754408
-0.5613712931276716
-1.6061594912055053
0.6009855544503703
-1.106315006579715
-0.8618132443833697
-0.7164749728542725
-1.0963958412915809
-0.19275701636713213
0.6286441456206254
0.22832581087175371
0.5803482167482604
0.007023990224511073
-0.8612533076338217
-1.8669073104402873
-1.7204073349389903
1.2399682584423726
1.490237584159876
-0.9851047188953418
1.5130401311140917
-0.34403900688734246
-1.5641988872591395
1.2366381762010379
-1.051216339967369
0.543627823549623
-1.6427613121877234
-0.8247246410859811
1.0791366078438678
-1.0209254165496813
2.2597885793985952
1.0631769583113233
-0.5838615376352696
-0.8415351170763895
0.8536903005544473
-1.2422367335359024
-1.3823538895354026
-1.2428939772837353
0.7080674620649886
0.29267504945252776
1.1546113572054604
0.5018115724075307
0.9304157780050126
1.4720874189428776
-0.41051804216182824
-0.4037068732777795
1.8480422975522626
1.2888968332060735
0.33050341434303226
0.5125540593316341
1.2793368016163538
-0.9420486521060227
1.5135077359523033
-0.1216210914733208
-0.9094422675698348
0.45870916449058924
1.7448620340687166
-0.6215134104208462
-2.128092054223114
0.6291549937293626
-1.1807903627556235
-0.22595678188488266
1.164043144316097
0.7402322725045181
-0.3481704151336236
0.10759947309051038
1.6318726947255278
0.004897326110404956
0.41457754592373425
2.1228342786443752
-1.3065611184297092
-0.691317718957165
-0.3853129114800236
-2.629156173940437
-0.21683699843301119
-0.3544583932312549
-0.2614108356485696
1.2314048921684793
1.3623331974265405
-1.3495733378692538
-0.21881216379426685
0.03295185516700815
-0.18824921397465177
0.3590585067798251
1.3811412854338279
1.2991730745742671
-1.171726629138248
-2.2241624004519025
0.23726587114837985
-0.798611213117147
0.9714013453991298
-0.058575633998435954
2.413364880107498
0.022093928496730003
-0.8963861439821769
1.6043582563382137
-1.3963606089259306
-0.4990344027794778
-2.9585687767516746
-0.3654198457002504
-1.288741564457174
1.6649610265851835
-0.20794357185102086
-0.016303266403928904
-0.18242042354269156
-1.2124526624060612
0.3063358739255161
0.29923586255486756
0.21653674724641525
-1.0247756958363596
-0.6691408967514844
0.7613529409373468
-0.5941239689494195
0.02814996362924363
0.9908266179878322
-0.9015433658976968
0.5460945400623007
-0.3634666000806945
-0.2298858931222368
-0.11799213948108124
-1.0402566655013674
-0.3370388503927329
0.6031509378447077
0.3174628584878088
0.37874879457460375
-2.785423657299802
0.5321737938244706
0.28904608414462785
0.21478652987667193
0.9506408523405302
0.9480325322282771
1.2797032723242623
0.1538697030019056
1.358111262624512
-1.3653371147645508
-1.9134718772533688
1.1606802359409856
0.5090179840067314
-2.0422500308305613
2.819747019146579
0.12442246119326693
0.16603430949796977
-0.05961590254400076
-0.8217727419547758
0.4835263056533269
-0.022577867938437808
-0.1751965875495726
0.9750874439837871
-0.49488679461738366
1.1033469355956014
-0.9244760855997236
1.8295985403095507
1.3633011680576341
-0.2795501278645782
1.1183113511228564
0.8821729973021226
-0.29325243631517967
0.19894982793903299
-1.2427544468369822
1.6082194016403222
0.23217042169583943
-0.4935817690197673
-0.36583453054147413
0.2435798355133893
-0.23523025640503423
0.42262114989606125
2.141172604075123
0.15347209601627282
-1.641714786129041
0.20524365084914284
0.5583094791046602
-1.0551754266076172
-0.1060862645890199
-0.07061127418170576
0.05833669024867615
-1.8882839366587545
0.8623811481328144
-1.8466033132115314
1.6220322528399171
-0.09301336967063047
0.8775590785936116
-0.5665261131222731
0.8237294451688039
1.5438599351499944
1.132124123462886
-0.5029525458951062
-0.9857661963184245
0.9926132306126514
0.9508570429865081
1.0604045616810125
2.024421277122457
-0.82930893843373
0.9517509952815516
0.6201009482630938
-0.7731661584903502
1.1573596292662733
0.5654713145053312
-0.18760636962378963
1.247541234484615
-1.723457160842789
-2.191884453386509
-1.2307374751439126
-0.6575951222202191
1.7248655647246605
0.46121802516951144
-0.1783152540419755
-0.7739244206684477
0.5143014853055645
-0.21085386590441044
1.1769162459216604
-0.44978066974143577
1.0904501327623348
-2.900493757958871
1.10405562140627
0.09497139965539765
0.08713641427973463
-0.6444905341764887
0.7230002634498149
-2.4053415797673567
0.11999800438762466
-0.6570119995521488
0.138087462445918
-1.0347991967885468
0.12357824537334226
-0.9289257273583528
-1.272655298160182
0.4562193323766035
-2.141539513753913
0.372199166363192
2.227262972904198
-1.547753946053006
1.9004226409336202
-0.21492632313856827
-0.861162508403337
-0.33071943455302016
-1.097197279552304
0.9943853289780119
0.9141112133134771
0.2582970547155544
0.7434748599883625
0.27064918666219384
0.46019860297308346
-0.7401275779907375
0.6865739990173203
-0.9087959884763794
0.34723499025691296
0.277589103232423
-0.5100667331700586
-0.06985815916917863
0.012010221798527012
0.11107270667577462
-0.4362764346756808
2.1073427558904525
0.295172239283453
-1.2151386923078191
0.3463848681168361
-1.8627586825501377
-1.3481992435424126
-1.6997346406268357
0.7509860202110439
-2.622097255187111
0.9855101072717916
-0.1093030166243411
-0.6504108763890476
0.13963990012794678
-0.48024308788904463
-2.881137363802385
0.4306668949820916
-0.49814908888419257
0.8789926872574998
1.262145331431592
-0.485239403173845
-1.007852670598596
-0.07859410187205826
-1.0374706027531557
1.348720037266324
-0.09759533283233182
-2.405907317815342
-0.8829336461368504
-0.20713603849236764
-1.7668164294462971
-0.24404837041882152
-0.6990672625908161
1.7110541187216934
0.954344073029783
0.36716031177392466
0.22630157449707972
-0.3690059242573507
0.47523529003646336
1.1395336225470276
-1.516299343427752
1.5552529915806208
0.38584603117814836
0.07420867636655135
1.2708225829602535
-0.28095310952468106
0.2951565146828119
2.051841974859333
-1.490837724584092
0.9101901018122377
-0.2535448604595115
-0.435032508680912
-0.5840153796062773
-1.2660993176204804
-1.1074391699135742
0.6178681715183225
-0.7228145662719164
-1.1630569722722994
0.510097725703335
0.0774713293364289
0.12380565269439675
0.7283607766578656
0.39978319878132834
-0.8597334821712028
-0.5589780758957786
-0.6255680743489574
1.0087410956713936
0.2768206694379549
0.27702939442376323
2.1585129436575032
0.11398468435261674
1.2263992063064149
-1.164161006852591
-0.2118770075687502
1.7198444615921422
-0.5586845780596746
1.1120975354649953
1.2552937485937214
0.2982569523311772
-0.18534853399939835
1.4557625028668588
0.2897398043351704
-0.04895302544423157
-0.084911560371153
-0.9244485595363003
2.5231133814956337
-0.43210621646778513
0.5453320612796416
-0.5351716164543879
-1.2722550152074987
0.5157885649202375
-1.9314736480590982
1.8736951344167994
-0.5721479460428819
1.1300437653390598
0.013522142756004869
-1.2342362449308693
-3.07085341975006
0.7149209438603029
3.0837262114235933
-0.2337924351146419
-0.9054902358832496
-0.11909437743143304
-0.077034577132113
0.14610939174902696
-0.2825354620394646
0.12773416793768044
0.08354003111501856
1.2975130550822376
0.48901370610087663
0.574570371694871
-0.43539927069819767
0.4614968050964703
1.4180768361919338
-0.8307266504361724
0.8836425511293006
-1.1252839946216089
1.1445405707731435
-1.3896491332752128
0.19994428266320866
1.3660805537824299
-0.4460159076687456
-2.6994507093794233
0.9357151882131438
0.5999458269223533
-3.480335879654292
1.9703473718412612
1.1218616012511993
2.9825377908579247
0.7773978482681634
-1.8314614055758232
0.4156000105023239
-1.1428839206997812
-0.6283400345272329
-1.0718586503206577
-0.6597400928334294
1.4362447953964044
-0.010792201029590708
0.4798617473051571
1.1237296808764468
-1.0011964168194223
1.579255727962761
-2.547181516850452
-0.015807785487420702
0.9430211936702098
0.16394109039211624
0.30968663904639343
1.4548146544056733
0.5958452618091795
0.661490556584802
1.462624575790214
-0.9933005664025333
-0.8727092769176528
0.5786136458006295
-1.3820526870847345
0.08032980473451766
-0.27025297195773695
-0.13821546144650426
-1.034719888130446
1.4549694087989136
-1.0321333497949299
1.4103445703874915
-3.4648276476954853
-0.17743823204163797
-2.0659531280320174
2.2913482321091907
1.4755115370373213
-0.11815902927719865
1.1755321444884017
-0.2114599160100682
0.07647463405088706
-0.7058772930670243
2.667400606325832
-0.48406873839284414
0.8731011621280551
0.3139871106974295
0.8914920287616734
0.13657368448704635
-0.45724434167664313
0.25413758300373224
-0.9151267570112407
-1.5458990593014406
-0.817496660651296
1.1452745318990039
1.7414145304707853
-1.637585190235415
-0.5236295842869348
1.3832751980096405
1.0374616647529613
0.20755541594284624
-0.06438239440622835
-0.346653919311506
-0.4874335389675907
-1.4947682840023706
1.4243795320185424
2.3085346148268258
-0.3825559351647076
1.073949518279762
-1.4531774909682034
0.6901941824454709
0.7913521088240485
1.4094555403965707
-0.396103310511388
-0.05778964253630986
-0.7481598744460766
1.8981068344760532
-0.34443002394750716
-0.5294143015159697
0.029726358815481857
-1.446258504481487
-0.35790816923704916
-1.880054603070953
-0.9340253647357399
0.2907151169219645
-0.04105602904622189
0.5264604325394806
-0.4433498432921265
-1.899317806359529
1.4446803895978417
1.2168285082880161
1.3764798961107858
1.886015109522238
-1.5781180128508003
0.9799630806817392
-1.7792522108447868
0.4067521079556704
-0.34977367774550655
-0.29729586477464054
-0.17828866593814427
1.4566492736997885
0.08254221898891473
-0.17305014308926397
-0.23089528754040659
0.4385269240441755
0.28096822040075614
-2.198697457322802
0.9156530668773354
0.9226138031340161
-2.0789188462852004
1.354149245775274
-1.9124618562706617
-0.44968449236463404
-0.35384256645485423
-1.6635657080729356
-0.8500589190580421
-1.0910458902002578
-0.2253948840417477
0.8224220729109368
0.1631113497634416
0.7348058615445482
-0.5856565687731228
0.7306334859739688
-0.3972529604381486
0.048330652476451005
1.786948187266178
-0.354492906605421
0.5073820520660522
-0.5442400372512259
-0.6631919338869081
-0.4503447383759888
-0.21873667687032908
0.8300031063489777
-1.931383031843925
-0.4953231911030878
-0.0053322456518617905
-1.722103850051603
0.38102041405882325
1.8698921055696784
0.7925622683285255
-0.5579765590373996
1.8523049937484128
0.9848597426096026
0.11894675756298542
2.32055259403428
0.776995212420367
-0.3789903876791894
0.12393388187881764
0.43883115103160125
-1.4919613166764045
-0.5056862266572253
-2.00234890263705
3.113013289565583
-2.1384741702069183
-0.7670941201134113
0.1887014644130942
-0.6382411908358756
-1.7462205254560925
0.9519011841350911
-0.9543015863842875
1.0466495198170829
1.9388425823887017
0.5085634246575489
0.7170569502413373
-0.29501876711544395
-1.7203140710120435
0.7327391866610686
1.5479127265155355
-0.14280606572046797
-2.5653690778731546
1.2162967406620269
1.3329193093255611
1.2727998606779034
-2.1762327480729033
-0.6732801321644417
1.3738295451783695
2.609807389091352
0.39917562130024414
0.465037228425192
1.319239290117465
-0.43581210838000306
-0.8612820678076017
1.0087240805414759
1.0525780986230744
-1.8532761759501775
0.3848665004961184
-1.4897554361964385
0.32570671383495603
0.7505932521338831
0.4579482626815001
-0.23468769114051508
-1.1346859302655206
-0.2597040564342722
0.02851066659751295
-0.6294223924387433
-0.1665227990894909
-0.47423912642289956
2.901059729536622
0.672718584982522
-1.0782002749227106
-0.3674196974356012
-2.578731664535884
-0.7167730685242557
0.8354354727716939
1.7476941272165163
0.9456474766293603
-1.6120271787765597
-0.8376188679654125
2.0684384000530773
0.7500411973713814
-0.7882564668742689
0.8784912735069458
0.44185255739738044
0.09026723806383326
0.43405299647232554
-0.6495429791868816
-0.7716250236423833
-0.45863297184144813
0.2957412687751349
-0.9581039741832976
-0.9325825038102606
0.22847838611440363
-1.4547504125903867
-1.7120604382088824
-1.3180673283957014
-0.16190974835079736
1.847015618894344
-0.07707678480146857
-0.780806736726353
1.0189636241314424
0.8216277663718683
-0.7966172224969607
-1.0684950226821814
-0.4081532118102239
-0.13297055298302318
0.013277404394705547
0.7602061222441656
1.0732385040725314
0.9253401111694762
-1.065436816676276
-1.2212659788246016
-0.9736212586393033
-1.5598135264297248
0.36766861102393583
0.8009955578739391
0.9345693558655219
0.21177017888552746
-1.644123178947028
1.7456641899673337
2.1210332707610275
0.2644130198876925
0.5550012634759687
-0.9446526847470734
1.0243153294568452
-1.1910800387137537
-1.3357346410398818
-1.3012462843234316
0.7595245694512996
1.9737438308446948
1.6935899260608245
-0.778646307275265
-0.5746946790786066
0.999182155639009
-0.43835017738253346
-0.9277238608054731
2.3118451396990563
-0.3216820973152772
0.5551530601997077
0.9585377313005572
0.40777774789966575
0.46004031920128524
0.49099613735139597
0.643682762931068
1.0037253265201411
-0.10885272183896182
1.8817919732898059
-0.0020073458085358383
-0.14641388598924476
-1.1239280076008191
-0.11715039212441546
-1.046865612638662
-2.2992311036464512
0.4663867980213077
-2.044983945663245
-1.127490069687246
-1.2504661490234665
-0.10796076320066764
-0.16242395495884102
-0.07370176828346445
0.22634378891847529
-1.6160935786179098
0.5896669102632287
-1.5811665784682363
-0.6212720860873676
0.13513942014334543
-1.1587404522087261
-0.744740771114161
0.8668978472717515
-0.6055094028441296
0.15841557482892837
-0.3152176621793289
-0.6706154166181136
0.3567245480680495
1.4447441332724127
-1.1384351372380999
-0.17649619061033683
-0.4382495785698842
-0.20796325416028555
0.2361500756448464
-0.8227473237092343
0.739897697067875
1.8153783229436444
-0.16036426648824592
1.5159424076493122
-1.4901529618912739
1.1445522995855961
2.4426021474413577
-1.085735127600872
0.2176440753816863
1.1421085567277982
0.8492518217460333
0.6894401483079937
-0.6450422510762895
0.3970118991434755
0.81828291309682
-0.23394578113532688
1.1428429260121034
-0.48104332067600736
0.3713348107755681
0.29910442583617325
-0.7452022098838372
0.18256509903476653
-2.0755505116881987
1.3555610468423294
-0.6723285974995642
0.02069122278723315
1.8574849077890694
0.38118701123501025
-1.852994695044341
-0.49597534570397483
0.5636363833022484
0.06795492629337543
-0.004884818756992556
0.5213581212264565
0.3544779462796896
-0.41373017699373227
2.2511136152452473
0.35754889584359056
0.9982481181194253
-0.3368925019639815
-0.08018360353192786
1.0879715834353616
-0.0351489947470058
0.9437541075428041
0.2588746050118497
-0.4074452809376138
0.9428924740358678
-0.6518587189668572
-1.683798835513367
-0.4125216416684443
-1.877423866404681
1.2473009029894409
-0.747934119085977
-0.018115954100433807
-1.6366347949393745
-0.6799278497574023
1.023262787554364
0.04710784687544643
0.13944243140514267
-0.39567761097719234
1.8961712416469063
0.3200909403871156
-0.09866995356939032
-0.6391282950119004
-1.2904512115993245
0.22186273963585143
1.1664308496507216
-0.2911648816680731
0.15582675677399108
-1.0399964804612682
-2.2473687829829667
-0.43760939424885076
1.8767272348826294
-0.5501130623377636
0.6106475947613977
-2.5155037992302662
-1.049963638701282
-1.4637619144183793
-0.6303924368814726
-0.023773764825050628
-1.1066176225033766
1.8842351239565034
-0.03051615157355453
2.45854292895277
-0.6244425920331341
1.634044408207644
-1.346302454292964
0.23908235739843192
-0.04708022962253651
-0.054891295993027986
-0.750384049424121
0.9512879610560451
-1.4594207426344838
-0.6108535505202578
-0.9102834050129663
0.4693629824686638
-0.4205404299236085
1.0304915813743487
-0.17788051177477604
0.9612094196837427
-1.822193464068701
0.2104008583472791
2.0247000781732356
-0.3261450457586566
-1.052623899157248
1.2658013006770812
-1.0112758422811012
2.6878144233509
0.46576125698346993
0.18882496586702677
0.8556383276258664
1.0474661551650137
-1.4893813151049509
-1.1610156168572214
1.566404552581272
1.43101448634629
1.3466119123769074
-1.116563321252927
0.39619550844507156
-1.1068236200920993
1.0187623825347554
-0.5564071534615898
-1.986217329522618
-0.21207771564579578
-0.1818044027054728
1.2460298604999052
-0.2126203116871167
0.48069339546612533
1.2928689937090203
0.6439536094098429
-0.056813603185072094
-0.33663145570695335
0.8949049458819491
0.36178325190520294
-0.42165798719270964
-0.2336086441178771
-1.9347962904748515
1.4516714519427936
-1.2754882371208616
1.8673734011570329
-1.806492061675818
-2.017826892222622
0.915003839956314
-0.6982099740835273
0.24591830088781047
0.17816009604589947
1.8107872478968017
-0.39383217101256607
-1.3352509937607115
-1.3132632417213772
0.6819406739347202
-0.4820544750038145
-1.4464907417599688
0.06830825336400949
0.3995891172481054
0.7394243669492476
-0.49317591447275594
0.20078744166638982
-0.5132371604410398
-1.927436459858153
-0.8870013205044923
-0.30511960305616875
1.7743235371677366
1.9245781040086385
0.21715735218946097
0.8597513473385966
-1.4108887867186584
1.4762960751600123
-1.2946936460054337
0.02851500756541907
0.13891045017070494
1.5173982747471562
-0.26198567702649445
0.16835396871381905
0.16409501337023205
0.4357804694494624
-0.971344225696723
1.4146102667622868
0.6653444741268293
0.6456963637316046
-0.26918634369995137
-0.5825719325194794
-1.258304199477173
0.4261120948610188
-0.3654978799851604
1.355575139165232
-0.4297258661672728
0.3751189913581153
-0.7724218852799077
2.255192322202928
-0.4933758426773055
-0.4278847712235067
-0.10982492043714946
0.8518050729085126
-2.023313715428429
0.8286667885115667
1.679685286098808
-1.3316204025304266
0.5383367883502698
1.8082479816855292
-0.10480938180719378
0.24766168332262067
0.2750523006110034
-0.24777457947085402
0.4171616858546141
-2.2755530008239067
-2.0362658164186067
0.1913966567629638
-0.6477597523996137
0.5708364840517618
-2.3738139306009045
-1.1303367128852069
-0.5765423638080897
-0.1872836375718952
2.158430547159756
-0.4268946565901895
0.3084328034706737
0.6204828919933345
-2.1829115615291816
0.12491752149790658
0.19975728725230563
0.6024613975552743
0.38796250562401663
0.14239309331550434
0.374438544075718
-1.2252250020393272
-0.3686026156927988
1.0355264922780092
-1.021812293470539
0.5732051583796645
-0.6069114317627056
0.4897705196991106
0.8293814487336404
-0.7564984425243413
-0.868816667685018
0.4662197065936412
0.6459259122879322
0.3920100341169798
0.9962461460919971
0.3880269174459625
-0.24819993449916816
-1.626022384292277
-2.192714520224303
0.03779097349969772
-0.18722396363639437
1.0682584126210095
-1.738677672129234
0.2841318020053318
-1.2831349949744912
0.35741092836492955
-0.3382019938623451
0.678551226615234
0.5227346307399674
-1.219883007273829
-0.03857609417733547
0.7638313762357682
0.5609151330646887
0.3426646917624959
-0.49653011027391786
-0.8629428574543865
0.305813743698399
1.6485287225220229
-0.3737198594148835
0.9486354118964174
-0.6279555234322368
-0.6339847094618959
-1.3580412121932992
-1.0335333576362882
0.723911658809416
1.6582677507580927
-0.6936518643646483
-1.798562786359645
-1.36712923798185
-0.9710286313427468
1.3740358230959189
-0.5910222834657448
-0.2299941547587659
1.3957690273162375
0.883010929251257
2.5830187092211343
-0.7037734249266017
-1.2513248258507175
0.8745389974934891
0.9297775129756255
-0.06533949210352719
-0.810296305207261
0.4829276644334183
-0.246156882029209
-0.40974532745419395
-0.2796908846741098
-0.3315393744352214
-1.2480144017475314
-0.3069282186032431
-0.4936746324601079
0.8265159274782995
-2.5156125826557867
-0.6674971540970064
-1.0918348898781103
0.734414064143792
0.0010352956757509536
0.08191226166908197
1.4949136583459695
-2.2784942168468856
0.5600099910690306
0.028890292259418516
-1.0201741454904119
2.841329570217145
0.46830954563627636
0.23110862903401205
-0.30886956023868806
0.3183031025769789
0.6988346481711722
-0.898814194608639
0.016533730092233412
-1.1768154331719505
1.0293889026992573
1.3003934001702588
0.10475513807684132
3.254587578116951
-0.8232496309418242
1.2546109075249616
2.614348285573462
-0.8869246609703186
1.5198850918959452
0.2227106173080613
-0.3795992124218067
-1.9385336063757996
-0.6984192551788962
-1.0674300222860662
0.9434151950164156
-0.5627069809638361
-2.092300002037159
-2.6958340179174165
1.1169520948456155
-0.23275703189379002
-0.17411321003100874
0.9387172530737282
-0.05355650022741908
-0.47309689871399957
-0.017328965714803395
0.3124478031236371
-0.8003108783276627
-0.1778537083467054
-0.015799929024296663
-0.611263619825672
-0.18612201712265347
0.24124817765318626
-0.3374578323411811
0.26256146838608324
-0.6442298663583603
-1.4043081135426905
0.3650171089750644
-0.27011639211741323
-1.9913858134746654
-0.9858383566359701
0.13942841127744976
0.41143368121839585
-0.4420661050938912
-0.9288717620498765
-0.5674291290549938
-0.5807689570015506
-1.1678101716316738
-1.0408952308071338
-0.1092836242700145
-0.8098053952964713
0.12038990732951418
-0.6545944404212118
-0.5176343152021343
0.9206161435305611
0.4815173689112452
-1.4004372366933442
-0.9759442324017985
-0.5013574104569128
0.0753525122798632
-0.4125678281770285
-0.31176691777762633
0.16644021642110035
0.8173491205657308
0.7833337403505403
-0.3825308092146425
-1.4393663242716432
-0.2966401838298044
1.8447918532365115
-2.072927321969629
1.2126541650733413
1.2315809388756667
-1.9092313524152502
-0.864789492697366
0.2535929708129629
-0.9431009094370276
0.010081751673070457
-0.34450354175621606
-1.5217045515992582
1.1709650842070944
-0.21873626774471341
2.025092622260961
-0.19381451433494942
-0.1476469026878672
0.18361406803968752
0.4363491392122482
1.8959209312886807
0.5857605636320977
-0.40866597013637374
1.7508461307817986
-0.8185779733122871
1.153483858897568
1.1630995709808452
0.6478205842441693
-0.7052519820064768
0.38391310519040756
0.3890448509644546
-2.5261928617801326
0.26131479965959165
0.2110927852762842
0.3907946122620693
-1.1739285375572857
2.0101202196848713
-1.6752922079390606
-2.5171141265631722
-1.8451466255103632
0.1415135804182851
1.6738036284123081
-0.5026299589529123
-0.226660043049008
-0.6990938961555515
-1.0079808764401912
0.39370546670853196
0.36692916848854484
-1.0519332288625936
-1.579791627473899
1.884149444193727
2.442088203609983
-1.1011491221158762
0.10195289059754986
-0.43640844340240637
-0.2301799121883526
0.6581162898937745
0.8900167053833454
0.7184999414900498
0.09124230691031752
1.9269480375717696
0.5153914355778919
-1.8321146385959997
1.730148420089142
0.32592477797550545
6.135846240263711E-4
-1.8640919423821194
-0.26759313271944685
0.6704776892850065
-0.11307010513041724
0.33561172752980717
-3.1888908498639212
-0.3338628366681257
-1.2247299840579013
0.19479061292455005
0.42400293372439607
-1.681043866481635
0.03914870118658183
0.2750057734799367
-0.09076152039914893
0.06072089753950402
-1.7579137183753837
0.73589853289478
-0.060916545430707104
2.434590259914198
0.6391652320044363
0.11316503957470178
-1.4195237107070722
0.9227353102655675
2.73119617202982
-0.2846220387019269
-0.4420435431862315
-0.8416393199418166
0.7866051094634215
-1.5569506319484645
0.4847189303704869
0.7420079701860799
-0.5138080408611148
0.4880100648640699
-0.08713033632660128
-0.6336491350377043
-0.16922460542512804
0.5962054640332204
-0.5940450738852935
-0.5936056233120569
0.5111245423604125
0.9931027480934099
-1.8059778037494727
0.79957286488779
0.5201912799364768
0.2904647886204625
0.41052551723368486
-0.9088349060173448
-0.29257783253347425
-0.7080394027998591
-0.21671994536583855
-0.7845151767282834
0.09878550825606718
-1.5545386799456051
1.0803951755338157
2.1966609674882007
0.06700729038428677
-0.02995499653981444
-0.15266637659358226
-1.2702406229519372
-1.0234515710114824
0.0843458184380843
-2.011417319018655
-1.023984008448832
0.1325700996568113
1.3142006055423796
-1.8244891031675412
-2.649622636066942
0.1367112646945144
-0.031811802979765054
1.0846441015286978
0.1027144289024144
-0.3455566897048075
-1.2620267763996353
1.4952447937271391
-1.2590906377688433
-0.8806567881519024
-0.24508451166205644
2.165381273206989
-0.11487247888269492
0.18890398397497402
0.5171485059963294
-0.2973771226016684
-0.27011241662592117
0.2509113982337868
-0.40908411033998515
0.853372230231283
0.5635261539433242
0.8227848450731987
-1.7873360801804736
0.43819982029943716
1.4968701940533884
-0.473085433572537
-1.3538365862279857
-0.11324894667799129
-0.5310396477638142
-0.5600091636208435
1.3097838255558696
1.028082277849357
-0.09646520977360563
-0.14538223974691872
0.675410072312846
0.07732897447445876
-0.9608513561738479
-0.8113768210078892
0.15771061061293132
-1.3161436729118152
0.13517817130709214
0.7446285991456874
-1.4192868806509913
1.4734027620452093
-0.8622745689471041
-0.5551770680433623
-1.0721455855751774
0.27779455179856355
-0.03822960647648466
0.36225031575453404
3.010641194369357
-1.44380183334812
-0.37395338360135644
-1.0452024950124876
1.5662804387905482
1.2005893935377763
1.2082645665754326
2.304112791258643
-1.3680442367178125
2.273957621872883
-1.3122129239581672
0.5619670767555178
0.5962674981393427
0.982690069023685
0.5045832482274971
-0.19992988877514303
-0.6990115959850659
0.002489766767490087
-1.228849639733608
-0.6007075363268198
0.2039511242353161
0.9078960782936667
0.3241799299702572
1.8964486579718869
0.12212174111304787
-1.810975952926645
-0.3367586539796641
-0.2222826740927004
1.1974967173647664
1.0848643004294176
-0.6582126643273902
-1.4488506508529928
1.3593224510744606
0.5784890392580428
1.6514505731483042
-0.7814703754056374
0.9610550065414449
2.304487425662288
-0.8412992138981059
-1.71063613593381
1.2294694255202014
-0.22808102693177112
1.3006016829560116
0.8917192005348006
1.3001914123387754
-0.5968007908137787
1.484525655992813
0.46249341757691814
-0.6928076612453208
-0.21990927741741859
-0.9508290160406999
0.4644889503262634
0.6018407591125031
-0.8016121057022474
-0.1538979109526207
-1.5646950598107865
-2.451078619881356
0.24301891610179838
0.3647461421219739
0.02359592952936161
-1.7383281485671909
1.6449392862257126
-3.6032230722003478
-0.1958882949851773
-1.9562310821864373
-0.7339860311016588
0.01782519218278959
0.47791272628505904
-0.5506478789760791
0.9232060317721821
0.23761809150544594
0.2083582270485573
-1.5067790343440874
0.25573103947511433
0.15656767300873087
0.42231144472447224
1.7617157845972835
-0.39248789170797066
1.421931345151297
0.07229158148543123
0.9636955874123397
-0.018862812020918107
1.3210893959000354
0.8295829076308808
-1.4222272941992171
-0.8035237091547147
0.08638576105326283
2.034616468784672
-2.3572229441428867
-0.6079448784047818
-0.6999951242100142
0.8868402673794544
0.5746523621518556
-1.9720970663268107
-1.0946134611908687
0.26571266825582457
-2.0757514905152705
-0.4504707094059554
0.8253654768955152
-1.7821709934057772
0.732709152811295
-0.4340170065149686
-2.2236863385516035
0.7137839472516146
1.154839020804491
1.6474433636841612
-0.5922686981366999
-0.5689378647758918
-1.4495226936447545
0.6495915294093048
-0.9083258688266216
0.8399981980865059
0.7175813253048097
0.4638323457252829
-0.5462854934904224
0.4954445210500497
-1.2856054030189121
0.5854357525259902
0.6740090389707089
-0.5905050587086076
0.18996091812596338
-0.611540856339379
-0.5554110930606447
2.2243800851148547
0.28035997347830993
-0.3105569236903361
1.805078417371334
-0.3813770481833619
0.6073079752381418
1.3615888547690336
0.09507251661893881
-1.198971680809534
-1.997648552152573
-0.05503641618413464
-1.2296381780047518
-1.0561455616519606
-0.3926054648085941
-1.9261961680335014
0.9288150835861154
0.3807270702101314
2.755621672179934
0.5119611766624885
0.3219706399112747
-1.634268041152273
0.22802516520150642
-1.2346541838327694
-2.1447359934355443
0.7439269485062652
0.46136092641158954
2.04673357716311
0.9815490934196447
-0.7218438777383078
-1.3370961893810982
-0.287680331536447
-0.09950292563146698
-1.2759104346362862
1.2114654402173137
1.0680748469789856
-0.24945183344488564
1.0164089335908055
-1.3840248572878868
-0.15134041199252934
-0.6678399911177778
2.147079009477
0.1407256991630558
0.5922046025345185
-1.4216282198397934
-0.9059696705379939
0.6399400492685725
1.03242768021708
2.099813514111048
0.7793218635106738
0.0779107415490885
-0.7555243925851505
-0.6344351572429091
0.6098184311379073
1.823987546398384
-2.459999382340483
-0.5457825128476221
1.2263261725298955
0.3463147912580392
-0.5335532079924182
0.3411388160747455
0.2418730797400947
0.3936307700456509
0.2817859951776973
0.08423754344051312
0.2703060615516978
-1.148293580665317
0.22015087712785422
-1.9327272531985686
0.6776892499346033
1.171367543290629
0.2838331134039396
-2.232687708050019
-0.0805933602036224
0.6875847845397293
-1.3394437257640102
0.37134750947185813
-0.6447415165366455
-1.8437141383663274
-0.781599384367094
1.0082948493617936
-1.1865020357016325
-2.228335356152727
-0.6776808960079294
2.4454988141009264
0.18841043054956141
-0.7540321678455087
0.48052451798710455
-1.2575601528725242
-0.3915598420764159
0.978612938303679
-0.8468610895321209
-0.49249485326755016
-0.32442399753818846
-0.19982852673500998
-1.0213617995722326
-1.3934404938855847
0.7301089792006124
-0.5036738609641527
-1.1292652079766694
-0.10962219674056883
1.4255428678957205
0.37635910236696396
0.8751838546938332
1.4453336073861658
-1.4269473306989013
-1.546656283953291
0.59292499074087
-1.1598414868383644
-0.5854690984652445
1.3229771124834222
-1.323941128313009
1.0317390498093733
2.329924835865028
2.137399555298774
1.3360142448818346
-1.3213287219118923
0.7159209757584951
-0.011116232583304577
0.3396326778257938
1.3940787768762202
-0.24811901983158985
1.8991210440276447
0.9331816944623623
-0.7403711226287097
1.549811683690132
0.7494774802241482
0.40708201766059054
1.2863895946051935
0.5314192231594513
0.12819146860666134
-1.2519767232816867
-0.6052097210867842
-0.6248606113674368
-0.6049026407710832
0.7160666292560626
1.334255657996807
0.5210954339593912
1.356793686536415
-0.515530792052612
-1.9447260576855587
0.6768419443942777
-0.9874709665411255
-0.8093917716453152
1.9889146414511716
1.2737095596145722
-1.719628101551217
-1.1946452923618587
-0.4506342992397481
0.0673496122677512
0.08801365901052358
-1.2632709953971655
-0.5699290700971702
-0.2217928973185682
0.5067187428389367
-0.16147582773930982
0.4442288634049104
0.8366938076697968
1.1792075440677683
-0.6502771076990643
0.18612197422111906
1.1420628564679243
-0.027622852952110047
1.2196422358095154
0.040172684397427
1.6781567020215615
-1.561600045329087
1.9610893332547297
1.4276825412381025
-2.7900257109357414
0.6525636390525139
1.1316720579196464
0.2876336871805261
1.8170009678701353
1.175642075961918
0.054850915597362375
0.005319285622409591
2.2711225298045674
0.11901366957836026
0.013422447985236223
-0.5985976571906517
0.34757441545629136
-1.6169486759283913
-2.052466375994642
-0.05650937956128748
1.3894468325105502
-0.5988778227080738
0.09373054966750584
0.8034654069330098
0.03973351003998241
1.6765543463432326
-0.0702886131986688
-1.1458926871394095
2.458299090098592
0.7678962371893221
-1.7674102693794316
1.23958968328589
-0.9552193652775869
-1.4079075555925413
-0.5561464896167303
0.604733439646687
0.05217678524322182
0.9921319390765677
-1.7255681509590806
-1.8427551888722762
-2.175982086514081
-0.2924020651400546
0.8276425234606959
-1.2808164033951492
2.0822293409794574
-2.0824745432358927
1.4063613224469194
-0.31127915656977045
0.5000768166031601
-0.19556772442768797
0.15801027925854938
0.8265462559642304
-1.863949348698514
0.20101798676351196
1.3728330065753627
0.19655182153376294
-1.9653511557172783
-1.0456175250780135
0.7325444704926113
-0.7122396133934
0.12599849775154906
-0.43946356535999115
0.06312806117180954
0.6681163014221901
0.37236649443066383
-0.442023902238456
1.2254032352161974
0.9317497159549458
-1.6936017999355144
2.271923059837705
-2.335366025642534
-2.8533495801067064
0.9796375773431939
0.03164361696580789
-0.9973876721472917
-1.9308312476926737
-0.44103821824164047
0.33879805991505874
0.25437657241184436
-1.056024521154032
1.3441050258136058
0.6703205214476801
0.6519579958226882
-0.10088321537014935
-1.0810351910532185
0.8515220433022185
0.27172993454117694
-1.122280040946128
0.13565883399711703
-0.44696579952440396
0.8171177019133712
-0.8384450348496377
-0.2630019085442579
