1.111875392306889
-0.9730696487626916
-0.447074896326233
-2.2367262896545674
2.9604713619026626
-3.414242337758638
0.46838845205984997
3.0302109314273684
-0.07539558649822342
0.6899926163722603
1.269055596810197
-4.295046180097868
-2.213111897790445
1.7836806627470676
4.290385046386232
2.5954433355200797
0.7715141735543145
1.6396697338319455
-3.0957556997340596
-0.8588743819870028
-0.7607511697555446
1.1545580267694837
0.2809565292951387
-1.0486289780379605
0.770496712596892
-1.8024204289235284
-0.7167029720950155
1.0872631602396217
1.1065685894811326
1.4675332259270857
2.031766685776327
-1.6583649264146243
-1.5206085333272448
-2.422508714258772
-1.118609358872564
0.21890477227768307
-0.539813308031304
1.7005426737560552
-3.8798212436724913
1.6228616602516452
2.4225210980132594
0.48577987574913445
-0.09190200148655818
-0.1502430553033568
-0.5746023328197856
-1.1644309220028635
-2.2962124885221424
-3.240344236072586
2.324544258820959
2.5414616291310934
-0.4654115650035421
-3.2172748118487995
-1.7700672848119838
4.582056224831549
-2.3573120886670202
-0.5448901232212279
0.7638746886856281
-2.22573516818002
-1.2581930087306727
-0.3250507665076178
-1.0126068537246184
1.5735740091794725
3.5169380963124452
-0.03475068987371117
-2.6308151605256604
1.1660706929589981
1.6107415196132309
1.9690902180922596
1.321702782138007
-0.613775376254608
0.12474242925672661
-0.1453148930085196
0.17125214553426743
0.7814645623256916
-0.7564776485591652
1.1830743855404509
-0.5320209151548471
0.8864531835436535
0.25283833205486966
0.7763912924260591
-0.5030384954175141
-0.48274601659638133
1.1069511404365906
2.9519142349618943
-0.6663916819972199
1.7682872082743095
0.5491482525664808
-0.6030369144959798
0.6020947362925393
-0.3007298455206416
1.1847826359002496
0.43089482636201243
0.31034974949227684
1.2747811542374312
0.9836244374513353
-0.18382881585836516
1.063356227285851
1.7667590595767655
-0.6025420099182526
2.2944389210182417
-0.2531338079214822
2.9827453587467194
-0.3112586492361002
-0.41867762065662584
2.439538126467731
3.3247421803571533
-1.3020797253136642
-0.5140235561221332
-1.1966652928694812
-1.3247956005376889
-0.5885848368501833
-3.7122625256310036
0.8893558107287732
-3.4289966502804616
0.34784955311231297
2.5142543517760254
-0.9683619317882697
4.273709036117433
-3.560979926741913
-0.5642825074553723
2.050297654019904
0.23034743097546365
1.2411006324483156
1.6362990366233932
-0.17946069882706178
-0.3203770039712243
-0.8314488367730603
-0.9456977457976738
4.111013257349161
-1.3112652564290508
-4.5383301845857815
4.497841171729673
-3.450895861074886
-0.5306309421220254
-1.7571184067715249
3.4068918649743773
1.426719440858404
0.34059046500165907
2.2960591149355754
1.250361439421761
3.71933722336822
-2.966144338468967
-0.8385568024551365
1.5237098060095264
-0.14111215152172854
3.5884729188400177
-1.039178461965371
-6.128460564861906
-2.625741599940582
1.9485408939778586
-2.8278715840803423
-1.12758983066606
4.50070382207438
-2.0222040785099975
-2.6640252421827144
2.6927808621324094
-1.342747470229181
2.914870189273324
1.465594037351336
0.9429541794039693
2.7646169784789385
-3.7810397592672307
2.9467914943800593
-1.895867705054963
0.7080471061814119
-0.824819474150404
2.5601161333493723
-2.654185360404524
-4.736239776621494
-0.00820167350554386
-3.975431145964034
-3.2458245202005953
-1.447507342121297
-3.513650807447725
-0.4396395553194004
4.614298465417077
-0.11123977907285702
-1.6403048482935103
0.4898250102493112
4.058963348436347
0.8085506301641404
-1.440633652812127
5.526501207092401
-0.8430001609552595
-2.852073940257124
-2.073487181022497
0.08760235768597342
-1.6077881320290235
0.7875019061313357
0.4413589554447561
-1.3072330815960984
-0.13809640228113293
-2.4036232021685184
0.35980274664495915
0.41196550280943045
-0.9244213351094999
1.1334048086416344
3.3914045061046414
-0.5873727499578428
-0.7715256557006756
0.03703263656010072
-0.28280725519168043
-2.3506270435745464
-2.8955579362542863
-2.52497884264772
-2.290466638362741
3.2634736208660104
2.1824071751086422
-1.2312988988357225
0.3981637976301094
0.9762470596692695
1.9377727950961743
-1.3097430945312472
-0.5852889954413151
-2.370547909675765
-0.9666195313205882
2.327494190759429
-1.9943227107706945
-0.16304870072277974
-1.3984928440132574
-1.4194375776285446
-3.420625140784292
-1.1968173044005852
-2.858030678066991
1.3559491436047475
-1.107783322698754
0.10881123117158137
0.3113557892030598
4.537151908780898
2.723359437465
0.13789740319115304
-1.4561937884429565
0.98195207235915
0.24705689113557416
0.27678805316305516
-0.40969321647549695
0.36031457766700176
0.8848829902727463
-2.226765940766834
-0.44598042383653996
-3.177981168466412
-0.8991404415626902
1.5237877339142676
1.4784515091883117
1.9178470241800147
-1.5677473600042588
-1.8186376164414704
-2.736460284732742
-0.5378098930474307
0.382831333910528
1.7940132310304575
-1.4186702377245097
0.5356665385099916
-4.574909029356209
-2.6442555272793395
-4.793997652376666
-2.010828538613981
-0.3002729123495306
1.2993439971213845
1.0235324974588538
2.7841242570387017
0.23288299537904722
2.6723966367241934
3.167288821960857
0.20595617328182994
-0.9128934328732398
2.367215350232989
2.1802844855080816
2.8659785963502147
2.4409751426346515
-3.7725022385283067
-0.6647232782363112
0.9844508066332041
3.1697351742317807
-1.6347508563312356
-0.6738278861048068
1.8651618936391052
0.8547816764878666
-1.713958322338287
0.08198396857613602
-1.047930764322504
-0.8682985947123847
-0.38506708293164665
-1.3008739494946773
1.7359738331327432
-1.8685302795469332
-2.0412078639552718
-1.843513173677525
0.49031848422840235
-0.19740182481312943
2.620463579116771
-2.091817971530904
0.23309308994967323
-3.3723475403006433
-0.04993178511353308
2.965569936453307
-0.7082265754700316
-0.27822924731912413
-3.094492339066818
-3.8878530299447283
-2.7585940013013555
0.2973109192946349
2.1816230962982526
-1.5107991497135083
2.019630657044469
-0.44523882617732446
-3.789104371103023
0.59367717117132
-2.22995872598577
-0.3046179038655601
0.2675969409219791
0.9704112082530535
0.28574516310397424
-3.968279077401418
-2.0911343485229335
-0.10653171181293053
3.000911847431818
0.8801654183432086
3.019921740904583
1.1979046328431826
-0.0026761494171450876
-1.081963715406332
0.8884991663288582
2.769324483265961
-0.8218776949609579
2.071417535955922
0.8043309181552861
0.5462289043506972
-1.9321182903446534
0.3630464063314488
0.9349023978901925
-1.081369997400578
-0.4492407872408066
1.648039981219074
-1.1011341944345823
1.6657225110968923
-0.3729451965606186
-0.38866350214824313
0.2959311872483719
-2.516073816943992
0.4372327426915625
0.5729810729774207
-3.882779267451684
-0.898110842094186
0.2694716772288721
-0.5554199672069742
0.19700951427938504
1.3962605791112956
-0.3261215063742768
-1.2509556393771333
-0.00940982310655239
-0.6889364292000892
-1.6166389306225224
1.2829181319208438
0.04588315172163544
0.08310609355740636
-1.2966517247661702
-1.5353841697811683
-0.4652732296986054
-2.4646395772308876
2.234106681374662
-1.335999579453501
-2.477288451127852
-1.3244989625389993
-1.479953717706841
4.169339259626343
1.2247138844369836
0.04026272221068918
0.039493970182925504
-0.40347340518867153
3.001125339378702
-1.6124619985448116
-2.5229497711053104
0.9846778295030242
-1.458932396074926
2.392576777203123
2.2832034665101646
-0.7756137670805477
0.41181499946013383
-1.662433022789372
1.4686045841632673
-1.0594824734478796
-1.0786991245852053
2.580491706315358
4.134696578364371
-0.9579466946352062
-3.594092488851221
1.1335141940309346
-1.2055796118716429
-0.6975208772214795
2.8907235591792912
0.2541357755623128
0.5894281743781519
-2.586549441865876
2.2809811610436603
2.585070056349593
4.269109022257488
0.08191430978851683
0.44687331822508225
-0.9114913902026264
3.033107486382837
0.8259655898351306
-2.0071477736139887
-2.476738197059114
-0.009972956588466387
0.04292629461841641
2.1753260253968483
1.8031956448571864
-3.1549561085785722
-2.0319022340188644
-0.4153555636795257
-2.355480049222085
-1.7969116612785812
-2.2687577000463057
-1.119264469973466
2.380337744642263
1.852015856464342
-1.643660698195386
-0.45801252816101196
1.370565392380519
1.3504087070394442
2.428949096932475
-0.8353616776483042
-0.4841015074563457
-4.0869897870176
2.527745046859628
1.914271512597735
2.0877003341966796
2.283434823106207
0.11310251184068564
-4.565031125087068
-0.7628500065050331
-1.616521560097776
-1.9186220190307288
-2.136426519720424
1.9770523994087406
2.8623354589013017
1.2621822424451066
-1.4411475540852678
-2.417362161477837
-1.3430000959861388
-0.18440837579301358
0.9074403120567516
-1.2721091935945776
2.2461061058943232
2.832419835040556
-2.5763713961559342
-1.976534165826755
-1.3761178656682314
-1.2008591000870268
2.1737513536720385
-2.5825621056319394
1.254428828896644
1.2330547586173912
-3.3065869951787423
3.3312707291602672
-0.2621806385618088
0.06112647290598934
0.7255517986920855
-0.24627415313436532
-2.6433160020442976
2.050231327784051
2.297184977419355
0.6557913095852713
-4.325568952571205
1.7668614453228562
0.5762324426306159
1.7768898008340823
-4.3112221875422056E-4
-2.1409735711645816
0.8298543689096562
-3.257754637421716
-0.42638515655203707
2.828978103862034
-1.3374576987935405
1.874739108326735
0.23441984855825856
2.574353084249361
1.2449576866503758
-2.8932510334163375
2.089269655708333
-1.5620327770527784
1.8748953698218402
0.8603061825733113
3.5962789939807864
5.4800589902350225
3.5205835532711434
0.9463013403675896
1.0475312138984545
1.0826956043283094
-2.445933626650153
-3.522146626019593
-0.5534649587186532
-1.9153323991984064
2.34244050939902
-2.0843123852775536
2.130438638450671
-2.346959911403967
0.43743469625697146
-2.971140528718764
-0.9539023232674991
0.8423008538651453
-2.2544107748345894
-1.837735739896361
-1.7826333712453257
-1.1448758032762745
-0.33198351439180884
-4.053873415714174
-0.935525242272861
-1.3805873970992457
3.995112051226137
7.719577989749222E-4
-0.9443655867064862
0.9189573374861489
2.381637054260658
-0.9393126933311314
0.19316332563973926
-1.220982078364968
-1.6434242664704652
0.2723659588736454
-0.8301836311357282
1.4953217866258293
-0.12485096291264271
-1.5412972634780073
0.20094493074654812
-1.3492298994187835
1.576682366494707
-1.8728453348494791
-2.3477775138831163
0.29890392648090863
2.72775815355665
-0.5974201312364579
2.26407664769279
-1.461646600413153
1.7162303447936755
-0.43934157530900964
0.6682091743635035
-1.57572812037027
1.8817369221669813
-4.057920493661589
3.674888043985616
-0.789037456949386
-0.03941479562355011
-0.6122545179526411
0.9800333665619534
-4.838308720076917
2.032098420169641
0.18401334317344736
-0.47135594645103457
-1.7287141994785318
0.14218176119349882
-0.6521992151964997
-0.12558886573893352
0.7900426878894496
0.7434595461206291
-2.98132499480783
2.6590493982060927E-4
-0.022068271906683454
-0.7775502810758361
2.5717284621384895
0.28601427066207025
-0.4277674930676353
0.346003036206123
1.4645196691285618
-0.09161137826811894
1.8003533206603508
-2.6330696757669885
0.4446179106537232
-1.6155886534670791
0.8943184463362455
-1.9063492153725026
0.1467830511710476
-0.2469649680626154
1.1104093620298976
0.31582078275600844
0.9891371424115742
0.6416759207912964
1.448248498479075
0.5729381535010734
1.0527501476458423
-0.49974004748914086
3.040027915954767
-0.5277252969641857
0.5367164057604181
-2.857522794614292
-0.7964629598611187
-1.8745949920984892
4.694520870233396
-0.3125698354872555
0.11666322303476073
-0.9653355147002156
0.40612728675303433
-0.2426657817088578
-0.2878284932009558
-0.5273119552638439
1.8086469236112308
0.49447833750358317
1.3810292799601247
-2.1213587076134885
-0.8780767428542532
-0.3345767591844199
-2.957203989243295
3.458571513830975
-0.1220070515235982
0.476251094233086
-1.188824325783754
-0.2620409810745714
0.7280443528138367
-1.0252043728846962
-0.5120029971070824
-1.0840664543446032
-0.8167036074157447
0.2186059681507926
2.8615546150570164
1.5590895581776723
-0.7873543252545379
-0.5657563940024083
-0.4046699507101073
0.3879924812263802
1.5471122596502942
-1.2802463223292861
0.3873534852775347
-1.0406674069732078
0.16645376161838749
-0.5566934853390739
-0.9356148519885593
-2.6098415427866724
-3.611423168533425
0.5583386346363693
-0.035783669090010996
-3.7239634355837032
1.3960770728862155
2.5357059208378763
-3.2020888119653637
0.5811306004937914
2.1973375798807684
-0.7172542892870094
-0.46537259011613136
-1.769450430169637
1.7666334612647334
-0.09988848821721051
2.1145168434908963
-0.8073315519617649
-1.2154163446875808
2.03427679874678
0.3360073110174267
2.33890094904734
-0.6769934442824577
0.25591410755613253
2.2288078471612423
-0.17849792670187423
1.8132244724087905
1.217899151261537
-0.0015954624620651869
-1.0786986728769958
-0.8207114208650874
1.0042668477338754
-0.3839645294645946
-1.743703162748647
2.0971091994422406
0.7876793478937547
2.2911802068090226
0.8551448793761746
-1.5915917837846008
-1.6793689258198694
-0.6692198651149582
0.833830728822985
-0.06697042619192371
1.5165984497769227
1.692477829679609
-3.2082897000150665
0.07891813201932683
-1.2293684111901602
-0.21726101500159842
0.28783570219444504
-2.1569053810932655
-0.1097312034543578
0.8036911293143003
-0.05466197946877453
-1.4393113149372123
0.7683253437318739
-0.6762047439517322
0.8598606983619863
2.287682711016079
1.8253539123333338
-1.087194558097411
-0.7200108126470794
-1.0312965065479938
0.8989805103435806
0.8213490706652492
-0.5633290497993462
1.3424761567240422
0.05849501684412798
0.3353885225904622
-1.9820738002818343
0.5763274124740472
0.9599379753744205
-0.35948165971030044
-1.9145406543493224
-1.2786799078766178
0.219720715595921
1.4593892754269113
-2.1273687436314987
-1.0312479605204923
-0.9860214000985316
-0.11924640909340076
-1.293914659106787
0.629674135670541
-2.2435739602413087
0.11052275740048788
0.2914279949769891
-0.6257158032442929
-0.4701778214569085
-2.40752862231344
0.3074033459790474
2.8584149676388755
0.37132035426121873
0.13372538597884648
1.0316889214732412
2.861068420400273
-2.2093421230517856
-2.5997815455280833
-2.32393552007572
1.3863920765802416
0.7628771350498065
0.7655282771001027
-1.2690327605628329
0.23069909851695505
-3.191734459470015
-0.8828313097729007
2.459962524774139
-0.5385766298121477
1.7016894465939696
-2.587244201390636
-1.0261038429991605
0.07171549491501603
-0.4503335214436116
-1.9848993818287062
-1.6635161651240942
-1.9672836386528603
2.065434301215922
3.5080729815293017
1.612754518312299
-2.108076992072769
-1.8550265228673304
-1.4842771824789112
0.20230343264026632
1.804378466629188
-1.77865665260879
0.789018136262651
-0.2124379375869797
0.4237128813741098
0.21667154402936453
0.25153771272222525
-0.0926440947284341
1.743673235740855
-0.15605409091012679
-0.943523245656094
0.19683659550104216
-0.3339629568286254
2.2536301765597115
0.21550357403803513
-0.04105968396041329
2.012625873711966
-0.7997027868383396
-0.33399206404303416
-0.7541002240626627
1.3736988237407701
-1.0773920798950793
0.13874606938167644
0.47057117390213316
1.7300741603467635
0.16571760706742888
-0.26655048905585255
1.415239902562683
-0.29001335602870987
-1.1097168095104184
-0.09627824085423904
1.029751704741112
-0.3689458710774449
0.2804882359387625
1.3378783164382497
0.6487850760145283
2.024930568876175
2.1617740272991077
-2.36672160373544
-0.8922097242985992
-2.15321637021732
0.3265805548064626
0.20568110725124902
1.749736529771638
1.7506866996759205
-0.7874519906046729
1.0680804154109966
-2.7843099638161948
0.008269399200710037
-1.029860340522572
0.4837121289427623
2.023583117973117
0.1776717799177912
-1.216208507503197
1.7953655904585124
-0.797607837362596
1.2917512779096534
3.6055483684681415
-0.4307015018710858
0.6271443975592729
-2.0761998577743506
-0.41887499642632314
-0.8846815019800311
0.2616059837664321
0.5384884824036281
-1.799661678056876
0.922959846858001
-0.7926967235502316
-2.6068708888820384
0.24296665462111103
1.9681911126517715
-1.765161886766076
-1.0716925389985121
0.23847821965215474
0.11515696188040694
1.5923117622177774
0.42319727259578865
0.7161526941729027
0.2927563626252219
1.2479075646525708
2.06480756553129
-1.9767263876555625
0.2547167040211092
-2.057572099190423
-0.4609975326288732
-0.6855226673899251
0.29646662588732986
-3.617656511825241
1.3427213521364234
-1.3769147059681874
-0.484551189298738
-1.7473998520253786
-0.07510996464799087
-1.2163709020524927
-1.4499181249818929
0.41569936352080417
1.1542086759377752
-2.5148957862384953
0.08285453767671916
1.904729473740353
1.097097298281809
-0.27202740567107503
-3.3120013123328365
1.7243085505675286
-0.8053875152759601
-0.35704399234985884
-0.6051870555345138
-1.21310494059665
2.64616956145367
0.6185986632619853
-1.4456062518433588
0.6911040527329197
-0.41577159611057235
-0.27899873112666496
-0.06176365125165289
2.460901095542144
-1.0373067464934493
-0.548166731096969
1.7660210504559926
0.22574387510605406
-1.1074752685320612
-0.34113995860736207
-1.3068698369739782
2.3309552237171607
0.6190020518305631
1.2970972524332292
-0.4055777368268649
-0.1365141398798523
2.1892933543054984
-1.1991196187844024
0.7296543782126442
0.32638961966010166
-2.308608024889505
-0.061609567098507706
-1.789109976822941
-2.182903442761405
-1.535506444210225
-0.06561079343713679
-0.9600405359485142
-0.8050692992162002
-1.239120920507623
0.04029063997232603
0.6090384833397136
0.9448589213634503
-0.07360047192679144
0.10070846592608713
0.7034049222509279
2.3631633211077494
-1.6842295589823164
1.9630626657874826
-0.6153407524890339
-1.497882287678757
0.3678034457825414
-1.327565840867171
2.720413855114832
1.6773995787604155
-0.46410960315128486
1.552349802888974
2.3305732976836513
1.466200963691452
-0.009869573910553809
1.823817801442427
-0.16560818364217494
1.5906899640139907
0.40453652138538065
0.6066853995417328
1.7315974844849626
0.9333325944406885
3.713742599566589
0.4902130027995907
1.6052419996494576
3.707157492583217
-2.2707085505907734
-0.9418154636096757
-2.951357799917628
-2.863454946079341
1.7770620873202743
-0.5277432806955434
-0.16916813449968415
-0.6184504634039695
-2.2980444404628697
-7.555297777810194E-4
-2.2413033725876037
-0.6559619701909654
-2.1188750399899967
0.21097235199603206
-1.231552688939868
-0.2598576217648591
1.380248077445721
1.4557565312388445
3.0947892241707358
-0.41668777570176846
-0.5910756452050842
1.0589995737324294
0.11394593385847379
1.368184266242333
-0.9695857251084717
-0.4636617307387373
3.1669005125022465
-1.2479177066730092
0.12939404626051274
0.002994778701368974
-1.2649964867607455
1.271617032024788
-1.7074735953548055
-2.502866429317072
-0.9011640036870809
2.0755243328604043
1.1364744865723222
-2.0199765719060645
1.2414620670393364
-0.04418749001156243
-0.07663086597529727
-0.4726327178945611
-0.4359157511150427
2.073854348478971
1.4193719341125175
1.0371696464001838
0.12636715414156657
-1.1749878421564066
0.1899672115885856
-0.9074036367993519
0.16037492451516644
-3.702715630489125
-0.9283823469837387
-1.7959230973008
2.2718556554551856
0.07193143191381948
1.730004596215611
1.4523660146253345
-1.4029111914961592
1.1758543791664204
-0.30812708668096983
0.29331113679131043
0.3949424124912933
-0.006941248332936506
1.6883703577623148
0.5119774472513329
0.7858988205333219
1.6398080297320659
-0.49395124577142024
2.7362198197399956
-3.2103424411825308
0.7092787832033797
0.9095317472606699
-0.32562708065667045
1.339901429818589
-2.536770201084266
-0.2174732003994774
-3.3796707806139916
1.1170020547517447
-3.952642590011528
-0.6935300073499586
-1.6701717697496936
-0.9492727699106016
1.1408734569317334
1.3873538299836388
1.5671012940338627
-2.4668554861269887
-1.0372199848767398
0.11684417944248605
-2.2204638897612967
1.4076424056091725
1.6215804343476432
-1.65821466500157
-0.09271240386630804
-0.6870258842800447
0.6179220443994841
0.3741718945971046
-3.580062811669957
3.2948729338633744
2.923740610368188
-0.20308895826149873
0.15410103422438443
0.26340680684940193
0.4447032355079556
2.4226397482771858
-0.9314510519241312
0.6178702520963665
0.18837705758558954
-0.6720101605935326
0.3707344787571812
0.05009224614525054
-0.7223825936464384
0.1354774978384299
-2.0177781453122474
1.9807456048396113
-2.536573831470634
0.1634008426553214
-1.1099792490578622
-0.8574149041394611
-2.7125831495054027
-0.6045377419026381
-0.8675521580744681
-0.3982680259472942
0.45905383980781356
1.8580013088536331
-1.364332443791633
0.9809069311404044
0.28722086351668674
1.0855910530686117
-0.819488114285961
0.8463813670290277
0.524762199170842
0.4290692564082208
0.46571135917065043
0.7248280727142851
-0.0200829257790926
-0.6482314069748693
1.0940799416189906
-0.6110270380894387
-1.220221410795723
-0.8939520280423346
-1.1283151760701593
-1.2115126151042228
2.1974634942484927
0.9329388979647019
2.712363466702275
1.5713629634838997
2.2515197500481223
1.43358753206158
1.7592134998021454
0.641078072706784
-1.6948346399393543
0.0394117489273518
-0.490889428729324
0.8716848685652026
0.5239816449423921
1.5813461860545406
-0.7442306938911826
1.514869064983041
-0.6292906340708463
0.5693775982389074
-1.5601704705463417
0.7760673537292602
-0.4789915875932282
0.8610502464346967
-2.4011657759152794
-0.16024206157716678
1.250860937741083
0.045360564653966505
-0.32481111938987667
1.1789978762002191
2.431432127035061
0.319488441880063
1.9782869448443985
0.3951949507478749
-0.11864536429269912
-2.9984533655683068
-0.027326987758745383
0.3001806778634898
-2.0058880496943776
-0.2808905959107662
0.7472137525718011
-2.1743009869457475
2.054531274194049
0.7631109152210915
1.976964442131138
-0.8210986251656875
1.1301638446091644
-2.022176043256349
-1.550432404935346
-1.365851961154521
0.5993109755405414
-0.1252243157231164
0.9231447735758429
-0.9126760619545813
-1.3793581376827637
-0.2479070268199591
-3.1916522068074062
0.09944209049316827
-0.505225638223863
-0.4387126482625609
-1.7409507167957852
-0.7620349195611558
-1.3119309494336258
-1.0407241112432806
-0.0703230987881359
-0.7175627127239894
0.014818326931969423
-0.49563246470656214
-2.6550663618575733E-4
-0.8903201491831619
-0.5915775179113641
0.9971370543351633
0.2947454516405742
-0.23602699549358466
-0.03360472875094389
-0.6422495154380279
-1.1051386837688382
-0.2515816560909636
-0.6180502068012652
-0.12861099773975326
-1.8764347661361644
-1.2655047964349548
-0.5396425817680308
1.183659224525972
-0.4687393017452773
-0.7257660152032791
-0.4762240877267178
0.49908257118309163
0.14914100374768857
0.8611774913360114
-0.16488771119378037
0.37855455563880935
0.8858866067825283
-0.16492460793705974
-0.6372391338381117
-2.6175866007972433
0.7531787698514928
3.8249965193663313
-1.3180038969980794
-2.1723317619158684
-0.43421065941754494
-2.1108479213429856
1.2116183957342002
-0.7167416070495791
0.2316690156521279
0.375401481896701
-0.9725723597803746
0.017569861554256713
0.37196633069564905
0.0630447081989904
-0.4492384720726305
2.1111938120028486
-0.47811636025779103
3.097598797319509
-1.8904112870290286
-0.4045411211861842
-0.5753398544690412
-0.2354574525354994
2.025138487459039
-1.4084480219904776
-0.5303198359537832
1.008621573612369
-0.2788393575697784
0.270176586076786
1.0570928927317347
-0.702418930543385
0.5754462339165323
-0.9333884938322929
-0.3824101191727525
-0.30616102459858613
1.522963508734944
0.8184112603863599
-0.6953610943187452
-0.30160749230686423
-0.5295540528997338
-1.5490753442027507
0.583334189935317
0.08226841096541558
1.6470873009965201
0.3666878003686655
-1.0373657925660833
-0.44455358960102337
-2.209408226741045
-0.9905731808008741
-1.427461770663672
1.1596800985630065
-0.1514428522444627
-0.14998195383032692
-0.8148120646269033
-1.5825768388663248
-1.5765653267196311
-1.1394284119921607
-0.2210106644510448
-0.2304947021687359
-1.0200883583283908
0.3703941492309882
0.9806830739456156
-0.49966710912108103
-0.43172635568458445
0.9519809763806445
0.6131588737653664
2.7544019671238935
1.1653577416096392
-2.6163756510305904
-1.7825447437845925
-0.16006467084071488
0.5648343924140796
0.9041402056939294
3.641274656865578
-2.454673268966876
1.3527884359633315
-1.5461717807656106
1.4836954614219469
-0.9085439574198052
2.263943620281808
1.125762666837789
1.3527817730183098
1.2027731537145854
0.3968632856875068
1.9995245107096833
0.54076007572531
0.314611423044227
-1.826097271030976
0.3493397660578586
-2.1309789704562285
0.5984766127586616
-2.160647782867118
0.13624119591210565
-2.4315401669360828
0.8027549439957485
3.4019506982819707
2.8565356483970032
0.33856335501270013
0.9506072774202224
0.2423318936447324
-1.8911890920765966
0.18092727608479853
-1.0141402959320593
-2.8485051852386474
0.3987600950506022
1.6242724703215123
0.16796767031755644
-2.741508800681118
-0.868122264942893
0.003637831604895707
2.4691834580530414
-1.8234540092913547
-1.9195795542652736
0.0711505057724854
-2.6842387021707643
1.3904214051105985
-0.4516340072748992
-1.6107165831591168
1.0666474373192918
0.367292230919124
0.8752881663643987
-0.6987336643379068
2.4416457648707395
0.15742269070375225
-0.6256679850554729
1.3097348258289956
-0.5186325127810596
-1.549682189689322
0.37654993744403326
1.8583578258588465
-0.26108904904806296
0.7456831114431605
-0.5765440280733889
1.2233398569199643
-0.6158798112950636
1.4601196835586385
-0.5761237625375982
-0.4150917946520108
2.879669806224732
-0.46405139239746446
3.1339525538783053
2.79075435853059
-0.8733767844565826
-0.04205856173844149
0.22089593376023006
-3.698845997262595
1.8807121763086736
-2.1870921985561846
0.8923390046057289
-2.1545712226141696
-0.10303316669679845
1.8155018769797073
0.49612091478258924
-1.9548235702161898
-0.6714957185249725
-2.418245049729399
-0.41977179080412697
-0.03171063516842773
0.6050682729634943
-1.5787302158263627
-1.3149027548378671
-0.03913538854726648
-0.1530583788778351
-2.9078172031584586
1.6108825416335273
-1.413179735282704
0.500351149557361
-1.0606939895440288
0.16357668907958117
1.7327216215168306
-1.574326154195449
-1.7249613246608644
-1.6088572590110797
2.740582964612514
1.62670462481153
-1.526339388361706
-2.791331008681751
4.268911420451339
-2.024124365513154
-0.040656403171790687
-0.8490718553171626
1.204015717416389
-0.21321564101657392
-0.60588707623293
0.4265233841490259
-1.292211701111368
2.0911185817195563
1.22443410492525
0.8863088075738699
2.4896679072479415
-0.5307789930713416
3.2511945249570537
-2.7669510530011383
1.4584384180884098
-0.48930098459051985
0.7287570658972905
-1.941769561143439
-1.0171582888566721
0.6051039400557588
1.0193541266386827
-0.8440918341609417
0.49806589740385865
-1.0185465632203348
0.3285857152707949
-2.542586108136549
-0.17634980740529219
-0.4057452352847793
1.3624745815951667
0.0722351847613469
0.546431503396151
-1.827859816583469
2.8874807578906583
0.32718674583113855
4.016185969992872
-1.059506271630327
0.7418395369073778
1.2749980442950017
0.09368318278638897
-1.6247177617217676
-1.0945899424706333
0.09728062903560995
-0.2667948205331267
3.913250675317796
0.3481912871107968
-0.7933343128214105
-1.4490909502542766
1.5020923753351108
-1.5430881913064447
0.8916117604324231
-1.3568761912776863
-0.8702270616568148
0.8215996384878064
1.287825916574957
-0.5140445023974214
-1.894360728960851
2.3940254727363937
2.215120912982046
-0.0571150926835221
-1.295920390700468
-0.8981815847741631
1.7909844920811782
-0.02367382728704227
-1.6942963973122085
1.4753650359135286
2.9510343218961723
-3.603282177135564
0.9230314110678958
-2.411123561612903
0.08951225311133615
0.7190137786809977
0.5518411602325001
0.678805893066243
0.8180835809721049
2.393890330393657
-0.5273474137013551
0.7307961017213551
0.405327573128862
0.770849319904064
0.002489117778948093
0.009315740795256874
0.933239520216944
-1.6012959283169939
-1.4231120572932041
-2.2207943275301236
1.5718969875871933
0.38503278967131
-0.05093877965326274
0.6527156670537609
0.3771397101381764
0.6209696872022353
1.0224461734768102
0.25126270657462396
-0.7159197712563495
-2.515202318293381
0.35178535157367236
-1.4714595305587466
-3.0154669915697534
-1.240655074229641
1.9309345002558338
1.6118448326910833
-3.0745775516597553
1.6716817993753836
0.5090359497944478
-0.9806228288846275
0.6782700713422506
-3.1297083067891265
-2.396683137359812
-1.4319845668726658
0.5745759121835738
-0.5553677864027498
0.5527284171305926
-0.4475725942157313
0.9522950729198494
2.7463392485696585
-1.1656609742399457
2.9089836428222497
-1.7744907416573412
-2.0756562850516356
1.1705940571480262
-0.6868270637576713
0.8626301038254218
-2.169605220380478
0.35084940121713576
-2.84826571091837
-1.7852522031246238
1.139969065748973
-0.2472062217954978
-2.5025511296472978
-1.1866497609171962
2.797136015209307
-0.8855698108185935
-0.24923281604387937
3.318431171204484
2.741622202765898
-0.9553689045570597
1.2636704709750608
0.43631048497771285
3.2245986044868387
0.7089569485876749
-1.5218604548203267
1.7068233277097982
-0.05413516837805821
2.0869450448416327
2.4344868482612285
3.5721036357674922
-1.9953795300476467
0.10889553967558097
-2.6173113754164015
2.4755440912328277
1.1426183063238886
0.06312854187152564
2.4502000039218683
0.24799674891725057
-1.9089638581544648
-0.8892917905001826
1.9150263017259894
-0.08495401062667304
0.3164848188885947
-0.9164120644700122
-1.5210692066685025
-2.241221695082089
3.6010499653407146
0.5061734913758731
-0.12290495828752669
-2.9169743012163614
-0.4918860723128808
-1.9113138553406808
-0.691191324414298
-0.7252186954234882
0.6755830515317678
-0.06400832408585788
-0.6387090416400055
-2.7184409133839185
1.8432463952537774
-0.09204036383402438
-1.7147849603984517
-2.543299829775134
-1.6255995556645728
-0.4711397491009004
2.300342617544489
1.1383684024655298
1.8110159012374916
-2.6414913403184848
0.354904037182793
-1.0158173727839532
2.199035625192629
0.4130141631550336
-1.089250268475502
-0.9099252755035697
2.8205280210806705
0.4329037127349614
1.6068861560033938
-1.6035414141883362
-0.7095630264392682
-0.0751581078682141
1.5028974212640491
-0.47768978705278897
0.6381041986785315
2.126513019952525
0.750328328734193
-0.2618620011771268
1.6384007604140423
2.6254173721960177
0.2237914015550128
-0.5471507897213338
1.2523854766497953
-0.746130168070198
-0.6235528773055046
0.8067847413844074
-0.9629630246775557
-1.3881618942545417
1.1430964122082998
-0.044090625044007375
0.0922459557127814
0.5621178398488285
0.24597483292468078
-0.5240059065202015
1.7266681959056007
0.2228697801301851
-0.7813001131941466
-0.008022200226710756
-0.40940237757020354
-0.8546466054316637
2.2714563070261855
-0.517057781290944
-2.3857547359448406
2.1649150248832485
0.20309443651561745
-0.6712052380618865
-1.1551682229786937
-1.686088950047094
1.6856998794410447
-1.2887910036687134
-2.0369600695633783
-0.5808978247169542
-0.475238955136664
0.31130614971931314
-1.4944767563158448
0.39069121237688487
0.2540585818854287
0.44222213007002736
0.5743751231605978
0.2719151073065581
0.9623242215974801
1.9098239569328905
-0.6746960297259915
-2.60706989863293
-0.6666813329226101
-0.6558416249450328
-5.898436174756416
-8.293418885473518
4.018700324574503
1.5226546506592222
-1.1762101495211643
-5.3078754359487
4.027853019720266
-5.215929788378922
3.9948935030089836
-4.8329437765899526
-0.9392101494155422
-3.7181477801611726
-4.438531264273602
5.29946221160857
-3.062405437766517
-2.5155177517066574
-2.4002134465801848
2.363247421401732
-3.022609613347685
1.0979798963626772
3.5788877430483166
-8.838597709210243
-6.075491530525516
1.3685396210402854
-0.22337381398036993
1.510580284348537
6.552775696882312
-0.6324487444672054
-1.7328141688047276
3.263355031097081
3.8381729447120447
6.752516351696175
7.897463427964113
-6.830656339414202
-0.5552559228071993
-4.879438118051631
-3.7364637636792515
-3.7887556014552097
-3.519742997019307
-1.4132550025468826
5.993224839049252
-5.2612098696022755
1.9149273005079153
-0.195109742817782
-5.040068540038449
-3.0086366266780287
-2.353802761676735
-1.4500805657436993
1.3048291655458142
3.4001664093377575
3.9529168015613005
-0.9015964092481485
2.046880127698729
-3.4870100557100585
-3.8059544030383163
2.485192048423958
-1.0606762006250812
4.236484393795191
-0.43322582777163793
2.1592670182981335
-1.4767499182746522
-2.90492626156864
-4.29189929173692
-9.033711805796225
2.6794357596314593
6.419296220882755
1.6178490954206421
1.6668679811532328
4.644797704268943
-2.0110544619563475
-4.382167287791799
1.269407764471196
0.9723124670681303
-5.7647949121139135
2.3887641001116835
1.423547215560135
2.785436266211889
2.865345750741339
1.8566773472239735
-9.076119884045106
-2.364201993834334
-8.689274328234747
-5.279803761690424
-1.3697895772378068
-7.770224476054427
-3.2432551456135132
0.6528028363058512
-0.007131550523193483
2.3720142429723357
-3.7335061817638615
1.0907006380244466
2.965438153912187
0.6540301606932415
8.145614034579227
3.426158542395777
-7.277942193083612
-5.89698039729819
-3.310453900665036
0.28017916675927035
4.82029063732048
-0.6030506980411761
-6.498860480688729
-0.8531192334488287
-0.5684993562149442
-7.134919729695273
2.198262073098839
-2.5510818308747902
2.1942208699864714
-2.682806670108387
7.824291547773753
-5.478462259453206
-1.094160277004406
-2.379214408967488
3.761096637892766
-5.366291344665166
-1.0534889383686001
6.270884015189403
-2.712646940103977
-2.7967339996630884
-0.8307138683261337
-2.2978323934571048
-1.5853292201442812
-1.9706520361183597
0.9568463671872713
3.2876027372653187
0.9154709013106882
7.253844308538756
9.97675964581099
-1.9629166777767493
-4.323856815678995
1.5125873909036982
6.740513852241099
-3.607967749614687
4.073705867581001
-0.707870141722977
-1.1083535393005248
2.010848879477286
-1.3612879838292458
3.028607978136893
-1.7724677692201631
3.7338203868697795
11.316815487111755
-3.288116096851355
-3.2853362672848805
-1.8650950281745418
3.5849670491344816
-4.01619393547425
2.259774986916983
-3.9197045330223004
4.190329697022876
6.068328604453419
1.5612041372656433
1.4144214178278105
0.29311707039435414
-3.1097809628766684
-0.687972561626511
-2.65800864558834
1.7815603516999738
5.272599702697871
1.9647217116883255
-0.9088860405690807
4.039270540306536
0.041375366082162725
5.442005909337682
-3.4519991809070554
-5.829522113348415
8.44578638209864
0.7197157052219029
-2.659626806985384
1.3158914327198186
-2.4980487073953324
-0.36256491984195366
-0.991343615345659
-0.5682872445627173
-2.003674805170599
-0.982650943959229
-2.0443621184550116
-0.37848809270714545
-1.8877046993817876
0.673649506541734
-7.279266366876501
-4.513894509202851
-5.244259894496336
-1.6376170627689475
0.9184861925694597
-1.0047275573520749
7.92500456816738
-10.870010272330983
0.8313503499285437
3.570283595585587
-4.617036483444432
-6.752634068348714
3.6483724134415505
0.3923138393926669
0.795651470962585
-0.2526090790146106
-2.084204384120767
9.48463897088951
-8.230228464991052
-4.818560639389744
1.3625508611429054
-3.215888769002322
1.3028801110824275
-1.4359161675581076
-0.6151925505425722
2.5054185314294584
1.0326960389354831
2.049356398017667
-1.692689563064751
3.2917598545643383
3.0157951994900154
3.884685308358214
-2.0307038247966203
12.185179133161894
0.7476455736631992
2.147492819569126
1.0035640322009636
0.652929394532624
2.199580828099089
-1.0081133417152421
0.7186899239766108
-1.4276875351442155
0.8454726903947652
0.815284097336292
-3.682691560925944
-1.101955619550374
-0.9399754594359215
1.5800623918852106
-1.2574832394654771
-0.9892639298168665
-0.5258542366365616
-8.429428767863595
-2.5960813961733606
-5.573907589691264
-3.035777940659
0.8769337892453246
-3.8252743891942047
1.4839877953650282
1.0813034246945274
-0.4756830601531277
-2.2382275905032647
1.7537037726874607
-0.9419805899153585
3.109822424768058
2.90129731902268
-0.5754790441002983
-2.085086890929951
3.109686853369879
0.19366341450844204
-2.251579718673408
10.567333235002506
0.26623224729948813
-0.30291710610827266
-7.877199713638362
2.4706126011310046
7.899343256857268
-4.565689299905616
-0.09127913844992606
2.0922760520977928
8.899173667454965
-0.5811003392933167
5.918550347103108
-3.671449939363653
-2.1789532078416447
-3.8822139976548624
4.623119623817803
-4.63230341670601
0.0773011094396413
1.28673402790771
1.4825117202148594
-1.6608318425033122
2.842793869740962
-0.35413082589459194
-0.10482261599685863
-2.2013129305509853
2.7478836519973187
-4.681204701302305
9.645999335265444
2.9436464760021157
-1.2916363533997366
-0.04259110241214554
-2.7844374699938013
-4.38808584650374
-2.263073207208764
3.847785732947713
1.0383855391479715
-0.9795224075545026
1.0270042737187375
3.5813396388003835
3.1758970251393883
-0.38804445190012654
-1.3696576995167242
5.663688861609326
-0.6105636422165458
0.20033068948201826
-0.32703287527241715
3.758767998525485
-4.041925629962235
-8.743064021621638
7.92562493687937
3.1744612513689967
-5.355887686105721
-4.546684049279766
-3.4967226130413565
4.023517002262674
-5.727491996094803
-4.519204582477267
-2.0010916507668055
-4.8591910504097156
4.994026716960842
-3.184021883927693
1.6205525953665798
0.16443348509188385
-3.4535722232164625
2.857297155919938
3.407208075793372
-5.368061156460492
7.655981099977506
-3.462989072279733
2.481228791192301
-2.2466730395353327
-1.1741720726096665
-1.9201797411632313
-4.71331746679541
0.16484917195934537
-1.4891305020249062
3.795862017822438
5.211423739765472
8.822820898580389
-1.5509819653101196
-4.429387244843277
-6.130307262138744
-2.146102354606104
1.704004406366429
-3.235206248034214
-1.5404046184551508
4.613186254427622
0.6132891223119459
-1.9551573306078889
-3.3028260564071608
1.7395838942819353
-6.0587400883564175
-0.4840878504681197
-2.3141847982791717
-0.5816394185115314
0.575667271694723
-4.6177202506938
2.5012248147090297
-6.848717217775798
0.538008199380873
0.7166592275464634
3.7916843975728862
-0.34768805061485164
-8.184237412087702
-1.2460737868747218
1.7073602637527956
-1.5464644401980023
-4.812131311498568
-1.7304190178124046
0.7695292184294923
-2.528980136351913
2.050415325633644
0.46007369460245207
-4.9398334558695245
-6.168419770091295
2.3249418328467617
1.8908977402892135
0.3177561615660952
-0.45867996847037057
1.3769446000271088
0.21349431903873828
0.5905139563890199
3.543577928171774
-0.5576658175928298
-0.04442201459337996
2.3569517682791523
-2.4948356998656824
1.242849591989
-6.48025572399589
3.9185722820405138
4.013060030005674
-0.7705168717553461
1.8947865164724293
-2.3560324620742645
-0.8495519969948059
4.038752024327909
0.07451946675583603
-2.0594164603925895
-0.9149782681885736
0.3365708767800351
2.275090762407678
1.4126751603171717
-4.229535143661303
0.8687394951794128
1.2326272570831929
-6.066753864071303
5.784750917380325
4.215110844884923
1.1942036405586565
-7.210871575891957
-1.035549638391481
-2.896371003859282
2.63092971379591
-2.171427853697004
4.328893597434657
1.1250919702008022
5.1945891329109966
-1.98562214475127
-1.3478888784582579
-2.058093204328875
-4.737264170466251
2.8801078041033015
1.5266532648712992
-1.6367019726744967
-1.127529322431236
-7.037995173114208
1.414662687256314
1.5700709615281687
0.4260739034675605
1.3351974205861414
-0.3598074391985586
-0.22444158173904677
0.015887152548667245
2.951598870215126
-0.2995847118559264
-0.5150619915160951
0.5563223842852486
-0.14282896939284095
-0.7551822864497343
-1.061121625709468
2.636891694899939
0.3598680982213186
0.617595689032589
2.883035865818909
1.0497483551400324
1.4770493314212034
0.056051180374005125
0.7781928209814377
-0.3318723180433304
-0.42479950233597585
-2.816805889950049
-1.251426019040011
-0.3189909712493252
0.38440455988617894
0.36162789146863283
-0.5432349305338011
2.741714111776923
0.877363407258806
-2.1056614277275574
7.126098685519516
1.1631544287979736
-1.7011570654791088
1.0608854376302976
-5.163114768228501
6.982280787767298
3.633881571087241
2.3214462445953643
-1.548548200324457
-4.0454088153523955
5.521722489005387
7.597612657785034
1.130628603240595
-2.7015253340186334
-5.897629310821626
0.6525028009496269
0.7330517882659745
1.0019917534796468
-2.279605084615216
6.428048908938309
-6.726044170099838
3.520378022336235
-2.3081064852336595
2.1807429402355476
-1.70177798169125
-0.8864964641776267
-2.062590864466383
-7.5572974556408745
-4.046739335476276
-3.294039775069604
3.552428444207733
2.941879246333778
1.1691422174200683
-2.6368128116589835
-4.634581864000926
-0.6606484620564095
6.878662131464115
-3.3369325856548184
-2.755644344626992
8.805010251488719
-3.41162405524676
-0.010923319329721137
-2.752989632302824
1.7450144684461069
2.6899222916196814
-0.7466712410301845
-2.934584900159768
0.8738166476842861
2.5171424327397713
-0.13918694509657592
0.7381706084602253
5.450935515057829
4.792065382856404
0.7513226994782213
0.4678422210357211
-3.1336905172232545
3.174120796410246
-1.1912196610657746
3.655244758932548
-4.1550079241019375
-4.903946411836106
2.625939618891056
5.896481506935648
0.5789597039782053
-0.5164106100825779
-1.2429356828664957
-2.4835568849700738
2.4914534180090433
1.0354029182256121
2.6087236947914256
-1.3322064316483602
1.8605885581046187
-3.7135431633207925
-5.08739013503948
-1.2515590947069075
-2.6382922759006187
1.0774049995457022
-2.247487164283554
-1.26945419662238
-2.7169308318971246
-1.4607452032316661
1.3584094290548392
0.9066809970214192
-1.4472961421376442
-0.8705103888678931
1.46443272237363
-1.1040672638805085
1.1691985556847078
1.0901394628818466
2.779909755287525
0.7644331710928636
-0.4170342692520589
-0.3540058554137871
2.3022289027030522
-0.1163620006158093
-0.862963878515591
1.236319562519326
0.3471175009721073
-0.7872704314057002
-0.7704721669975491
3.6308964572624767
0.09639810154538181
0.2308848904284511
-0.1960143742767876
0.7301448317596054
-0.3325047174459162
1.4557752931054098
-2.260589329869435
0.8284360793601904
0.869378099885541
-1.4953784762330213
1.157922127491964
1.3022691028538675
-1.4930270945495163
-2.7918794544882055
-0.6961882635413142
4.034048445379955
1.4940636535460834
0.33619763446147877
-0.1026052359234704
0.009291244644097451
-0.009905577221932768
1.5191746149144738
-2.737448344505381
-2.080734346745356
-1.3540340992944715
0.061491863727283255
-0.9148331278744517
-2.08717880117585
3.429611621375099
1.879223008914683
0.847505081253431
0.6334289229240097
-0.7514280343977731
1.1474282816184862
5.168145348443722
-0.499331127150416
1.9104802726194163
-3.229108090496336
-2.75299776352738
-0.08764577316664199
-1.9669610031455667
1.9113053205769461
1.9093167647402296
0.42669157921728545
-1.2299583192494337
-1.253450641294009
0.26751574455838006
-0.910627191645592
-3.523446577766119
3.486448216501537
-0.7021403349747782
0.892124874953091
-2.5493669666431567
-2.4689239768705264
-1.77741916953537
-1.3180052354037517
-0.9349066136491099
-1.2573751501277224
-0.23286345546486292
-1.2032316349712684
-0.6538676728665914
0.5434435400774371
-1.6671931027466547
-1.5654228764303484
-2.101281579898117
1.1721767518366646
0.022247517441875007
-0.29902681519944946
0.1927646327043803
3.5609247573096994
4.089335299409128
0.4176431612152053
0.8524712528601037
-3.002746436551617
1.2610797928119846
-0.8047400635416879
-2.246080914936665
-0.8390967072295078
-2.701677186175435
-0.85592539971537
1.5936549384783614
3.5658347145466833
-0.4418969285655482
2.348392880493199
2.0614276469325246
0.3589486551800315
-3.582342250605389
-0.5830823982219133
-0.17390062383279992
0.6633788688185078
0.541774114956649
2.4947505929918052
1.5533733312563172
-1.2479074726289465
-3.2979322782988416
1.7504573166580912
0.17033346704368363
1.4586684610517766
4.306319272988314
1.1003725746791873
2.0079237108202515
-2.8448344822636376
-0.4409909323030766
1.1077348219243508
-0.18968173946899378
-0.17707615159909845
-0.4420358992043826
-1.3581889517710126
1.1633152559865851
0.31789138626734986
0.17218263723655566
-0.07966963139880223
-0.5345685623836743
0.7895301141325234
-0.5667630651662489
1.3495304775863242
0.5134385790735905
-0.059392224260417126
-0.8570758901848619
-0.5829961021205865
-0.6019404683439321
0.781210341603021
-0.03265086052644228
1.4569251671230707
-0.8695788431177615
-0.01441627978132208
0.3482299684392528
0.6064495484557033
0.15053372768835893
2.7530991337877975
0.5531071466875475
-1.3421988126411075
-1.5518489795868495
0.6037095887276737
0.05007451381168741
-0.42923667177867364
-0.4465430410682244
-1.8781043578687633
-1.125715568214142
1.248196590211216
-1.1084794164413998
-0.2830734956364443
-1.4326112091895993
-0.15335304559778976
-0.9786369251275587
-1.7782632610812803
-0.910416032314635
0.9354917758000443
-0.443647342726958
0.9833697807826768
-0.1525768603580154
-0.5055672482174608
1.4152350333975785
-0.35294739263596636
1.101837210626631
0.3123188819529554
1.1597194371041308
-0.4721437176445969
-1.669552179015052
-0.5003037177310653
0.8567866284273542
-0.05323592409025066
-0.99275401430236
-0.9859689676143708
-0.3704099369198811
-0.35128414985142853
0.0685711370421866
-0.17404075567589125
0.7208943986103992
-1.1771999772249138
-1.5321446543209136
0.5643377909027794
-3.1255107993718863
2.8721687275041496
-0.635655914908915
0.7272370955601603
1.6847089977851197
-1.6599357677428384
-0.006079379327165623
1.3976956976777428
4.755437782404561
-2.2406336975905923
-0.6561372760235213
3.667864679891282
-1.2967120257984994
1.2422141970012994
1.2412707709002668
2.640295668356282
0.1452090331174163
-1.8809958784306773
-0.5784768783055724
-1.9271070489275532
0.10073053044283908
-0.743257952999382
-3.7803073052023666
-1.9046668680893843
-0.9636920323748883
-3.4345918329416967
-0.7803778322848135
-1.4321622442735251
-0.016612054402422617
0.943379193741864
-2.926242033779099
-1.0221555795757866
-0.9215640582371225
1.810964096384065
-0.6770377294759271
0.6278201176944539
1.080078048117103
1.7116013682709776
0.8092338711511137
-2.636639738807931
-1.89844679822948
-1.0736770524139136
0.0163401090825443
-0.5490513924714154
-2.938417873729278
0.863532143863039
-0.2737401676323736
-2.840683912284623
-1.7853737853208682
1.158943320755644
1.4949815245697369
-0.1447495526929993
0.9453507256642858
2.929560377521346
-1.819187000973688
0.4218305664405301
2.012570465657077
-2.739325804172154
-3.2122981085226447
2.248921095882762
0.3301463361201207
-0.4598836333614601
-3.7492418469282316
-0.770076099779587
3.3819623473846327
0.20871712036663295
-2.2175384550754127
2.052353264139853
-1.6010507298137049
-1.4655847881076811
0.7196833537639229
-0.4392460101687608
1.7978536202352613
-1.7569136322284744
-1.4947771777825911
0.29288101489796675
-0.6165684662298447
-0.26178379388279005
0.27817606494461555
0.7085148707471159
0.13234629850996962
1.4035708052566118
-0.9361009073305355
0.5344054587064978
0.018881208853414565
-2.078484507512529
-0.3298525000757556
1.9212772107040181
-0.24026166930386642
0.6583515007933823
0.35270862175193834
0.09832141629993305
-1.2076285886305118
2.162563835441823
0.054437665559217335
-0.7199043737736855
0.9073086983844353
-3.9030467047710635
0.5661857256398111
2.0332578936331753
-3.533901759602656
0.6504396209295554
1.5534816661168056
-1.4174269228344707
-3.107202500146676
-1.0571456301489113
1.512363927111608
-0.020764887682691694
1.63748328282561
1.6399636314730537
-0.5479901101246916
-1.0083297109095586
2.484424535963107
-0.04532874317279842
3.0906795229551625
1.420722709151009
2.048100148950926
-0.4593044202528389
1.6881463086644122
-0.8051185332070236
-2.613547461670321
-0.9169291068004942
-0.19302892318243164
-1.9464951824280128
-0.8250059191585358
-0.4693705747741091
3.527608259394672
2.0938815494808702
-2.5537881737519
-0.4284384466955931
0.584363015168563
0.5615228712719936
-3.319251233644125
-2.9766412018960127
-0.8109500324842136
-0.5593271422469286
-2.2491911904185193
-0.20311850913433407
3.7666687802825947
0.8588918028192406
3.5884194302519403
-0.49481028119600273
0.32643969423249175
-0.5878052685227575
0.17385532285287497
0.03464756881701941
0.5895173126553529
-0.285583519642109
1.7012299408851368
0.20709679664269776
0.4165472411619963
0.7430271322313955
1.116392722837487
-3.1614442195591814
1.0353248665385966
-3.324320577088001
0.41611332508522936
0.7870189993072294
-0.1959980466545608
2.720492929643025
2.3992994497715436
-0.8628535878610539
-3.265203351390445
2.3337156754782287
0.9665634718930454
0.8369611571761094
0.10474304816334447
0.8993512806153217
0.499010970730461
-1.4299553846340067
-0.2906167734204431
1.8155502347142594
-2.25821564765101
1.8018035166911401
-0.5068394373211829
-3.630947901927049
-1.627829506032234
-0.5893717215566248
-0.4382278206321982
-3.3717442279997805
0.5905142913864845
1.1507337011959122
-2.2806122441954706
-0.5054485040141177
-2.6929638456906018
-2.874812905913449
1.7580403238412181
-0.1772226900877786
1.5083415793886168
-0.3169534418762894
1.0025738435341058
-0.5285653379506399
-3.161565279723325
0.5699780139391356
-2.432238672059691
1.014747993525153
-0.7041083776958919
-0.4152434325403153
-1.0903536173773334
3.41462698416386
1.984264058997058
2.3548298559486014
2.9394823028790844
0.6140217298677986
0.6143602283994857
-1.0977371038468282
0.948178953023206
0.42958147271285374
4.0804641262531955
-1.9633792433246253
-0.8654059284111137
0.9383973001155634
-4.314460035435548
-0.6251377383265537
-2.236567978383759
-1.2990924497388279
-0.17588435661881235
-0.009076606644769097
1.3593696097311239
0.05632577664616725
-1.7832088844892666
0.31740784783953546
-1.8981159916355677
1.4144326562206224
2.4220679792286766
-4.055815988461276
-1.0275503237816337
1.292037120014692
-1.5333819688601757
-0.5685861614362097
0.740916022499947
-0.7048938794381727
0.3711932180298152
-0.49864074182085366
0.9534094845922368
1.573509209796915
0.5620309719089694
-1.30158675092359
-0.21997090305480646
-0.12857669236695835
-1.3804156314334128
-0.19600788829904173
-1.4418012667407327
-0.4674334109874186
-0.22351643316538214
-0.34008725404854595
-1.1266526067154523
-1.0712497044076486
-1.9366270171944207
0.9048346633886385
3.205153729682291
-0.47553142692245176
-0.938961069063155
-0.07861583020188485
-1.989215794169243
1.2950760139075057
1.728313176311435
4.000123732408363
-0.2563547910545851
-0.6204179263948446
0.9294569358581958
-0.08483331894942212
1.022567901667282
-1.0697639323336399
0.40325582696582074
0.8831870223621798
-0.1638348524008519
0.7302309541088101
-0.8066298339007755
-0.8150031191880299
1.3530443241267045
-0.5949774436483424
-0.35525884295622895
0.9426884519409726
-0.325520046584575
-0.8655232592517504
-1.2292121758209837
-0.14231320735701103
-2.254555600330799
0.9210122021150249
0.1816802793061497
-0.020394629939521326
-0.3228014750461769
2.3216716040039196
1.8001723648489085
1.6023029456260398
0.5373775740695312
3.4636990293180867
1.3147502309419319
1.0995348485675571
-2.6562747409224174
-0.39947704594126476
0.24180661204902962
-3.904221822177058
0.14491055464183372
0.8155741581057722
0.5955227154447694
1.7463612234333181
0.21004855850573997
-3.0713442167084803
-0.6643514568209661
-2.0082649537065405
-0.10099748797766771
-1.009893522151518
-1.4115380820185408
-0.23108471957221985
2.2576162032985243
-2.252326672477812
1.318546430664421
-2.106081930107307
0.7168832631412222
-1.7024639407561666
-0.5288357793737334
0.557889909239678
1.6752070310989022
-1.2500357225455905
-1.270554293866301
0.24055494177175193
-0.23005706057444178
-1.8745041455369102
0.3721226021378919
-1.0323139984438223
0.8469956659887624
-1.8376078901710724
0.652893075231742
-1.8260353409989905
-0.01317196845094495
0.17337951760891612
1.6970515103588018
0.5717472197953233
-0.5310066927992011
0.9334716250198561
0.20554492851789496
-0.32319886889055366
