-4.183704795514211
1.2415675425323827
-1.7072217932790938
0.2572544520856886
-1.2443961352735216
-0.24177338942635668
3.0980279470254226
-0.17361324428409908
1.7497564155919771
-2.595465536664525
3.0446007526061507
0.09798363606870222
-1.2353617098263823
0.2765617887740233
-3.9665082826685576
-2.8463805712328116
-0.3789901812949642
-0.7627802232864274
-0.15239997659764368
0.8359632401594896
4.905879858684497
1.7665801749779084
-1.7339576759269382
-0.6186682063372385
1.932225051204387
-0.051994844242049795
-3.0282851755998896
2.237391097308539
-3.9364935938333727
-3.7000504661882734
1.4546372390269844
-2.438546069324431
-1.7860701927977236
-1.183235944759361
3.2946188908865133
0.7806391532196293
-1.3650049051454618
-1.083856745609085
1.653879369675732
0.9605362858083335
-1.3186002005945048
1.9348351774356933
0.5656924312729557
1.3328837737625983
-2.59386498716645
-2.8959633204232924
-1.366643434044784
-0.9978295266340577
-1.6463103865648552
-0.6316387702297142
-0.269608535328529
-2.91261463382008
0.05474766161500212
-1.0463012526091688
-1.6201661212892071
-1.1986529271841702
-0.012501327241680212
-0.45201641483807015
0.7152513604227297
2.219077171667659
-0.0028286683072815673
-0.8291039047980016
-0.486584959101028
0.42474641005572206
-0.7259029856739012
2.287225727371521
-0.9628673708771647
1.8752696127663226
0.3470339047600516
-3.7112838307862024
-4.5161362717366185
-0.26543391254319126
-1.4767553722132094
1.5058000491862342
2.3289646240937727
1.3615401685255208
0.9096348616572102
-0.8936292306934048
-1.0336960941390676
-2.575176374645587
-0.32710004576751156
3.612332414765
-2.6315779888103403
5.192070903857098
-0.5637631504324131
1.2837721418853834
-0.3387349037794537
-1.2500595591662778
-0.14189552599554686
-1.2281829133621995
1.4224822937304145
0.41865132315717235
-0.8345508505835456
2.8617549848221517
0.24835985024651822
-1.3774865122519018
2.9100611182280383
0.04508323554747827
3.3756495608094683
0.9812501694635675
2.0886481294315185
-1.8985870039791313
0.41564596264185877
2.047401253267045
-1.567779644853328
-1.7188131196611913
2.551310856282173
-0.6615771239616809
0.01818935894789643
-0.9434386978551712
-0.3769553148356611
-3.029489304301344
0.4841100239767472
3.4468366003586883
-0.16048214075007866
-0.4682958461395982
4.751298020956057
-3.2129015136762122
-1.9549930827984365
0.19325307393037755
2.545313295364255
-0.4773072830096216
0.33262462034364354
-1.8872964425391774
-1.9605907731912988
-2.372751013926049
-1.182713179129304
1.6463836102182623
-1.5450654443608194
-0.780019204561304
0.6267970426608012
-1.2330022940323402
-3.253771856219397
-0.9828012534348711
-1.0920450647472895
-0.09713491312950227
-0.7374281366132963
0.15701358850514352
0.472953425268633
0.6941122854944636
0.20242353768558244
-0.8147334608987581
-2.149567263484595
-1.9782074163448558
1.1211151311225382
1.602140741973671
-1.709211337036495
-1.4787042623617268
3.392757673651847
1.1896957112165865
0.7725464678396127
-1.5158903793059129
0.046273286406406676
-0.19770185707457605
-0.214072797686284
-0.8500782771563419
1.2060187809262228
-2.817574525466858
-0.8696862426518075
-1.5281570626676957
2.807487468854291
-2.6164360596960905
1.3370066846908293
-0.8400550643239943
-0.5522315960367683
-1.7886053646414648
0.08707667541923672
-0.33793037051444125
0.38604487059073805
-0.6237078950632059
-1.05312714988208
-0.6225698448899378
-1.613604161014132
-1.176143470429139
0.3357362419870866
0.27421188422823217
0.9254890548785241
2.572957049819279
-2.1199728126741606
2.3886739254323364
-0.795740991534186
-1.7462442448217343
-0.9028626932882782
1.189760875594713
2.035260501113759
0.05276092675686267
1.429456212610001
-0.490485408979239
-0.21448943899463463
-0.5981611333943948
-1.7545368489212787
-1.667535025355965
-1.338094028188016
2.4003087983440556
-1.9315076758700058
-0.6971121133344942
-5.9340623940758155
-0.5930923173443263
1.7364420984878306
-0.21171276228403382
1.8608564435553059
1.9316292341136352
0.5765777663953853
-1.2724991624642963
1.682639492168798
-0.8921943087822192
-0.46398345736343966
-0.19888565934682562
-0.6634796526645631
-2.4461379649374333
2.404006973878587
-0.3755391422221457
-0.4021673757478093
0.9598507294842489
-2.69328279347218
0.6359737826574289
1.444532944197444
2.347770421190063
-2.091847196801766
1.3340211494785097
0.2626707128923678
-2.220815684566664
-2.553215004031503
-5.14811809327291
-3.3009196849982225
-1.5805723113807009
-2.522545108738002
1.6465399912622503
0.49378332835294253
1.5986516004378677
0.2710947710712767
-0.4957194763560359
-1.8836704653335339
1.9417378720581067
2.1909160362295297
3.8921316472314733
0.9606757605055497
-1.9595903294580028
-3.9922159928002903
-3.6618923081902026
5.159829855519072
1.64298586654076
-2.649805298964277
4.435233849740752
-0.5620656337505989
-1.0061475578646024
-5.099363504673386
-0.18268897538477
-5.191698689765364
3.1185408731166047
-1.9487265796781577
2.429074838548863
-3.018741042786219
-0.07202554565447258
1.0257506600562756
1.4426685780724227
-1.165117947969432
0.07246798960424661
-1.1312869801036656
-1.9930682978979934
2.6783540558842733
-1.3081933746364975
0.28292238158918714
0.7664472042007461
-1.5482408103810512
-1.6532672315141235
-1.5817012387534704
-1.4121327077762673
-0.48980641087039145
2.2854130112306525
-1.643428914531968
0.8116512265616374
-0.398044451425441
-2.204168287620903
1.0244101219979933
0.020863026160993316
2.6029533022840927
-1.1146931505339819
-0.7370722280123607
3.3975806574389256
3.3486393861064725
-4.415470127624077
-0.6166922678216367
2.2345097999289667
-2.0552481453171785
1.6852935098778468
-2.5682529776707432
-3.9158546343467395
-2.637549977735945
-1.5452090557448865
-1.035980995283461
2.0330138867892016
3.506343323795934
3.332409842043406
0.3347036798514688
-0.8673370461936265
2.593665391435394
-2.9995164457376284
1.456815334750425
0.9509414902914909
0.20383352326806664
0.31110813019746014
-0.4615032962297137
-0.08213891793221657
-0.9423320427359188
-0.25625848847033833
2.748312206597499
1.4677144109028977
1.2183457525083459
-1.0703537793513385
2.2688368569844974
-1.3341285083213121
1.546851921576684
-0.3737835971313905
-4.216135366101177
-3.0074431320601764
2.8808976495263035
-2.342206931686252
4.20822317849562
3.1876402271090853
-0.7564662388816433
1.9235351242875296
1.236476454446535
-0.9546708748202739
-1.0429761645812585
1.4362754107663174
0.7239666443798543
0.5958751812039599
0.15768080257054998
-0.8415710286822699
-0.5763447676752143
0.018766071013763718
0.6315123042624494
0.30527460410357093
0.3661841677312638
0.8493929962038999
0.3064866142481647
0.47412160240141643
0.08650075048722532
-1.4580608087605993
1.0031302226058938
0.7982677286171561
0.32218714874922005
3.143907819942693
-1.634961318431719
1.8044825969080345
0.3603545469501596
-0.6186719223371377
0.3699583136019685
0.4122933108927318
-0.5261309219832428
-0.8971488704456073
0.9247922700626764
0.6172252880060016
-0.6532435446674895
-0.8570591070436732
0.7752557296296723
-0.0265500048205958
1.0357665954176052
-1.1491516770100836
-1.1125198152965519
1.2359280856669395
0.6959340595202059
-0.10365241607912415
0.36488791824196753
-0.11558506174402182
1.5317517905040205
-0.015436430909212363
0.8217876666211354
0.42533321689414966
0.6406970878754196
0.7878903559592004
0.998605011063408
1.5599805774823094
-0.7117495270444162
0.2565915953824931
-1.3692250662429013
1.4833328877255751
-0.32918153332747085
0.9625207678141287
0.21462773052481524
-0.0629635729358749
0.20218030251607
0.9973577251130951
-1.477299463128889
0.9977300162931055
-0.9554329029086069
-0.5722053932986664
-0.6096877003507418
0.6407871203516552
2.622383286585716
-0.4889200134659406
0.3296436078380023
-1.3647784347618814
-0.006125659302710825
2.939091945871943
-0.36457252525535777
-0.36313320832911283
-0.029285267927695025
-0.31667581686097596
-0.46055550197803824
0.3812662608874175
-1.2794002321028393
0.4767740927829788
1.0348594763791377
1.2767063355573551
-0.05412582450214042
0.16293690732413402
1.0035091635739668
2.122102486671795
-0.17072584027886534
0.7241150513196574
0.02789579910616457
1.7946114961100914
-0.5670950455739835
2.238439251787126
-1.5325151921314073
2.752493097014582
-1.0644351952078288
-0.41824697651191034
-2.4559704748769264
-2.7829853920144436
-2.411366183384162
-0.6011378466840225
-0.5916448641451354
0.1641889174294088
1.4227605748210768
3.917884804671845
-0.5254920919941543
-1.4218401555253983
0.0983076746043206
-1.6588267681970346
-4.468943410389963
1.9274048265820316
-0.08860134246956675
1.821763924050878
-1.8511798605909633
3.734922241680732
1.6065968490022984
1.2075744165172184
-4.057646129759015
0.29338269653331017
0.653181829272293
0.7494279467457318
0.6192637235382445
0.974107776744869
1.9034354582154533
-2.896192862168579
1.4098715764305934
0.31752482524162384
-0.5606954690995932
1.2385647334990384
0.909271987216355
0.04980400575189895
0.7425227922203593
0.7831748963712831
-0.21020030871819886
1.5229613888802704
-0.3655110418117026
0.6035064620887094
-0.41510537400961817
-0.9461690734274718
-1.683504367374771
1.3083215322196513
-0.11287713995720378
1.1846490525589146
0.10866765657349942
-1.2659131267584023
-0.9152662830178139
-1.1282690297904712
-0.06755761518862065
-1.4978119638186473
-1.7884737155417003
1.1042144259963007
0.046703032442498016
0.7742688560676768
-1.1970503134367014
-0.5536776086476212
-0.6900583791449673
1.4448843216466463
-2.277467027685145
-0.6714383083871552
3.848530776777011
0.40960277529433536
0.5754142284219577
-2.4640404591564176
3.399776105365355
1.0665877295374824
-0.6953449526612056
2.72306667518261
-1.0240205675829461
1.7417513133627265
-2.340324174939167
-2.013543015674637
-0.09818398727721367
-2.6135959091541077
0.8331059426330032
-0.938242697593102
-5.429239158875294
-2.8459933159876676
0.07704082461981704
-0.09930679027505072
-2.476509833068727
-2.396330002760453
-0.8363264815589327
1.5684762472998772
3.53768352100129
2.012682922357066
-1.9416621774572633
-1.3843836533808707
-0.2541754816534764
-1.1881029692183733
-0.1843194063557155
0.460563569023373
-1.4484967291462678
0.31224701767024804
-1.2896626701414944
-0.9580084341105565
0.9836005883889537
-1.6057446692409405
1.3238105144602843
-2.0267632758205143
-1.442620567963473
0.3130700064040662
2.2020390403737036
1.4742128713509683
-1.2750319079433934
0.14681165520833617
0.5632210556922613
-4.443071411318039
-1.2601294822427764
-3.9925658480380677
-4.448221901110799
1.0335526403314135
-4.032464697308614
-0.6719838215880333
2.5716464938048316
-2.984328303785025
1.6867736045396329
2.938717975699746
-3.217077446056342
0.7982338515633353
2.7727489203483318
-3.0796266144983075
2.3482328085267183
-3.073057947231512
3.7981184250502884
2.1340855227500053
-0.15828524953405382
0.05675394349928515
-1.7563136802584045
-1.8049182099312768
4.575459314691033
-0.6747726891186965
-2.570842795471594
2.3253859563048636
-2.579958653753173
1.2831425771802953
-1.085975698568053
-1.8053309244682652
0.4815353761395589
-1.639121847992983
0.2877232235005496
-1.084836759251098
0.7168233456109367
1.9812916710570025
2.0884499395891467
-0.6290079852864472
-0.36729884660862283
0.18709741384518444
2.378317501692632
-0.6446351652340067
-0.34335354110585836
0.7224024843599108
1.8792074141372017
-1.5254781915636426
0.7578810188537882
0.8124456309665395
1.0829395400077924
0.14485627606087692
1.4398803588216138
0.8719611594358487
0.6415086329372666
1.0244436592605501
-0.17593577759643317
-1.399944577943479
-0.3392098810804107
0.6863482347100203
0.22385627309143674
1.8164888857437997
-0.5941331409408745
0.6800847801858121
-1.1462277632360516
-0.07955168586049613
-0.4948108418248036
-3.9091163726441627
-0.38379906397534924
-2.3217357162499495
-0.5687861467987835
-0.6743246957838657
1.9069468463739934
-2.565656329057866
0.3064762701771314
-2.038205737085838
-6.6281816971070056
0.02087228365314883
3.1750016739219853
4.145321117195725
0.6289595489964683
-0.6256285750717968
4.11350504917167
0.7514011770565467
-3.5855355290741304
0.462078208731578
-2.3548412846983733
-1.6029909929036357
0.5312946187393062
-5.174275472146033
-3.624977849707429
-0.18890961240405363
-1.5927674213667262
2.74129484251987
-0.8778162824823997
2.5497945004825175
0.26200232856026967
1.799605961215412
-0.5507951992438036
-2.162005501394912
5.969190753421753
0.004094879852899557
-2.792912420660906
0.8886707189097768
0.3139241473098823
-0.8293362737884148
-2.0545365113650402
-4.898697562259142
1.9984255289053197
0.6180255636807391
-2.9638599201888054
0.47120236898623996
-0.7317457042915242
2.345774681641129
-1.1217786697761327
2.1799573081582104
3.953689440915987
1.6250933014478814
4.26413556441475
-2.010781062395272
-2.335668094871384
-2.8637895114062304
2.9968716134632354
-2.281222092547855
-3.306649670150202
-0.7248231588584805
-2.419195120178487
1.5677644523750378
1.226595600563473
-0.7518804457077178
-1.8198206072334837
0.7131438223928173
-0.3862834291423801
1.0370469694381317
-0.40061620269348147
0.44871422007892114
-1.5357013193628672
-0.25789296456902516
-1.032850796108083
-0.5913629237899543
0.5590143342304801
0.7894325079924915
-0.38442483686127976
-0.8530700984393993
-0.2705383208526354
-0.19451918309924393
-0.4904633165442399
-0.62119126210281
1.0055125833323766
0.2976859364793084
0.26731183524555696
-2.378099144246732
-1.1930642415133397
-1.371123031884313
-0.9433149222939768
-1.4526116270033043
-0.34312344636112146
-1.255536106309315
-0.3937663524055202
-1.1532836850043828
-1.2692686083449227
1.6804520920389254
-1.3454974084720572
-0.3698188728371697
-5.680789604158942
1.8379370210428456
0.8703988178938705
-0.8418219549364541
1.9677418487328164
-4.527284653543003
0.7462815019316785
0.16693907823383586
-0.5833592451944667
-2.663871993835572
3.4330401580048964
0.6598967717285107
-2.298216900517349
2.2859029227423884
-1.7714808671614184
-4.781429004343684
-1.6490029328588889
1.7477711108505778
-1.8838620691962331
5.4613436769320485
-3.4991438445989305
-0.7049940958191052
-1.1112620737640224
1.0043467229196692
3.5789283301332646
1.5697935662344455
2.6682627795984253
-1.3904460497147344
-4.767398107769435
-1.8708676508299855
-1.863475500901767
-1.9146225707994486
-0.31889680891961325
-1.3427023134411715
-0.747881884624711
1.5328241372428864
-0.6393632753555248
4.523441971830412
1.046496661350806
-4.760251582035929
0.14709232848960196
-1.373403329578717
-0.6012478481265305
0.7566029899888704
-2.8640379483205294
0.9490420154715509
2.679429234099934
0.19254581443248067
-4.216330413414122
-3.018673149183011
-3.468024863571732
1.757777846816962
2.1648019917114736
3.500252819724274
4.958653260560341
5.607963559319282
0.7482488310184352
0.15682961795130754
-1.869748366108978
-1.7753302457793387
0.9371783149583823
2.251321088265536
-0.39611214860719024
-1.8390272967961176
0.7279518768100878
-1.3576602851847928
-2.0861709362713277
-0.2887557530213286
0.1869413851718986
1.5982541160203718
1.3687003827060715
-4.237150791867542
-3.2768858784647237
-1.2415302563576704
-2.6616654433254427
1.2765739670253118
-2.3010055489624923
3.295881207776257
-4.716800900925874
2.2551773938362984
-1.1539205116238267
-1.8238779546097714
-1.943741492292459
-3.0088062173982286
-4.709008546405365
-1.1853596575713117
3.450477942280635
4.5002797319242
-3.142392196429469
0.17309121137273822
-2.7189402956655577
1.1967129907965937
4.394820787927341
2.6461846523834587
1.000377662572976
-2.1006476809397987
-2.6133650499732517
-7.7886101438373245
0.15501351811565534
0.6143291094574587
-1.5501077185500065
-4.457444563251528
1.712958274847283
-2.216649488130972
2.815959922062031
2.28337347146891
-2.756518460358604
-2.123948746152204
-0.9503365497255142
-0.8289999366778695
-3.389343819051678
1.473679983959858
-1.79461534260035
2.6078000405922284
2.0749004006702285
-0.033494292490873816
-1.5301495484607675
6.118263156950467
-0.4754407720414731
0.15996080167465399
0.1463936199135922
-0.2723967380686758
-2.6634437775211857
0.734372908695626
-0.8876664310251128
2.2689708925766143
0.13189823721101307
3.3394661051796697
2.3175652780443703
0.7328277896273601
-0.1545908930036679
1.0602852845103936
0.10630933167085362
-1.7516494326943546
2.0898913052688974
1.160375311818986
1.5818371757300738
0.1114767883502076
-2.1786509147487743
1.217512364200403
0.8074020367743444
-0.4384358453712597
-1.2956565918629337
2.7217323627492407
2.096565708260129
1.926135212105573
1.7092019738180366
-3.038551722618853
1.9641876453216414
-0.3367179373713494
-2.6023630840685903
-0.494791710515897
-2.703277077281265
-0.8126559539100756
0.2890815267714423
-0.4264013840280835
0.8839447715526197
-2.327700784118659
-0.2103476166140159
-1.6080088358705338
2.0096078377175766
-0.6320723706973687
-3.4993905133576737
0.10868540689310967
0.17366482890098645
4.343907528193326
-1.3715195799577038
-0.6200596698219681
2.3445818807486853
1.3504188220738451
-0.8340760921945444
-2.4980307189666306
0.08648782434136291
0.4329200646975147
0.6323533599194405
2.8267437680937064
4.702945245892406
-1.838426140211682
2.7141753077330657
-1.1588564222966842
1.0358038419972944
-0.34661001353947646
2.947971732502323
0.22051547740753286
-2.4273361918605043
-2.9627851933117646
-2.5372755487509
0.4242030568591032
-0.4842722378846386
1.046731994510738
-4.856815847055418
4.225422856992981
-0.5412125565472217
1.0027627837362139
-1.8941759698546123
1.1572958821620716
-1.484482935617414
2.7624000994470195
-1.8839280632518522
-3.1549688390986135
-3.040665386430242
-0.4416088220461884
-1.174859318330204
-3.0380263709385136
-4.171772352884718
2.533871329024226
-1.5086519040573667
0.9945664714054403
3.6240743328738447
2.7730317385649723
-0.1259018553459261
2.5146599342652958
2.046401657967292
-2.099206282359134
4.216387244814815
-2.551410561822049
-5.149928109987382
-1.4383099280262872
0.23166886709924017
1.856590871610363
1.9708000015531737
-3.3125235462294014
1.6284167274547012
0.45962296851513956
0.5765220730045272
-1.931033958374338
-4.858838182060874
0.918261754908573
-1.5852090748215562
1.5537626994963085
2.3294397167014784
-6.103999374244154
-2.570760952386957
3.768496563830947
-1.1682415314886603
-0.5649822429946356
0.1289001944150984
2.4472152141894146
-1.4686300328658841
2.898402079102649
-0.43039898373049995
2.6990903146805656
-2.237222142470731
-2.699542472491088
2.8199832535151614
-0.47239025204911944
0.501577324842251
-0.15174776130265563
-4.0543488722978385
-0.582072485320522
-0.11726055975366424
2.7733698259612543
1.3802237035467695
0.4652846424205053
-5.432104924365921
-0.0824327976131872
-1.6110441802592708
3.054101564688826
-1.6494416526392188
1.2181722398115604
2.6810239783717185
-5.453523998109336
-1.9869834976154443
1.3930132803204063
-0.06083968694927926
0.7153206507018617
-0.7485954422294275
3.1493196146915743
-0.11004799664105269
-2.220698695249089
-0.6197915649082082
0.7600194665874991
-2.4148376335417887
-1.4065406381436258
0.6317591222359026
1.4390058993115318
-1.9741905379112838
2.7095843272860014
-1.915213120571326
3.2975223194876397
-0.8420266079675991
-0.28141450184327077
-3.672771299532865
-1.291911322189616
-0.17967412470529895
0.2162910193918895
0.7868101037903643
-3.5688035542672374
-1.366864411335768
0.3092337976222342
0.6219709377521259
1.19185624122145
-0.660271231332538
-4.770663265611806
-1.2182703659193987
-1.1753755194084632
-1.543768837507763
0.7314193505451885
0.255923692164835
3.0208202204512036
3.2314395448043243
-0.7528203642611944
0.03990246942238005
1.3734849592427778
-2.6540396607325834
-0.05222311440496404
-1.3114398527433953
-1.7740822359875645
0.7530546617809557
-2.566836235376409
-3.3892425857144195
-1.844710692063415
-0.12218787414136877
2.9035298209737777
-3.0209777444235613
0.8015600870265546
0.8207108763149601
-2.4444694957766635
-0.13531698281413532
2.346327173963611
4.283185004521133
-0.9954030314548741
3.441639531385002
-0.32286437302157645
-0.11901167712739298
-2.095679597486833
-1.4117863142389835
2.48520188564723
-0.29480220632681126
-2.3844655490411903
0.010885032186861642
1.280710203600733
1.620889916478757
-4.923135985613448
0.9783779662756069
-0.5414904184037305
0.44370203315812046
-0.5121557065894178
-1.158723320885182
-3.802252787779198
-0.23980732476915545
2.622078285891475
-1.7414073572240794
-2.5219155772150508
-0.9387199716731884
-0.9585638975574481
3.1129077344387173
-0.528810202354468
-0.10790605786512854
0.690855899678734
2.086359165500655
-1.5545115961122165
-1.3462725535707831
0.4814367503096422
0.4251405794125742
1.4200945149030575
0.2941596265537234
0.30178395015843124
-0.8618185558453648
-0.10224000316637444
0.1380213937172432
0.23883063615353914
0.8638148456431137
-1.7095692293316036
3.9802935296633875
-5.4882900550825875
0.6403278171207206
-10.950146066853426
-4.970742915847258
3.0832848493823946
-3.810370154390634
-1.628550219976329
6.932678407333646
-5.595457300877263
4.720617242646679
0.3732767873689682
-3.7704728260781506
2.062805281115371
-4.674177674182373
3.3896980581140657
-6.316859300581179
-3.6909848388694457
-2.2250007103555256
-0.6882642451427431
-3.217221686904954
1.0193036918316156
9.452245943202
7.085656440172757
11.390983892150677
-5.215647966825595
-1.3258842293033553
-4.867252955722463
2.8829808766807656
-4.788226565577187
3.0029457380838496
-3.248142300971893
-5.272472262240892
5.37405124872145
-4.061475429361176
-3.74588487521576
12.612007401157124
-12.98554752378525
-3.7986671082588868
-4.093362720021565
-12.307644885895806
1.5045357201247804
-2.274432530830882
-4.628478276949144
8.185050666629492
-1.8728059051142134
1.4612445212865817
9.808375976968435
-1.0605838901590838
3.404489668805655
-4.2655617231397684
2.645702831134378
1.0703537446088753
0.3660722210892669
3.907014605602181
-4.560234417601973
-10.135495477525284
1.3673096512119212
3.722585384761562
5.613117026591037
-0.6739152894792092
0.4746624287396787
-2.8933527706678572
6.9388368326149
-0.14339441530471647
0.5551512338631778
4.692243906483542
-0.7324582684556517
1.044416900728281
-3.070494956651454
-0.8289623740172505
0.25047637028188763
2.235483237537663
-0.0588068339669258
1.4430687007771816
1.863929308262922
-1.5114640431326152
0.7420049549052115
0.5933235968139287
2.4895494866569075
0.5679794078489585
0.5621306730684328
1.5332126209364614
2.833676467045265
0.5444736429418333
2.5120995401429846
1.9205421525303759
3.1672587200637166
1.2547934320025405
-0.47912801909623265
0.07910592617115658
0.6761677042197347
-1.147720165148162
-0.26004788708183774
0.3948344132113075
1.3172361322546233
1.0684766261547287
-0.9205174903717588
2.901494398928226
-9.639284674223472
-5.259089443012543
-4.889242540688253
3.1907618575772623
-1.1943463252131914
7.6245956084999325
-0.3440685713098023
-7.6052531223599065
-2.7016079866753286
-2.0359463814729883
-0.9913002736213041
1.65295906878717
-8.903989694443268
2.863554138705635
2.384166380543914
8.723091889665573
-3.89420137629651
0.14622268799589136
0.10296711192543503
0.6455958494024416
6.517019949853223
-9.951805469460673
-1.7756876398920254
3.542702764959476
0.4572954255332922
-13.634190029223214
9.312947814831077
3.212984597191421
-13.108345914471245
9.646603209549504
-1.407195399863107
3.0716797620720473
-3.585443160320342
-6.579175988347832
9.17617615298801
-1.9679633836276702
-0.1610269050755884
1.333798698500794
-5.638101685957951
3.004491185097993
-5.611061514210476
0.1387752893672024
-12.936437037978449
-13.996665538210312
-5.5322188348159775
2.2313184794944267
-5.863030194640771
0.42058702017405836
-7.49058883303726
-1.3951637444704184
0.6271874477321208
4.704587200356415
2.7661885196005267
-0.5254624874773681
-1.507071702211734
-5.650848925296174
0.9970126106867664
2.0604134634545326
-3.758435472264883
6.506633346015869
-1.4995843928001515
-1.6145391811160192
-0.5959628334387184
-1.016831725861155
5.533009889707114
-4.763722102050811
11.580867134563135
4.03838603704329
5.203769420119911
4.418339250616461
-0.11036483234262116
0.09531023269617064
7.126970499680895
-7.4764757564911175
12.258282763593476
1.6797991701994863
-12.534783896035888
-0.15814140346116792
5.455187569709696
-3.9146333473417947
-5.314593754041056
-0.4234797768857044
-10.661532158448761
-8.02476463269391
-8.54921571810061
-4.2098357219395615
1.3523414757736236
1.6569924034292975
2.2735213316642096
3.7743241226725526
7.937093236399847
-7.334569169296969
5.393393501778091
2.308028805936783
-0.5808623806091845
-1.3621363582239916
-0.8454007695822459
7.305461622009754
-15.97035493839128
0.6067625226509059
-10.979689792352506
-0.657668325747177
3.7142148473244245
-3.662514501205845
-5.918962681709886
5.365828566980695
6.244969834505654
-2.0234732108307045
7.498036359645873
-9.188436488318484
4.537773350424268
-6.761324282544071
4.494754490572229
1.6175129513951145
3.7620932504298668
5.766397442278643
-5.6808500260758725
-13.755664635965847
-0.09973314927068122
6.564115788965944
2.7430734114165563
4.610527936052015
0.7822668277484797
2.4591445049538287
0.02008118700219045
10.901987899818124
-4.235882425596511
7.06522416595832
-5.48913711741356
0.2915884904333294
-0.4566805018975361
-0.5088480998801104
0.4031359899224871
1.5872559827372117
3.76731384531415
0.12862621377913455
-2.5098509419330197
4.516025266077458
-3.4155828477326455
-3.598796080872574
9.713741259852615
-2.8472196326774473
1.955223492486866
-2.2302028679745933
-2.6367837044182676
-1.2399029867281026
-0.6080557672728298
-3.2281699210268697
-4.770251651761697
12.5085395159351
0.1251566729982593
-8.89887660767451
-0.5638428578297229
8.209511110300387
-3.406984972004523
-1.944762676512559
0.8955562999617561
4.023686434188412
3.5399743900986143
-8.726947360695998
5.335128793260849
-1.650296435964268
-1.6540135180666764
5.541570193194979
6.096705052212813
14.828822999734248
1.3096402232106303
-4.695157255154597
0.947451893081255
2.905014182995357
2.915582120896034
-2.59980497477928
5.600069644313855
1.873851258718816
-0.4095240778793104
7.866407074980388
-11.495086341657474
1.3707220900891819
-8.270030687258895
-6.4635736739372325
-6.081152697887851
-7.089744900043763
-0.04965949122799385
5.798121062404291
-6.741410778598172
-1.8652788434671634
6.066140457162034
1.6691282093213162
-9.247930566654283
2.5648726828349955
3.5691627559727204
-11.177224177585964
-1.82378523694551
2.797031345214248
2.930017236160007
1.384967810845745
2.3961776296968287
-0.23138770719648616
-2.973436961155903
13.132117081435466
-0.9381729983196323
1.3569633290983005
2.620661578337726
-3.179738770439993
3.8645405863711946
-5.563040459752467
-2.8879405785275423
-7.947014006728211
0.460995425149338
-1.1839974193493914
-1.4501068746827246
2.10660485559961
-5.557038598754115
5.246800415473887
-0.025544524764732315
1.537998517673953
-3.4159372198740914
8.007421680394792
-2.3700951616548496
2.6088453855314646
9.67694894287791
-1.4627954081729884
2.3578629202816037
4.200729937280954
-3.023583218828708
-3.724390513563903
6.067662097990979
-5.419145522616991
10.448677825184738
-4.499076533537938
-8.98045292732121
6.653662213781185
1.1084897772307403
-7.3687613509385335
-1.8323480109190007
-9.799081225105333
5.521479636986885
4.753494924074071
-7.549404379565718
2.2579335782066936
5.900238669589175
1.7984572283090665
2.0579349398812785
-6.688881698844112
11.629618021673819
11.247898163947786
-5.752856336337203
-5.027234966837553
8.537275567838057
-5.581741632227471
-3.3972637912244017
1.161032092623824
0.16005882392572032
5.8123366841376365
-1.4155874456759425
0.6470272502706992
-6.0077607791409635
-3.2967301142328784
1.1085458110752442
-0.8177792301756444
-4.038004944797624
7.566918608396583
-2.8598653487749006
3.378811288406351
-5.547920820859528
3.151553437060519
1.0034572421670747
-11.459080647957299
0.1709693409690912
-5.24900323824496
-11.667356888118515
-0.24764024034219068
1.1554434090383892
0.061521208596275564
-0.6035078670810188
8.81357684370012
-1.2252967313285883
-4.346877828581957
-0.5943493205753091
0.944672261652647
-2.829318927493844
3.3554905435700277
-4.055087988526347
10.852608729892262
-11.336481807042984
-0.7681133501917067
2.1858631321130857
-3.3354399150486427
1.1489241751039319
2.8985516235907256
-5.921986971779688
4.239660181090631
-9.39344939550145
5.929597712427299
10.618571975752518
-7.671920600473967
-0.8824930119962481
3.2011614088135176
-3.606328335238563
11.453526582226852
-0.28779080591423994
0.4448668873048855
11.333356007608293
-2.3699736540553324
10.070242673682598
2.107100469539643
-1.1987487865290216
-3.2936113686692092
-11.908755916428394
-8.838835146747293
5.271995697020749
-0.2299216610351486
-5.077937967871776
4.385005734367224
-1.404757274124169
-6.585418962286884
4.05081354069038
-4.197411684421163
-0.63786243018335
2.277853525083946
11.71771722285971
1.0958541045759604
0.37108022357070225
-0.6378072081032524
-1.7039341496361373
-3.985771991588412
-0.16343166399680584
-7.72868475852126
-4.375230046324197
2.9446851220244366
-13.568914224362283
-3.07023356955459
-6.521407630110488
5.1327360108879
-3.719552298068237
3.720717545236599
13.103626364421352
0.32742985869834074
8.738076417174472
-12.18433261834382
-5.067940508169595
-1.7447146621165008
4.12545487058138
-8.599593536519354
7.517306023740568
-4.580152687915275
5.840064043719194
8.217220797883614
1.8529977475458514
0.021366395951378757
9.774543129730406
0.5120059450196496
3.566315231500184
3.0673259370146635
0.4668308844741963
-2.666501978534838
-11.358399660495328
-8.109703967717444
-4.126643142310228
-4.271166716452834
-2.796528889383957
-2.8892283852743796
-5.400533633541781
-4.177684771705587
13.799571226223595
6.601838709254063
-4.6685383659318695
8.604317822401669
-0.1601231112204133
4.344064292126838
-1.7051311352941458
0.5910147263594827
1.0663249137624704
4.25913934155888
0.15653004907897913
-4.808930187998648
-3.088275461539971
-1.3901367398714006
-1.3522634451839453
-4.665618357587158
0.5564901104977747
-0.5398283283004717
0.7804675895973332
-16.639132159442084
4.927192783664793
4.711829078475015
-1.4418053294200925
1.3789973392814465
-4.109683915857285
-0.8155286011441306
0.7213107114397141
-0.6439757508915932
-0.8814374209227966
0.7285013136218857
5.158521660577735
0.5409041984476983
3.4746787587907995
0.35708153608509574
-0.599162414825001
-5.4351500173819876
-9.140004467090726
-0.4594369016674293
-6.050720320600913
1.6898398320410704
-2.6376406017490823
6.831322997503292
-1.2491705218254403
2.0384151297582256
-3.7001779221219255
3.703813059164796
-7.27862717905263
-1.5699056971663286
5.755460173021811
1.4149455882244375
-2.6557570543187694
3.1254275631747337
-5.115771006743301
2.339753238568561
-1.6446609553569296
2.119922636503165
-1.125484001588558
0.9736097081297623
3.510810030860816
-5.123660632231642
-2.7762437415808154
0.04925982503972068
-0.023745337028163577
-6.589895379850102
1.9176125424181252
-3.4376491083887046
1.2415675425321382
-2.4366179139852586
-3.842011777692396
2.7497470276534886
-7.918996123432198
3.098027947024796
-6.7088125629325575
5.715402114209925
-2.941177811948902
7.722260235129236
0.09654980183380994
2.557868324721366
-0.9837573963697788
-14.516216803715661
0.5996869034565018
-3.6575527062666264
-0.6457540792334642
4.987742060598717
0.031326904953825896
4.905879856576919
1.7575079087706473
0.3467006117864795
-0.7470825086195236
0.5713484852028876
-0.051994844242048976
3.8580216755144563
3.1003240522323394
-2.6548827051680743
1.1027010889750115
-0.798050304836611
-3.318446989479377
-2.2266079064478177
-1.1832359447565202
7.019375389057191
-0.1646257593718272
0.6832305135620469
-10.672526371906594
1.6538793696446403
-7.306665279816982
-22.40469737244645
0.33271855112495907
2.152589747567847
0.8631537177436738
-0.6269501610924163
-4.843065069149649
1.579602403896884
-1.4571764259897322
-2.1570104520118374
-7.817428907456806
2.31432026426573
8.425718749205465
0.05474773217054601
-1.0511568759354224
4.443420770417178
-3.3449603458105077
-6.761790328646011
-0.45201641483806887
8.209250157820033
1.8296956860666553
-1.569764010029219
15.522995067095886
-11.428167273918932
2.00814759695274
-1.2217191247945398
2.2872257273639374
-6.572072530916859
-12.054809436435566
-3.7661306422279037
12.397986404777692
-4.516136271770597
4.2610198693948975
-2.6906836172514175
0.09797090381344112
8.815437263431225
4.4046578628920265
0.7242094961411751
-0.2187304217805199
-4.398913993223398
8.996082171215665
-6.398142986475304
0.5360810002035086
-11.769509976815428
-0.7520789598845996
-0.5637632554782963
1.28431475268373
1.7126366394939616
-1.2579198257959419
4.820148410470704
-1.2281829133622026
1.9205811771263217
-4.156966035546496
10.988792901716389
-2.8932597876391806
-6.919528035786793
9.308782683867541
2.7341742003957745
0.045083235547036464
8.865869426153761
5.416062313778998
-2.7964031111462155
4.5398883093863605
0.4156459626713499
5.615395131175235
-1.4769506559892027
1.1071630293835388
-0.7701178380197493
-0.733415266393876
-13.001452938369454
-0.7301682818734683
7.187690017835418
0.0012551953088825757
3.2965150814009014
3.6226851050117173
3.723963055604368
0.25585034182174093
4.7512980675888175
-3.213453436528198
-4.094107749440974
0.3103219577145815
0.16516875763332184
-0.4773072830096192
0.20114513625090685
2.3460304551521123
1.6731659061419752
0.2161829672162143
-7.210265547069674
-4.661776461070905
-1.6180127919549832
-0.7800192045616954
5.036726098130008
-4.386552121537884
0.004448515893056143
1.3999053274534357
-1.0920450647472901
-4.034076009019618
-7.695083127886791
-2.6851324372685057
-3.2894788612194246
0.05903476559405049
5.299205811548494
-6.428188636441894
-2.389025774156833
9.468147988055813
-5.416987976217488
-6.069033780162069
-0.8970769958478144
-3.936004836606898
3.3927575754104127
1.1892672942678817
2.139771822861292
-0.7733033642151528
7.013966444007317
-0.19770185707457605
0.49362110396026637
-4.166525247377037
9.36138504612891
-2.853812085293754
-3.373713385239028
-3.307513024594295
2.7808595654674546
-2.616436059696758
-1.0071769420122674
8.165966441741775
1.7791891099149162
0.38298926010276996
0.08707667542041693
2.9574130752592023
-5.099128854157644
-4.687515250887122
-1.0820149651914117
-0.6159310420097631
-2.515458233148452
-11.917217791494341
-11.395252004797694
-2.4455102422219777
2.2478797831154513
-8.061875322518034
3.3821617762956375
5.738183459135734
-0.7957410143669672
-1.7437015945641785
-7.524860534412953
-1.1364331577360118
5.372683679266112
0.05276092675687192
-4.808337178722936
3.3714065244846787
-3.0454371892491405
1.3719982914545719
1.6553091996781641
-6.091351409799713
-0.45309891137183095
2.4003087983434144
9.17050409170376
-4.273622814355975
-6.009621620424325
0.36193842590933345
1.7364420984833595
3.4620341547457283
13.373518113116281
-2.7056661023217323
-5.199099773666462
-2.0570775227878557
-1.621532893097382
-1.8812619309225571
-1.7062020415371264
-12.206095840623039
2.8615323714902057
-4.137136803294944
3.4574657627040004
-1.7646084648638385
-0.4021675518747654
0.9099238357077384
-3.51750181098486
0.892793018430288
-0.35839653085867773
2.347770421190063
-2.526811920705129
0.9450787054958846
-1.8706237711688076
-10.27718078810874
1.8198897483446237
-18.90273515472333
-3.314340107791404
-1.5805723113809529
-0.3135816287415468
7.55149382084893
4.947184283376823
-2.3831257136685045
0.27109477104344837
1.1956134081196903
-6.953907423047136
-2.663748829034607
-5.565217117668654
10.334081599692796
0.6913318814200674
-13.281782814137403
-1.7892386671978326
-0.11505965881536397
2.9594414197164696
0.8038956622889204
0.7939280356738966
6.1835702795957435
-0.5620656448945247
-1.0014848937423235
-5.2585281928729
0.27786548564548325
2.8193872230374133
3.118540873116599
-7.718600048731706
4.920997236002482
-4.39267228446797
1.8852495653925787
6.187696621644618
2.595967339266024
-1.3728445572917947
0.07246798960426043
-2.8973727316177507
-3.4451925145120788
3.067402715878483
-10.549131082716958
0.2829223816119427
-3.177985129713988
-3.4328109824769646
-2.424947571013139
-1.268256179786982
-3.463717910868564
11.283250857018562
2.897032421308044
5.5327344801790685
4.103474770861354
-2.047496670892332
-1.51131322498576
4.8455018924132185
7.21528430436128
2.6029533052816616
-1.1166574428965736
6.672998087138283
1.492898149374126
7.400462085395006
-4.415470127624077
-0.17679714218301404
-3.502509817169628
-4.447094111308512
-1.8562165370423032
3.130212454025308
-6.830082555449819
-1.5221221168199097
-1.5452090557447824
-0.33002762875606023
1.5323716087276171
4.58231454304756
-0.5212350657213606
0.3347036798514297
-9.798433919817413
6.287745171947753
-2.9473525851207385
-6.541383696904328
0.8656181963984293
-1.1884604291973457
-6.094175708801308
-9.679455450182001
9.627324095795487
3.475679927397693
-3.357862023826329
11.087244242857752
-0.8065061324850473
1.2183457580380561
-1.068498468834096
2.3275551255490963
3.2446339483782385
-3.646431323235632
-0.373783597131386
-8.071632022770052
0.8505007676024708
-6.160638239202508
-4.032567100567918
17.569333531589095
2.892163330768171
-0.26468924007321404
1.9235351242850058
7.533584385456672
-4.394455031263744
1.40351969535435
5.341614805879154
0.7239666443787999
-6.7701967837962895
8.378979487583921
-3.686456347646735
-5.164330775329007
5.465085051074338
-8.95466492156258
2.9117410474322343
-2.93637267162178
0.11898434785198969
-11.142996414138386
8.7234840669095
-5.143213493657705
-6.086327907757806
1.003130126824069
0.7985757538760307
-1.3699758622347769
1.1803099733005464
-6.174766690759646
1.8044825969080422
6.438426557019753
-1.3596599450141778
3.628540012512869
5.778823145944576
-4.767811185604946
4.301098532505655
0.8102772664646145
0.6172252880047736
-7.375594628881884
-6.263785439367538
2.8685035048190546
-3.305853223669184
1.0357665954178799
-4.5380238300990925
2.5352132403599352
8.127473620056588
-2.638488515937381
-0.10669450841731738
7.505451687497072
-6.516227556735759
10.853277360710319
3.7637272848965995
-4.862527928584182
9.539496170350791
-5.097081109264743
1.5780158565425997
0.9986049817512658
1.536792697932413
-8.024297586712718
-3.8429556513097416
-4.54151880880786
1.4833328877255751
3.3281068884546015
0.36345304291842784
2.0857826031728304
2.0226678384358525
1.1398167602290976
3.070829285683108
-1.3754705360528383
0.9977300162812281
0.042665768638033584
-3.124432606579178
-5.893995589368973
1.2225259689143553
2.622383286585109
4.7934471530660145
-0.6371381936982826
0.9474881756986618
-2.2471511061015845
2.9396704812078798
-1.6401286245005662
5.76121917297014
4.4609628365152645
-10.184380159820158
-2.8237544748068295
0.7356382523120326
-3.6788933959406007
6.656951982592325
1.0348591477231985
1.27637145503001
-6.439601240842651
1.2263962884199595
1.8281695638588982
2.1221024866717944
-1.8489149405472098
10.31739647168016
-4.800907784289642
1.9656229434212151
1.9251364260189032
3.0272723950967277
-1.4905955692394781
2.752493097011325
1.9818463368930854
-8.724774049004647
-3.2996774443119135
2.342978483655126
-2.411366183384172
-12.898501736014438
1.7601770192474009
-1.5645402553716796
5.226881482272412
2.0813915561732834
7.242833613279877
1.1174461434031606
-7.13689247627792
-4.003089065717516
-15.623256842504768
-3.3128551621916094
-1.2289703769834328
4.095162452401127
-1.8511799078047022
3.7336318774388313
17.08216749568038
2.12344400856388
0.09497909409821387
0.2933826965332995
-2.1031279779434677
1.862905680093159
0.11163789893302568
0.4425548228039789
12.906101579007112
-0.7972012816767828
1.408341050949796
0.31752482524162684
-0.6192861765420097
0.4574753505151666
1.141369408384877
0.07317265929145568
0.7425227922164873
-0.09163260547216923
-0.5334325462349572
1.187972750247319
-0.39910131413925426
0.5582422382812345
-0.9277676412436431
-1.5982062486217825
-2.192544127241032
1.5191408977606058
-0.5551509921000762
1.1374263352756737
-0.12874999229504916
-1.1467713646752113
-0.9152662830211962
-1.1283295230402302
-0.30120466739636664
-1.398260357500415
-1.7402061553098669
1.1042144259963003
-0.5684618224619294
0.008681286646620295
-1.052041094448017
-0.5276344567314055
-0.9564034233419931
1.1859751947355883
-2.2775292466478954
-0.671438308387154
-18.442231419301446
5.229358497600218
-2.6931501434602496
-1.3187889832564148
3.3997761053988658
-4.64322186663271
-11.701007741059474
-0.49106132051619433
-0.04816889704661869
-2.0173853725435875
6.968621213027085
-3.3290311916785527
6.213767482935639
-4.674813430165378
1.0969200799854948
-1.5907397918124948
1.2528044430129177
-3.769527866998883
0.07704082455341606
-0.09932782506593389
-8.233181779183164
-6.95091705430704
-4.363219892324163
1.5684762472998601
4.317327427448521
0.642053159103983
-3.1729498952851856
-1.7960642907752276
-6.843214448380323
-0.7785959648810161
-0.3524925271309098
-5.806160669184699
-0.045369196568279445
0.9209786060337795
-8.432295675248787
-2.3445756504845665
-3.666075652886863
-2.8688792457887056
1.5530116410748327
-3.263350095210672
-3.39029880900705
3.2433140873828132
3.7019723857041607
-5.623648468378869
-1.8232787354527675
0.025529498222891665
4.167441787969468
-2.2620302954739455
-4.451272542187133
-0.6931103214029943
-0.571472459578394
-1.8850271307842101
-3.5101203434934414
2.6691843974510365
1.6077168657027108
-0.46516312240232094
-2.3315830407076086
1.9996201592518212
2.8063254759351466
-3.0394318659010504
-0.9099777242248497
-0.8407047052748475
-0.6986149969516694
-1.8167395045830794
3.1213944585357867
1.154607310742377
2.1795728903245486
1.4385340195987895
0.5410632851208944
1.9825585819793103
-1.5773692043518104
-3.589252235826492
0.21194734324527978
0.8896226992016193
-3.1260372212533105
-1.478693183963306
-0.10513811575809531
2.585735033057603
0.6397748451041285
-1.3711333554701537
1.6648401181912154
2.032051188068946
-3.0060165550346647
-0.611633155212478
2.3194868400221904
-2.7073386299203293
2.0458188834661555
-4.452332940224772
-0.8778133232628336
-3.9136948367313074
-0.9512552075966638
-3.2184925690481285
0.3657817597947327
0.6673912695694546
-2.472425289722336
2.7068417913009406
0.7517527946396367
3.822652440253791
-5.126331319098471
-0.4675091225466235
-2.1377999919111086
2.8301760398223426
-3.248099665746084
1.030874928609131
-0.4476731368403475
-2.0737646876739815
2.3427122250716863
0.6601166355811754
-0.28914764574575325
3.513481641617803
0.024582993357466772
2.3800069355802727
0.5201920610001278
-0.637865711722501
1.6749909357013184
1.3722320516129607
-0.337525533035958
1.6936456625828704
1.6836279489287638
-2.609760642132789
-0.6074815955483394
-0.15402867252235417
0.6379453982869178
0.703940372436022
-1.138632070985046
-0.2615805723229619
-0.17270488465978615
-0.684707355531099
1.4055957591442148
-0.4048394103344394
-1.7000938944301287
-0.9747935077796954
-0.21368467126200902
-0.47718401202849575
1.0030133054697001
0.7156274972611513
-2.6173195228576387
-1.0363813169482565
-1.3623395706515977
-0.628166548581719
-0.8607118126056276
-0.9110640628712646
-1.6504486851962208
1.215484855811347
-1.6462442315456314
0.40110904658345026
4.051968500249439
2.8797829170363944
-1.995801355539005
-2.886844090086458
2.88506193968534
0.5678699087216273
-2.9600257074597676
-1.687970236609523
2.239757748321424
-0.8972688411382483
1.1900501806501904
-2.665388830987254
-1.8645241919438624
2.762698336346426
4.596792489675835
-1.8265894187376048
0.5265170903850045
-1.674071915163096
-1.558350886180626
2.01784946131988
1.0690628911832982
3.9487115631972607
-1.6942275321349307
3.810802262049826
-3.15892156224371
-3.29268685847286
-3.4874468818626116
1.6627821688032702
1.7814891736185734
-0.6513436371209511
1.5943100847366274
1.8404810536643519
5.116461335052742
3.7989392467385055
-2.146175950683027
0.6273152152465236
-4.455138367556283
2.0216592723098334
1.8312100343900393
-0.9196116948842952
-1.4813610017429903
0.1282959798109611
0.787217934441796
0.4389806682664639
-1.4354253671583177
-1.1018872077525856
-1.5591901130283883
-2.3813307481325157
0.6414420233582103
-1.6072041582416088
-1.1693152859229246
-1.1511749574155252
-2.500190838881624
1.3039781785052469
0.9248642392386995
-0.4082765583123994
3.6430938625695775
0.4964086860416308
1.2475936612974743
1.2012432893276637
-4.500288693384048
2.0913888093151143
1.2743138851156377
-0.9901867429253816
-0.6590195919339153
-2.4589870735044217
1.5601247925173158
-2.631250608941998
-0.5893891889107457
1.420487748318359
-4.373168319978562
4.245386342229968
1.6533829706041225
-1.8514278260087722
0.6732987241797537
-1.0217300194352763
2.6346074102608354
-0.5377603301249341
3.621049514578618
-1.7388609284474987
6.609118408374557
-1.4054509058931197
4.029684224990234
2.164111627127319
2.7711932278596136
0.21247712671368332
-1.0595914467059058
-0.6445667943395509
-3.1961857007428773
1.4956912970911511
-0.8565132148288661
-1.9547157250372025
-0.767257384193456
1.4137489775301557
0.6567657264505288
1.7857978525668232
-2.8633939401468513
3.2243462330397987
1.5858069530489596
1.3662663404258573
0.6881358372195827
-0.04850706271770609
-0.11764737282937504
0.48896111438254986
0.4071570820817474
-0.7801625530788237
1.2676645640903328
1.099167321530395
1.9377375088492876
0.4309146412023605
0.49775658377664245
-0.010346102834581762
0.03610833753913597
-1.0017009132302108
0.1810529696466336
-0.4862351038740518
0.39500795926794363
0.8171722722314336
0.10876473735033641
-0.3355474966571244
1.4066256774840566
1.585329572526051
-0.5683871983195693
0.21739379081913116
0.5847794569118324
0.043661129229610955
-0.966916429406142
-0.68307799068662
-0.5597959942747384
-4.763155993247619
3.444195818464741
-5.007269702392588
2.925997084936553
-1.1414293990897857
0.4138550714996566
-0.8363544669866096
-0.887426020714184
1.0496565042808523
-0.30114562102197645
-1.2460973316516841
3.1180379258773026
-2.738779138599739
-0.3939932977203527
-0.22043585004407368
-1.9985738100670607
0.16153798236856348
1.1739172317115714
-2.7997493041087385
-0.0353975804891791
0.6343409026467353
1.4111113273135518
-1.8090465303153171
-0.8317150035210893
-0.23713028860687113
-2.4995936583248217
-4.050565670359067
0.7269999737908307
-1.5552723056496371
-0.02112322712600811
0.7755386502953673
-0.5729904307780682
-0.259023957678777
-0.7602386599478903
-0.62608036280967
-0.5569668070783877
1.122769980392406
-0.3133812241004547
-1.6615852123714732
0.07049022393677618
1.8739420838342324
-0.5781802921329108
0.16931306848938368
1.535963306442132
-1.5567185264405679
-0.9312812586152415
-1.0135459888343334
1.6596806612188606
-0.9270181712717913
1.3628722860204072
-1.1147077086147306
0.9892667182538966
0.16912846473262513
1.2744419193591705
1.0474513076435494
1.8240958315032836
-0.8350924144594845
0.7546461094514826
1.10910472909786
-0.8961461363423063
-0.7368808246189171
-0.5003980947139104
0.0214568577173337
0.07253963834635972
0.5686933387045228
-2.652269706598617
-0.39962693203631733
-0.22649176103444493
-0.34854514017087923
-0.212108255100946
-0.8556209366145039
-1.8195056280619917
1.2945176432806595
-0.30293235327119883
-1.0457111510309802
-0.813876063696336
-1.699342568391862
-0.8758134554942963
-1.7227327114248563
0.7744457026103406
-0.6322964997906309
-0.8353598987432106
-0.779460705925341
-0.1461278498136091
0.451265626069457
1.4632155336643577
-0.20453118226866795
0.37582272346486684
0.13675352958314452
-0.26577186763493554
-2.420682419709736
-0.21125809943182708
-2.0256890594929704
0.1442295751079955
-1.3210095404011135
-0.9168908605795416
-1.3345266240524583
0.7856437552458588
-1.8843712661944974
-0.33934610369278856
0.5143509070634201
-1.6312550823117076
-0.9110378752439185
-1.6451344326365933
-1.7076624482576617
-0.4949224260946929
0.19664368917741468
-0.20736923218522427
-0.6853033106189549
-1.8152744858255703
-1.2367050006183922
-0.4651252029493319
1.7721303806650688
0.9927597378717213
-1.6486975800663162
0.01536898913974527
-1.369521834243757
-0.0999394933555097
-1.2453067440168917
1.5533756649052755
-1.6943258302629751
-0.7227040792451656
-1.7101674151686386
1.727677712323685
-1.1018516105495892
-3.7798181737344745
0.5570585416948779
-3.2734774908085917
0.37209729078800796
-3.619525851329072
-0.9171701106058839
-1.6907438136994617
1.545674892773759
0.855155622949848
1.9679637826017617
-0.05200789891148825
-2.7430267146977645
0.46531998570692273
2.5140923474055215
-1.5951525247244682
2.2428817228516107
-3.8617321722561067
3.651712847563085
-1.3894353654098484
4.0187743455201685
-2.7106955595059605
-1.5202909028812488
4.82056491272547
-4.192566428184991
3.238093467036929
2.826358775658728
-4.536573716089923
-0.41309536260583235
-3.363041767073693
3.0183347157159646
1.8345078302810514
2.341319812780649
0.37368615274596306
-0.7863829674265261
0.8586047343526529
1.1450071338334546
-2.9803388265619946
1.5838208153565434
-0.7671638301008982
2.0981477790344503
-3.7732052765857174
-1.5154244563115808
2.6436103308071313
-1.5940379652241936
0.19988503978832434
-0.9476995668076393
-3.9482720338271178
2.3205687598430913
-2.624368934912496
1.485916108714076
-4.307662004544266
1.26081846022776
2.7901440742700347
1.4426867906528338
2.080254389255698
-0.8861086087253051
3.0768475647644467
-0.8956530174236683
0.6058524942737298
0.2848875233473712
-2.4014418475191484
-1.1663873349379708
-0.47282782560567316
-0.5780904612627394
-1.2681734228449668
0.3985464913981001
-1.8879794190371444
-0.6419022157158574
-1.41428957109518
-1.364059936701215
-1.4863067748767742
-0.8221441138777718
-1.08666323052958
-2.19848293833569
-0.37659328242040957
0.35396816617694093
0.13556651001497877
-0.33289809539623333
-1.5644958921987013
0.34734921394711343
0.5221407139094474
-1.2925347476615916
0.34876570830119497
1.4880512070942322
-0.4847958208077632
0.9204351280373186
-0.5930909997296137
-0.9616795686403897
0.314980319963697
-0.11648053863670266
-0.6424591415609149
0.7570178470584819
0.3583778055559805
1.1463466684305181
-0.46834110279019436
-3.815684253466971
-1.7667607292507028
-0.18539900459246014
-0.8573238051717551
2.1260874190386896
-3.65664348459299
1.3902204533970455
-2.4384639230725043
1.6830716241297925
1.5502823999456017
-2.3293376190201776
-3.8511993265669067
2.608849994623162
-0.5627142076044591
1.0713916780382662
3.383034165976283
3.34360630435823
-0.13660206103975128
-0.5964363780165618
-1.4819570395963695
-0.2754155947516868
-3.71932750132284
0.030818770194125975
-2.2614862363117765
3.3436639013209555
1.0771242650292452
-0.6967724324575428
-1.043834661114582
0.20379326789796337
-1.7691266187194226
-2.4637863656359054
3.112876527623467
1.9367822151941942
0.18234015483050356
0.8848145246445748
4.74651813258421
1.5193343144997695
-1.858135139753843
-1.47394625085165
0.6003467677927308
-0.9855003955955477
1.9326324266088823
2.0178432503873633
1.8212527445155078
-1.5896082624505494
-0.6791445022649666
-3.848558050584892
-2.6752807482937433
-0.762243764095325
-1.140360017807867
0.05858835014582937
2.615778668812588
-0.36498945315915693
-1.808079315366801
0.3173445778781471
-1.084446686022445
-3.4732377095016296
-1.842066424303719
3.080736502878432
2.593429567147041
-2.1469041771493425
2.446487756505706
5.4548665667070715
-1.1746064455444971
-0.7373380975916204
-0.5828017338558923
-0.3486246899896873
0.11426435555221559
-0.23963101195213055
-0.1447880439397774
-0.5085644622140552
2.048029951682242
-1.3189928683099723
1.0189589590788517
0.6072236938373219
2.8354127998322665
-2.28002988966003
-1.6570744368686572
1.9645059152615725
