2.2397318094614773
0.38480723470730666
-9.6048016087043
9.79140333259335
-7.321608326173661
4.936419304789939
2.0549360119969533
7.751381921740446
4.3627020869235515
-1.2311447160367839
-7.9902898966527065
2.994748577873162
-0.9067321571233954
-17.711923163775335
18.05153080048198
-7.341077028772169
-20.137431684986066
2.217206448261823
-2.6094320549280967
1.971087494880973
1.674450572077613
5.13530709491454
10.693937080247325
-4.42030534297593
16.880671396488925
-1.6542099653602593
-6.20502309749625
3.4222284588946272
0.18994333865730886
2.889844522160671
-2.0017345422138724
-10.390556945789944
0.9366334477781629
-1.2829129401436492
0.10557868185816015
-5.998396289404637
4.65612502457795
-10.138083754098323
2.4396610751111063
-17.771943526103772
33.23499823738241
-0.9224517936326093
-2.226249627744793
1.67176075596081
0.755729173152411
6.782506751149362
5.804720533312354
11.214140012778607
-4.075707048808487
-6.779600356123856
-7.917706600681409
12.166676264249533
-1.1633948575213604
-0.1006516771572084
-15.665780477469257
23.711517353791162
-7.163090766316502
-1.6827494908072091
-7.640750286948979
19.08229763035517
0.1012763571746894
-0.5051249075835732
9.558743111131395
0.9130622415829007
2.1969938532162234
6.827885515398553
-4.188407426343692
-1.996561874858756
16.766385853487215
3.6059502273184165
12.586582802963319
-15.068084638327612
-5.859945562594381
-1.8359983334939005
-7.257277010490426
2.49684553173112
1.4418480036976031
-8.649284242300046
-3.1476546203511466
-10.440815079303055
-32.59020933117317
3.655419610787278
4.9666946216698875
-0.8168857733063424
-0.9609267639536602
6.164316847431024
13.983074140466952
5.0794919372451
-17.253847181708487
2.119786225425705
6.38079228825504
-11.892781782696547
0.6954842600801782
0.013919381982866403
-13.035809616313156
-6.647186969275604
-0.8555713134924494
1.0570054088761647
1.6217401390308521
-14.386878069282373
-1.877376656109679
-9.618412815104643
4.257359638266455
-32.4185993614932
0.8569233013726701
1.319287018850475
6.089203210729781
6.799763294224289
-1.246989324832582
6.0149325907053965
7.90085281305318
12.116882703678646
4.9926318861364924
0.00987311771519123
-3.588325545950139
3.765153535072356
-7.611815272254851
-13.82663057882077
-2.0798059412672014
-1.6367905240509255
-6.593330960732049
-2.138036382705242
-1.7897571265950976
-0.6529712932522037
0.6209675273857362
15.365161997369027
-5.546926036669144
12.031748305733554
7.273656620462689
-2.4380938424128247
-7.422383570136676
-17.917964456415497
3.139170706904051
-1.5543883250163137
5.306878676072241
12.224825229175552
-6.738550595219489
-3.1054680258431078
-3.1841438225482834
7.328119142151712
-1.2650840457062786
-0.8586662174069817
-2.6629942958638444
-3.8550484737455615
-12.906061002318726
-0.10229187295966995
0.4494005276247902
11.586675223294245
3.261362691578609
7.22145630009383
-25.094284114106483
-5.736492961173867
6.2349066496365815
0.643960053525598
-2.3549198302719607
-2.1268202771374334
-0.9458286247423525
4.363212849241211
1.463242639461516
1.470036632011384
10.681328814162685
-2.433263724899787
-7.395950296849743
6.743891900187572
7.0985460988355795
-18.419220497050542
19.867640705692008
0.7244738592094414
-4.33248253363204
-3.009417003575937
-13.232848884676516
13.519407413858742
-1.7976318075567304
-7.422069474488603
-13.638616607680516
6.940281922683828
-15.234836321187407
-2.1601533448726116
2.765875147737911
-4.223434590757569
-1.16905954310994
-2.8261202501024587
12.10295802980277
4.357112163603301
19.817814386636496
-1.3900103646843012
-2.6272171509732005
11.86131476564308
0.6845184529950421
-11.384974953921867
-13.370620335179927
7.875807203140942
18.556949794227474
-3.459186588890843
-6.239829034734213
-17.563227440415684
-11.594697027347424
-2.9843701720395637
1.110783784654327
3.815277047343231
-4.909854421839526
0.37141212204647667
2.134674037882615
-12.507494078121328
0.5287634305331417
-5.8777277774216845
23.421547321637984
2.7340679171155444
3.856435821877818
-1.6022646173160495
-7.4287662700360375
-0.6848608316788721
-4.18455650526933
0.5579532191648621
26.822258604133385
1.668426766676891
-7.0198799894833455
-2.259181489814735
-4.9468036682814605
8.466268023991702
0.841641544469288
25.467409867252275
7.511794657129744
1.8558974862376103
9.034045104231106
-3.238531214823747
-5.227150884308538
-20.700784154365966
0.2818871865534789
-4.106514764605336
-11.861322336845673
2.786560712900526
-8.734282840929854
-1.6183107845689249
-2.7053729223476513
18.670044422741714
-0.9647994447337006
-1.415044886163661
-5.772692227276582
-6.5923228126578985
2.656563719792067
-0.9545726214841963
-4.328399482933012
7.930854028310082
-25.98543436451735
1.9875718728292673
12.797256358182434
3.225537245704303
-2.523079137589991
-1.6187906377707206
-1.8688945272580948
-6.205459199752365
0.6937100404513266
9.096594391857284
9.690062338000795
-1.761537548297048
-11.693644889228707
-3.516319961210632
1.1996992237643482
-6.56207484947094
-4.834498466998814
6.092213081063404
2.7851734957525283
-2.4353407623231527
-5.694280404276032
-1.3894386365312248
-8.477088975937521
1.5003189262548562
-6.273924154187376
-7.887994684150112
-3.5164494810923945
-6.609858350738774
4.8432281327347795
-14.310721015630332
-6.0151473889958895
4.796060672560031
8.755596196451693
-0.9749778460607904
2.1249602170837276
-0.9881639932769497
-16.378101275796425
21.126747979789467
-5.777285558611599
1.579881055538561
1.5974044579785418
-5.16518893178599
-0.8782439792587324
-0.0543602089583222
-0.708508493885446
9.134359778035357
-7.372941018797278
-2.2556258725066303
21.74068226732721
-5.9623591485943725
3.1999374740314748
2.6817942087150355
-7.339256927521512
5.59262756827219
2.1387387915040854
-10.346358787349633
6.442604524393679
-4.978659602893429
-14.077952426223474
2.372320386020213
-2.160004517176625
8.512316888902683
-5.009687448666404
-7.061047414185564
-17.737364583152843
-4.054217234355555
-7.427053996783999
-12.835475499015063
-6.959868140258292
20.20269864202614
-2.164597735659761
-1.7077906764563977
5.907336037398337
4.274070351046299
10.613716162572157
-0.8179033296931913
2.122657374559374
-8.653425583718299
-6.648776703290142
12.57279063747013
16.490197830371812
-6.601466712111698
10.066398157138705
-3.1504337665760382
-2.848319854433336
-0.878579029097871
2.8100083659980997
-0.11700115853553358
-12.030289367278266
-4.066043273692589
-0.7108788194209152
-0.03316572531439059
-2.8191986925127166
-21.431196821969255
-0.9371246643605615
-11.50971893932362
-12.217403548972031
-1.9460721569101418
5.327122199969378
6.5318624682862705
19.897151557654894
-2.3293161136931526
4.447694617693877
-0.9340517641603886
11.697248738244525
-0.3000475758050878
-3.675192908501412
-5.51658067631239
-0.30941536635254
-2.556236396115725
2.9055830151997726
7.226844414367134
-3.3306799817380672
3.532828987694958
-0.5682675212492089
-26.15261734993016
-7.901043327453466
-1.3048501325127202
2.8562327582384435
-7.010192582042111
-0.6070990086364692
3.8995967884495917
9.606954109173325
-0.21918741443823264
-25.080446937811658
4.651494853324985
-2.9027990391847824
19.50366117887791
-18.895885749387617
-2.345719913054417
-2.046589019759705
-0.6366335245023715
0.08251035759648577
-6.269176666059729
-0.8076551782617797
6.856609740598435
-0.34726274864264545
-7.558117584737017
2.9675895396860588
2.1476496644627443
-1.9638192714729805
-1.3408399343838224
1.3642286030820971
6.024598728170113
-9.876915724132155
2.319306825627231
2.695812131099543
1.6276371434593215
-11.74419343711373
1.6387927159276463
-7.516400816082097
2.356675672315075
-16.309539092017154
2.862870067601321
-3.3800205968700676
-0.14461375966402426
-3.0931898422597985
15.105771559492732
5.670351861695736
-19.768763524307214
-11.351036549443595
-6.475509469091988
1.3233262936213397
7.3465309009554565
3.091172111526329
-4.997600789957094
4.236736235647088
-13.211286027904444
-4.779240371496252
4.651703366993533
-0.5960385804720393
-4.126467462617515
3.367602214248721
7.676385354470831
2.103329580877679
3.007993251416198
-0.44123071492801713
-5.653920799948054
3.5877078015851183
-2.1681068234236136
-4.462888667859855
-10.755011059055661
26.108630635575224
-2.5380352423172146
-2.2135637061411724
0.5104027132971412
4.303460762059414
-0.6886270754070946
-14.37771458625715
-7.772289981735151
-1.832167423136397
-5.516536437851657
5.009292824237982
3.7752151941080765
-24.24997600990788
3.516174715510674
9.254364186524628
-0.17151100775410644
2.5962513832259524
0.3658919641114355
4.276346318600497
-2.67427603698464
-4.200345042797571
-0.7194010151391962
-9.077969021084984
20.37894103905625
-1.0571213618883997
-3.56112553672249
10.99268092578088
1.232355684762843
8.487564461387155
6.507913494631763
-1.836712688771282
-7.129694967579529
-21.38583847068449
9.923918570799978
4.884723391229533
-1.3810475896854966
-5.978376848084741
2.7686676900320917
2.9356576473812765
15.011305836530747
-0.3195474886162696
4.537577520206603
-2.7534340553843717
-1.105986303602344
-2.6795323216246842
0.9559258638111453
-0.8652109846850865
-20.28968931670373
-2.733180458606681
3.42914217075451
-5.288427211324088
-4.854979961583189
-7.218003261510599
3.568260351572842
15.624606625949122
-10.174755550762196
0.9129363039724642
-10.031216667576272
3.8654915250843307
1.7611046962211663
-25.206580116714367
-3.9488109109176626
1.2012058398375234
1.3673370719614428
-10.25529516373648
0.46552759052568427
2.998538956055674
0.6422522574769935
-0.1741489371181214
-1.524676342977659
-5.128442663787624
-5.512775466292067
-4.992252412990582
3.862327531742326
16.968392428288038
-7.786669802364749
-0.5199259255222782
-7.539062385935785
14.991668545668675
-6.844002757358423
0.48064803343110485
6.658928241233223
1.0095146939456026
-8.297124544133668
2.7350581557958025
1.5782713954730536
25.198707136044195
11.622451018221378
-1.6228573673249587
-11.289650009148794
7.367730253080216
-2.9941302985497886
-3.6271894463660774
-5.465267686502638
-1.5606237494547968
1.6108025312967778
-2.9029401274015942
-7.97465811617425
0.2784760353375214
-0.43061138712192454
-1.2764018875587486
4.1224379314617225
-3.7555967367626266
-6.331554661655464
-5.177011347773693
-7.9129483503891755
-0.699396895907609
4.94743203839819
-1.3454851319358743
1.5351585291548935
-5.840960492398106
-3.534845057144575
1.359184516175743
-1.0835104105355358
-1.4919430644214295
0.302724367644212
-7.493036176646094
-3.7867641233718623
-12.534502414493993
-9.245772476658676
15.673134822010311
3.881507596380031
-1.4854127998945317
-16.41057364826852
6.98742032677664
-1.1408269327112415
0.1391575834530227
0.9662073293880176
-1.7827195964472526
6.972180291788012
-1.8979551221876614
-11.767004901030752
-6.27480779263521
-0.8076540819871684
1.197011005013654
1.1071614705665727
-3.78687956006627
2.7371835551224986
4.6789410707641315
0.7999923839381756
-16.849580730909654
-2.442542660100874
6.289135506308325
-3.010551840460749
4.389772623235138
-2.1175351170692207
4.063037731693978
-14.878703178026718
0.020098301072208186
-0.548055623559165
1.4266677534966907
-18.093020559581987
9.77058754771799
-3.231672455499686
14.598393051451996
9.149878971514175
-2.537508944827041
-6.228191133439896
-5.458181608288963
1.0333658166229895
-9.363923167066565
0.3845302347614406
-3.024529125618815
-0.361896544009271
-1.9466245771521327
1.1802464834495598
0.14936056417766463
0.11488641370582416
13.013362441475387
-8.074181393317229
0.9135492672010233
0.2811943803332651
10.498086384698064
4.088649314491626
-6.789486247243055
4.21828505206193
2.750375013244034
1.6245569869210446
-2.9169461306155418
6.65639451395666
10.48373945461934
-0.3216121537070882
-5.224041538163608
12.455757576530154
5.904675395507845
-3.2511091846199887
0.849516974275194
-2.2885203986695277
-0.9368894634208915
20.8014905701161
-2.5073397742120944
0.7878209289745851
-5.372474073192107
-0.7670855702374733
0.3779502997754637
-13.673109731951586
-3.5688611568998896
-0.771978674608625
-9.180270888431432
1.0601999941268239
23.056420937702253
-5.612556671304042
-1.4951942955869761
9.375730651549079
9.159495759796243
-12.24858840625155
-6.008121964851981
1.8052941299553973
-2.167339138229811
1.0055673288490365
-1.9139101611737306
-2.1446079891596246
-1.4620430242771858
-0.37408907203727143
5.578637302447292
7.369741136505462
-2.17307605926897
-3.4214423254267134
-20.17823104183178
-12.699863474878482
3.800913417746099
0.45993831915648936
0.5272856919101991
-3.953170532363393
-1.1101413002772735
-5.705795986214641
-3.170231150049174
5.514876038969144
2.991964078687043
-0.40341417375411553
-2.6371848134115683
5.30426216766437
-10.408286303540622
-1.961344177301134
15.921295981127948
-0.4373191325038282
14.7616709834234
-1.7207028468220296
-3.5705462468983784
-3.9817067906037344
0.9987537433437395
-1.7260826350537002
1.742890808076951
1.2423844337841916
-3.15905603562243
-0.3348282174912335
6.990808211501627
-17.573638330992956
-2.262077196514682
-10.17006148556999
2.9610252088370452
5.551567041850485
-2.7090316615862258
-3.8624447141741745
-8.12875826417835
4.489696648221804
4.6859727338179615
-4.46844377205805
-4.698920417409086
5.869024807364833
16.84068601263429
0.38518476964253445
-2.6467518246364414
2.636043830810323
-0.5450384581739015
1.9462943956171554
6.647974397654662
-5.412259081952989
4.764956938252903
-3.3791767741955456
2.1375809566991877
-2.5911935858100326
-11.657458535209994
-0.9831733567063844
0.22775850294245759
5.048847446929621
14.513141361758402
0.058075359675516136
-4.307096625903413
-0.20147497333331504
7.260758324659272
-7.427726029424631
2.6473177206580103
-4.081961154083321
14.696730024537896
18.40840349456245
-7.395196529191513
4.228565527851037
-4.241711328083801
-1.9558970233464967
-3.2128350541853488
7.348128153687015
4.321239723486159
0.20855645747773124
4.880462592895117
4.7607408516352505
-7.732228483281673
-0.9381170542846659
-4.342709151897878
-13.756023799293047
-10.926802211472467
2.690049684805319
-0.47385283026822744
-4.275094930100693
-3.61073697258372
1.2206752334354898
0.15888274093597446
0.8230323574558742
-18.339798318103917
-0.40708602648382847
2.7903429555730734
1.5533531955150253
-17.325530074748915
-0.3618391597580504
-3.1696141162151004
1.428243931096176
-1.8687710982658379
-0.23937049058263674
0.14169345666746797
-0.050247285634513784
2.701826217232865
1.939678159767845
0.8163583623705447
13.403006989772026
-9.57268653085113
-0.3913553463762479
0.11447814100422474
25.23893449341123
1.2400005283188456
-4.066168947562301
0.29913770133932793
-8.308051668627671
-7.277156448223582
-0.46288324111785567
-4.08605197821278
0.3910026507489589
-9.134891998431138
-3.0200706891037727
-1.677616337035833
5.225188258996395
-8.627061192590178
-0.9264820165827956
-1.8226870369395
-1.8022539663323676
-3.2310320558351577
-7.834182419255371
19.8139927573122
13.620810759921502
-0.8101354211048881
-4.302862079852428
-7.335515386305979
-2.289752418564495
-10.752543406907128
3.2895416316475803
-0.7583066980653116
6.123302501158782
-2.480037202214388
0.05570459266963606
2.4669991926618526
2.904650186190653
-7.16247809180774
-2.180407501982206
2.809359107183867
-6.350291734808931
14.94103161985054
-6.914886966854231
0.6867817141920173
-3.4049806177902697
14.146767688533222
-1.024511451024563
1.8324390652424205
-5.919679120050322
2.2530452104105407
-0.8831390159012448
4.543435020505261
3.1347970819570348
-3.6129555578466706
-7.570305112421116
-3.494473214879845
-5.314169530097882
-2.998240099826009
-2.210922878759122
-11.566430098751766
1.612919556312786
-5.572361378292903
1.2961198902043438
-0.5100189145239675
-1.1202723636913818
-8.216416197665357
-1.672662033277459
9.410225415710165
7.554232848968126
8.862489785211862
-3.6503365359863125
2.5684015147215367
-4.19738989262673
-17.464857524499838
7.308865864274121
1.8587179958694937
5.992125468941821
6.241447910634388
9.53827481177877
-1.242515255265995
-3.2464262691372725
-6.845977986141285
-20.843285958598727
1.772932337006585
2.8326478932800137
4.006660313626478
-23.45251906565499
3.244940466468323
0.6152224960214475
5.196332618300802
3.925735015623747
-0.5164703093141199
-12.199430900439836
-3.7438520239423045
3.2037673446303674
-5.454854293756258
-2.535593861670425
-8.374170557425883
2.898042724894732
23.750636098660284
6.268622853496143
-10.370667758833525
1.218958896148371
-0.46511327893547344
5.577627376035569
-10.724923881698587
-9.996296141599126
0.26820381897843987
9.362374111473162
4.276154805913011
-7.925150190742603
1.5065148647947768
-2.7798711082488303
2.4984918200692556
14.07089443832066
0.3119680091388694
-3.5916439938354676
1.4603709787072343
-7.401290669113363
7.16183529210256
3.3098691151759936
2.746933187843815
1.816263594187602
-7.750425339037409
-11.193545926922639
-0.7855321173021683
0.9470047118387415
-6.692331505350289
-17.699749545405453
6.0669934572192075
-2.5966106817772125
-9.175918282705648
1.3959110990543633
-5.623707103442388
1.0583775162543496
-8.89605740954876
0.4786881265292601
-10.469404321875093
-2.9899874946148888
17.938593741607228
-18.802130671581917
-1.130740424554708
-7.765371431571447
-1.1908408481827795
7.256727020000216
2.2276487290677216
7.397285317967176
-1.3523942983269635
3.8868264350228383
-10.8182516107575
-1.2777925096123532
-14.507752389465942
2.563526046854576
10.861256992625888
-10.38778512232738
13.587061404518582
-7.138056487886244
-3.4993924820258315
-3.1547007537598675
1.9375415392563524
4.495753351220978
1.8878369732636073
5.787767229021287
-4.160264638360015
-0.0750439194250207
11.008536486479406
0.8959147946125448
-0.4802804011126839
0.13120643454947428
-3.87343963374273
9.591244448398262
-0.3477262224430256
-3.52672313010982
-13.101299453004096
7.49923300523255
-3.8579017755327274
0.04739429114573104
-9.320246541309217
-21.24215810476687
-11.079262996323054
3.1938798682601925
4.851767831565503
-18.20488986808329
9.174037360437516
-5.691150258702223
-1.7961642755182636
5.629238410042169
-9.317158912601021
-1.2807254515370945
11.375171129762705
0.17333984812885475
-2.531863030091719
-3.6499822765604493
12.611960276935658
0.21419549750053346
-1.7645591868807429
6.812875850986769
-3.1321500726740106
-7.719150590228358
10.485142652803834
15.602699542864203
-10.358653201497146
-3.300616239999596
-1.5659044536006272
-2.5282873636803824
-0.41839035969893884
-3.2233168185739105
-4.186879324484604
2.79495154309727
0.07433132928455055
-1.8106357093986436
3.4257040152167466
-8.832312187536772
-2.005514844109324
-1.6514560030192187
-2.5878782927999477
-4.961593887851447
-6.1682863591449735
-0.4977302118075313
-1.0765169102424
-20.29644113187036
19.384224502836787
4.322504204967456
1.2130231703814338
0.7902536124086464
-3.722251190086659
-1.8788989655937416
-10.505651453164795
-2.439460983312742
-4.993398671505431
7.908446389133993
2.3174300562065833
-10.720934865079798
3.313970706113692
-3.2469576843589274
-3.9869694510917917
18.127774353900307
-3.483869287308177
2.02598153170729
2.4069780790428603
1.528265042630598
7.617672893140808
-4.124482941033377
20.274804826170282
-1.8842427831403554
-3.2335715013583086
-3.075433400376772
1.276232009546053
7.769928778563784
20.5478960793148
-1.6199779066918623
-1.8567886857606772
-0.22276865244273428
7.335872659050736
8.80247655529244
0.33646646156253174
1.903509925200406
-3.9066363772351536
-19.675274219268303
-3.2132590860656527
3.6574017870877094
-2.093426716129398
4.551569021674708
6.584246710836881
1.9129775068946402
-14.343066061493264
-0.62913025649797
-3.2119985081647515
1.5162268812080122
-18.77429454984777
-5.25291432376697
-0.3027913696852291
-2.5087804234060793
-5.640933099954479
11.439578715856909
2.0062863279555336
0.22447853475920249
-0.007756436686629844
1.7471337114869103
0.21529346597930593
2.24528080615103
-2.904634794798264
-1.014024873406371
-5.902418026322727
-0.15050441930734137
-5.561511593657217
-5.306878641054884
-0.2085168668359306
-10.833128363810253
-13.050285387621102
15.577398680657883
-3.434460354982624
8.617146692566111
-6.548469080172393
-8.075051556820798
-4.007946222397319
7.999118589864887
-0.9067650095068194
-6.177141319060818
-2.631556653042976
-7.942773443671345
-3.9323773032352354
-3.6161434811549094
3.9685650142055047
21.51125629152422
-7.012017113080344
-1.2011929303643238
-9.835103633037408
7.394925309817677
-1.8097748934876619
-5.662900016289059
-2.6088202942834675
13.390146881760892
11.180184468953438
-3.7498732905889067
-0.17703280227742285
-12.181870249140948
-14.27336954774587
-1.7559722306754206
-5.406617320525961
-3.6693291721687813
5.1733149045087234
-0.6128380456876443
7.605235394861344
3.2241767821241227
-13.656441755713907
2.326883294997522
-3.7558736929810865
-11.383172413725632
11.523226168747916
2.5643301808173318
-1.9912559726199746
0.8375826303453341
-4.659215005839875
-2.21611984051771
-2.066425906950753
-0.805030770481607
-5.948394753446286
-3.3190514370762436
-0.1416507240979289
-0.967575812411964
-1.7650917528901608
1.5670088620104612
-0.2560867706826639
0.8116667679431542
0.6987311702588771
2.5726658859250056
-1.192026631037778
1.0008517061043831
1.0059264531709533
0.6245727831003558
0.5097897769076042
-0.5050479199511706
0.823263725307568
0.23893934092702923
0.3013631572151391
2.5657108174386707
-0.6197291739002154
0.6175538722554282
0.28737030998526114
-0.20561802068540896
0.4460244499136077
0.960165739918347
-0.06035145415839582
-0.13489700437348015
1.3361842455990354
1.2395655325913866
1.714306946229357
0.5318426409550387
-0.007570357089501791
-0.6528211082108157
0.40830963915666874
0.3185027158135098
-0.6770151779343453
0.8556820615244345
1.6469452679817314
-0.605472825980804
0.4839874135097543
0.07346899535959746
0.5347179656616663
0.04495758181125982
0.9103722155171381
2.111358192989793
-0.3493854999516819
0.09002880119176172
0.6781688047206331
0.018079298261069538
-1.0908268120411824
1.0889762617972805
-0.8267807403351479
-1.1405215835126972
-0.5543262336594087
-1.0707468239672062
-0.1671260545474342
0.7458419080249379
0.2690624782766651
-0.9553146246849592
1.0454778951564545
-1.7657701278093179
0.34621399799771724
1.3270330801168553
0.5985750577084472
0.9235583177770026
-0.0760630664867427
0.036449005156039604
0.08308560362562006
-0.2769100948321678
-1.3947452261402078
-0.38379205311919984
1.0395204391827755
-1.6167923503007176
-0.2906712571252017
0.5574507697612535
-1.3742306936131006
-1.089671472685477
-0.34214394682049476
-0.08593211103546973
0.1814116215714702
-0.7134891952529058
0.27625021361747576
0.941135734637072
-1.772416596966717
-1.125724631536096
-0.14335070267758238
2.12656477791424
0.9735605281937372
-0.826768195565768
0.48699223124804186
-0.09833532658177623
-1.102246514754576
-0.6214539794632814
-0.14138180790637012
0.17022399004228422
-0.18776445390698424
-1.0332493463582564
0.6068867126232551
0.9235428869587827
0.8724028613562789
-0.623807984859152
0.9872919133991388
0.9618060330464444
-0.4918797296202666
-1.040501894915989
-1.1923609355224845
-0.2186933045308441
1.5228545200402233
-0.4664773012619172
-0.8021287712916275
-1.4120562832761236
1.3542480127984293
0.08041914339141991
-0.07768017193512776
-0.15637354834108638
0.29971539774446876
-1.8706203672727004
0.8493619482742337
-0.03840870673831516
0.5288782057345653
-1.1539437950045264
-0.8197061023879663
1.7651790764893969
1.886273546790615
0.6817018679778258
0.0916196322234558
-1.3386839809543933
1.5834255546393394
-1.4304999288564348
0.9801083059976282
-1.123145422767439
-1.0222821994303515
0.9674229932163165
-1.5507566411740883
0.4876688368646531
-0.7432484012808157
0.5118772198410584
-1.2526753299219247
-0.15236690604688316
0.07826353237263799
-1.6196712714509593
0.9068957268285538
1.5775287214070197
0.4999868623595013
-2.0722282982199824
0.40123585854037797
0.2773193089585812
1.786948631229656
0.03725793680044218
0.0529448208062969
1.032988102911931
-0.12839945670870329
-0.19922984829602394
0.44524855237629146
-0.055984871546009965
0.49063273557130643
1.527993620973569
0.5450139942036898
2.084382757222877
-0.022105417637647895
0.36030415724445913
-0.778726234508051
-0.9673668534897264
-0.3363040599421666
-0.7332900754605869
0.8336435747094653
0.6878642274097765
0.489778606960141
-0.7210785653907835
0.4300876054385138
0.3360725532176632
-0.5745518085439416
-0.3281612121894238
-1.3143125584093132
0.24487546446612612
1.3825516699994342
1.0167280786063495
1.053221021571626
0.1347405141343585
0.1754571297294505
0.6467992533933533
-0.8387485612973519
0.14833916532627886
-1.7218758030486947
5.600592649483362E-4
-0.6221795612754747
-0.6746064616423684
-0.0670504764322444
-1.8420793835632774
-0.4375234393606444
-0.32081731949224557
-0.17570014165031958
-1.4872447507551159
-1.0265141681505783
-1.2727572095391537
0.7941122850136002
-0.276174726860074
0.5484185815781515
-1.0571734033205387
0.17744968991209914
1.0525083208986419
-0.5222690330463879
-0.028957901288611296
-0.1443569156219916
0.16731114071719486
1.3461300430832666
-0.1049098016594892
0.4916650078408146
2.1203803949369124
0.5805655940973893
3.0975756509969985
-0.0604033810921103
-0.2876477691184085
-0.3249595636223235
-0.49654720686794207
1.7298576513679786
-0.1220012790477461
0.5854744182819257
0.0904535519797548
0.2570099357867878
1.0601954026986495
-0.6289592799620178
-0.20505490905152718
0.9333173236525307
-0.5141500023094773
-0.17806315608241055
-1.1936469787809292
-0.5598389890209143
-0.6546758017427212
-0.5264712382445546
0.7110612936570009
-0.9329067766686028
-0.5280805247078956
-1.0146284099110414
0.35336052133191775
0.5868792061339599
0.9804240075624064
-0.20890339997240032
-0.13959245608933762
1.2990317634088766
-2.091080732509832
-0.24821643211471459
0.03664286942919442
-1.8055785806519589
0.451730728495684
-1.5367362919068697
-0.2823899419906501
-0.35662826830883226
-1.39625475318387
0.34184708075283243
0.37732241557776425
0.31230056355990765
-0.689133482880555
1.1890982327001987
0.5417895240641666
1.2918598251592752
-0.70899364373909
0.2570376846585081
-0.972349048502247
0.8518774082962568
0.7483978967820863
-0.10877859622478254
0.8248132990010348
0.06236834430935376
-1.1136851141404631
-1.839949410142608
0.3539673568852437
-0.6023472940791397
-0.7554723676500177
-0.5599397635184825
0.9962186483027675
1.2240985403575766
-0.2607751358861743
1.6289030707472734
-0.44203404758552317
0.6350778607915407
0.3233049143536794
1.796716440878771
0.9577882021873624
1.1785444154453117
0.7789167565074996
1.1544697617911646
0.26443830554760483
0.47591335875592783
1.810630294017227
0.7066147453336371
-2.2446663750357647
-0.6848933625607811
0.22040338753814606
1.034942014809474
0.03605871654253028
0.5197277426720527
-0.795015869944051
-0.2858289777809769
0.444706121835
-0.609441295670805
-0.42880278288238155
-0.6611469974053898
1.448072812428607
-0.5998234525387304
-0.6067650982262376
1.3842257849399304
-2.259088617453513
1.4819548938408498
0.6863113779727109
1.7752716469299308
0.5627425280745934
1.5084428906425809
-1.7576733837875678
-0.10212044436210832
-0.027681044827619027
-0.5855271766673767
-0.2711524915882473
-2.5329333541285806
1.1255294601030212
1.319804496530356
0.9791125895550822
0.08252854942206643
1.8097070382290807
-0.20504043515557746
-0.15041267206703463
-0.26855454723320754
2.367669234132231
0.21494264219457462
-2.3660327176025424
0.4064872014420025
-1.0046980503893483
1.124343335099132
1.600091035579872
2.6695862093822265
0.9564143383620844
-0.12082540299632656
-2.4905901049906842
-0.004564266960374306
0.6000467157192814
1.2076303672775341
-0.42436670481308697
0.05320231771027719
-1.0650325063869126
0.03753371823822646
0.9885877997601151
0.7004369187821552
1.5813880917490928
-0.30129462661464634
0.005832555405282461
-0.16269375074039305
0.3966177787683594
0.14210183093915074
-0.8064234783471377
-1.4149632804170482
0.10946461301977473
-0.9020685094443303
0.5139038783593466
0.4180730485695923
-0.39539782756695135
1.6854851256227148
-1.3582889876346478
1.5871851938860089
1.1991521497090727
0.00831263171915335
1.4047357446078024
0.2551787589104472
-0.5072471015502926
-1.4513627427909577
0.1341212545545564
-1.6467033612709538
-0.6117025010067222
-0.2409822661401078
-0.2011102934149464
0.16698747579144416
0.29010800831463757
-0.6728903208744853
-0.4648844040517148
0.5067587012196669
-0.8315457002783407
0.6094474961023217
0.8966411643162732
0.41171050799902137
-0.5173603000250363
2.9127384111500776
0.12895325295456553
1.451651214430305
1.2187782675694292
-2.470370983386538
-0.47279924120452504
0.9569535415986393
0.9558715387311582
0.6000405611502722
-0.5315098927592278
-0.3836318056727449
-2.0229812111056207
1.0703220566293001
1.6967844014400046
0.8657714583378132
-0.9374088795714104
0.13367188147526207
0.2203627718939295
-1.563153781655289
0.494978442810252
0.4828958329360702
-1.006511534336238
0.3870657759605127
-0.6467335475016828
0.5633008349396611
0.24476035576755384
-1.4855611706377867
1.0416230823777677
0.4125549599662461
-0.6476291060453602
-0.6872710258345411
-1.5577568585146389
-1.19073943529412
-1.4873224042011017
-0.7781711995927486
1.4931949779361664
0.16780448038028262
0.749695634217319
-0.5962696628047938
-1.1447894831295486
-1.0770330638189265
0.781673351452202
-0.09834467719818808
1.0159110719803535
0.22674573045639218
0.47847502340863857
-0.09354693724204093
-1.3355789001875407
1.4445739083934686
0.05795973870014674
0.18524202461855113
-1.3758488303729735
0.2682538456718689
-1.8433937923818309
0.1925751102299836
-0.2839957361682917
0.3385354943835493
-0.5102438960603222
0.2240435204077194
-1.033645388922121
-0.644561008077722
1.1188559050204208
0.6327407623599023
1.637318483145651
0.22844142057102673
-0.019037196690186626
0.09611446090157136
0.47582296984203404
-0.920609083148527
1.0261731682153226
-0.44141479089180535
-1.1815461203623188
-0.1632648980020328
-0.6772574494365294
0.5109506048863579
-1.1778919187962564
0.5782070286693479
-1.137232823954839
-0.4317368065090827
-1.158358478163773
0.9378386187613597
1.2897857303619398
1.0115068397658007
0.2056777276839051
-0.5542781900787616
-0.010638634100246767
-0.17575851058726233
-2.063864255752133
-0.8545715197901409
-0.3163584117209439
-0.05896374596701832
0.058687261549917887
1.0984603026922184
-0.22249393938525794
-1.9574623972287561
-2.4107475278041184
1.4308874545858579
0.04234989587686559
0.35758790681995345
0.45407674006094706
0.13043346321315893
-2.6776123678609873
1.7750429344941248
-1.1821257165331287
-1.6135584555307243
0.8001937734265812
1.4607386902534292
2.888353558821469
-0.7449748034860839
0.9755907357331082
-0.7393739872984628
1.8239836258692752
-0.6903337341938958
0.030239432785602562
-1.9480820095904814
1.2018314777847934
0.6140265925901223
-0.7567721430947919
0.7752194849399731
-2.000419312425057
1.3662350730928057
-0.5108759204164801
0.20448728060161878
-1.3726859136899505
-0.7708497345639443
1.0342696582531214
-1.0203007212157713
0.8085827686800717
-0.9713846429927688
-0.31703387768012903
-0.3613079556745552
0.6140681228588518
0.6575021292447716
0.27403768537481665
-0.03024798258476832
-1.1310033210253836
-0.04922841955382722
0.5222246859766269
-0.8464482828356696
0.9400556387400179
0.4353540208417129
-0.26988803299968933
2.243209708958709
-1.5628706540533026
0.020018337528022147
0.9626789109879783
-2.017855156139151
0.40127259622381567
2.984728164229546
-1.9484727369485781
-1.33747566329733
-0.14286389527677795
-1.0186578554492516
-0.5927616524003563
-0.28646190759016327
0.061642399100054646
0.08822948161152289
1.3583814438599224
-0.2888186737619491
0.6148751924718115
0.9635694674899249
0.9794086339924458
-0.14694522768537663
0.774859081361333
-0.8513238616012639
-1.0932099427383764
0.5441305581040989
0.5812884981233635
0.06125430267648164
-1.3280841684550997
0.025983735742299747
0.19358552068126597
-1.3309190641081383
1.17172346777762
0.40776792134899936
1.0855515324361955
0.011149034917636228
-0.8650330603171656
-0.8393536647877942
1.8808968712124599
0.052084851278905595
-0.8867544892642111
2.358440639150321
-0.39452497094130784
1.5601276475322698
0.5891309965613751
1.7378663817000164
1.1046936307880832
-0.4149340916855675
0.058947315592626205
-1.037258546166909
1.1585716190432669
-1.2414100129759633
-1.2682838922694557
1.0681560340116698
-0.5490200427188878
-0.6618937363811407
0.14121753018497446
-0.767227144727988
0.6102766978965025
1.2373226652626994
0.9398660372974262
1.5405367563354082
-1.5534593285316984
0.5446149201438606
-0.7312933334602197
0.9156871101227776
-0.057612007932401184
0.030985504667216102
-0.24347013998587583
-1.6576195675342087
0.005426578301562031
1.9615103349191185
0.718885222184386
0.05392648096961925
0.8808958955991476
-2.784540333454304
0.07028059532509051
-1.6402096568874613
0.599404131291958
-1.879141496889154
1.6643299786815917
2.0233756333899184
-0.6158199287953805
0.08013649944203703
-1.2293016009602338
0.7247651284579678
-0.3062639098409394
0.1316836883100346
0.7807580213698826
0.4591012149956697
-0.033892492406128974
0.38361136506989363
0.8011650755782487
1.8546747044271632
-0.1957636641815685
-0.497330067052748
-0.4905494580992017
0.4281114303775701
-0.32426309169902207
0.351057375276096
0.6213728957580317
0.5119663973357874
-1.1674195706812196
0.6915977526149769
0.19591006151461982
-0.15831169401300904
0.7397503107561053
-0.6689916725431136
-1.6590371619964372
-0.5338516141033856
1.376544999030685
-1.0832742762342797
-0.4539745905314245
0.5352340644402063
-0.4659022698273528
-0.8205973273071605
0.9253944094571667
0.3661200855644035
-1.12466460521048
-0.3530657001946331
1.1255909240626252
-0.45552147092828493
-1.0767230428181158
-0.09751945132111389
0.5213612972709727
-0.3259839186699182
1.0570574987230554
-1.5807942787963771
-0.11056598761032038
-0.11531489646531251
1.2160495779454863
1.4186355341689052
-0.24899336855019208
-0.8479018165566571
-0.12467341352542985
-1.3932647030974843
-0.5014568141763485
-0.25650007687172377
-1.531233176179204
-0.39461293086471944
1.2380884214590164
1.1051748157044132
-0.19888398508884914
0.1891019440917731
-1.0311891664005846
0.42747729574111315
-1.6173916490156814
-0.695735471245772
0.23144875258005648
1.2306658086355313
0.38578377425187355
1.4713940040562437
1.5270555544178694
0.5632414653685677
1.0745449288413358
-0.13253417038102588
0.33220306351392054
-1.9592025848066672
0.03490337193649909
0.4208277117779047
-1.465956241779322
-0.03980206997377647
-1.742773957791114
-0.7530761770457383
-1.1951558144210963
-0.11890141575460843
0.8656851266502672
0.4440240500647916
-2.0362371204590923
0.11755684922509269
0.6540413219168141
0.1744338465490841
-0.23535030119470093
0.08655539369194434
-1.1668112113530873
1.4268673967701255
1.3560100616224404
-0.8686542682573244
0.559394124455833
-0.9973045830766892
-1.6615123454458622
-0.36014341020574137
-0.08573135841120683
-0.1105341907684442
0.6042765752529979
-0.5710824728262067
-0.8140437600649313
0.5792984185711063
-0.9510758049718078
2.035442520915822
-0.19414847705906438
0.9281749073645503
-1.6056811701935432
4.412456745362914E-4
0.017242051677637628
0.6184288212959586
0.7047747129492361
0.012146429987842055
-1.7899036573707965
-0.4654031428724454
-0.546405692518753
2.0103545648335888
-0.27885957876027745
-0.25454865974102975
0.8522651209864593
-0.3455916399739161
1.4758147242222555
-1.3986142524011624
1.5637001653678553
0.18904224658501578
0.09849080012616797
0.42879993429869323
-0.42155752468977015
-0.6368220882632655
0.28968854083370243
-0.9189560038624773
0.2732563391131903
-1.538915736480076
0.23120078171738384
-0.3903633015597835
1.2757820406338716
-0.8112989034652076
0.5195546314431699
-1.1752214717309863
0.18538435699988462
1.1252420645441261
0.17970812694860633
0.368342538599238
0.9348147824050358
2.6724326441762387
0.7411136727187589
-1.2763878381344216
0.7545754861802475
0.9219980497165756
-0.3940150555402261
-0.6822822679511105
0.15833005646975012
0.14866716850353515
-1.4211766630051967
1.0140787057455283
-0.2451199142919647
0.32915979592048655
1.4080494758891196
-1.9923075619982658
-0.34691812224594687
-0.07466127066024292
0.6559691618776161
0.9027732309714014
0.014575104470299428
0.35532274153560583
1.4180805830255137
0.2985964667008232
0.6686534299181953
-0.24071893928176052
-0.7445204047315799
-0.1581084221559823
1.7877577220614824
0.4924309510535487
-0.13875463949641684
-0.18860511067946042
0.16000363683208804
-0.46033813739587615
-1.783359486652743
-0.14855638866064097
0.5662303565682077
1.774085553308428
0.5560488808631834
0.23827769437721744
-0.17654741581957015
-0.4829871294982526
2.5964078358788765
-0.9641366111108003
-1.7205070203980133
-0.17308350343918852
1.2752660746227198
1.0547663894015844
-0.03183213677385779
1.1021582575597253
1.6591836026535496
-0.6213100611314588
-0.5409907379039681
0.6590264277461941
0.5521273762054827
0.5695914506713057
-0.08518606393735427
-0.10345507039316264
0.7614346778076211
-0.6562570300033974
1.5782015181901992
1.5689688194008027
-0.0355921585293753
0.5598314836699827
1.2800363015047613
1.051247921055479
0.1596487028726979
-0.3530863295624197
0.4597865174971556
0.37049324651859855
-0.4751110539991639
-1.4002223405178402
-0.8011530852935431
1.1930797147368375
-0.18655322157810844
0.14284779813056206
-0.972070949683686
-0.6154601766196526
-0.3041168726056167
-2.655332337773801
0.07293281800703197
0.34934895118892345
-0.055399349214434665
0.5063872129985255
-1.0892062219888685
1.2444505157001744
1.3284432910760442
0.23032822416356938
-1.409691148288586
0.8093301402145228
1.3768187763946427
0.277264431109241
-2.019080092566244
-1.9563116068925426
-0.33830426301028343
-0.2433508713582201
-0.32444659139741266
-0.789977217120586
1.1040301059373534
1.0130247588748584
1.1698740651422597
0.44312218330103326
0.9733381938909341
0.7980323363287826
1.3365050781457468
-0.37571426721110435
0.5374929404637905
0.5979611912941122
1.1013465726577525
-2.312286738156449
-0.06344469673903141
-0.01868123234348951
0.9055038578180523
-0.3929736514837344
-0.7761489644446299
-0.45219380032119405
1.4274988973125835
0.4361796020584203
0.13080360871502156
1.001534650415983
0.8660814249141191
1.1581522817205605
-1.7421141166456422
-0.20018509612613067
-0.7303624226070022
-0.14852531410998668
0.03710629868843595
-1.567706375416589
0.5272021424533788
-0.8271728987449946
-0.016064140519906206
0.07347851439801724
0.31965108885543037
0.1113462056903928
3.184307895081243
-1.2934640754522684
0.8008268231383857
-0.7687697571563121
1.1437353355300288
0.5546660673011304
-1.225075534730608
-2.8876423861542997
-0.7363303864225408
-0.3647564645653688
-0.24999358332062208
0.623807299523668
0.041292372694345214
-0.15309781663773195
-1.3353175542964657
-0.35144353264903516
-2.346118922213734
-0.1641111938696772
0.6081558763464134
0.31119236766932984
1.5161534365883191
-0.5374741290773333
-0.9941661655342462
0.8540893935947953
0.10516857887392923
0.8161271293262459
-0.3596587899672101
0.8642646714511687
-1.153971075056129
0.9049996392933938
0.01960218584968073
1.0785950538877216
1.539480273306205
0.6563881773084775
1.862675180577479
0.5190272814116745
2.0626224092505394
-0.06931517097224249
0.8323297203810636
0.599903185686951
-0.7225316170859477
2.6763084293791572
1.0063459055945716
1.5953394788057615
-1.46555837699627
-1.0838472106116874
1.2400921737270292
-0.33416118157158126
1.3394585025820118
1.3616041839323036
0.1081431256464974
1.387732442930132
-1.5441284197854575
1.0067608753811548
2.321332915076177
1.3917864303967757
0.16948459386721054
1.7464495026426896
-1.634101173907864
1.0098943560173184
-0.7286319890893515
0.3725040852137635
-0.09019232202971922
-0.9011928995226205
-0.9340129677874516
-1.5990357692652604
-0.9675895479220742
0.7206676975383313
1.1050067526754113
-0.8580868665613749
0.5981329324542056
0.9978338525134278
-0.22773600970275962
0.6194424592084813
-0.722020910147288
0.4377459973348977
-1.0812828394835967
0.5603947691885935
-1.66283324938764
-0.22735119979799362
0.3571311132344122
0.35755660052101895
1.1506910265372645
-0.6309125168319136
1.390313630108933
-1.4703234184473
-0.6439652134881391
2.177618634262878
-0.5437500799636827
0.47994652622994183
1.6132808236424652
0.30208809593638325
-0.5701675121249504
0.22662965613037064
-1.7134419201880013
-0.15597535943208993
0.2770170653704164
1.3708560625153265
0.5933558524835983
1.1848016427645727
-0.4599147277716099
-1.7824297880231617
-0.48667123543383783
0.9473202097442629
-0.2748732560132942
-1.421859279805958
-0.06393015554542236
-2.183324603669484
0.6809431464287824
0.3013953848491064
-0.629809695936391
1.407694920673653
0.5350103472420146
-1.2611267376679647
-0.07944637627514885
0.7629919112079886
0.5801007909113894
-0.44886084477015353
-0.43522279413908566
-0.09476335311929282
-0.7744996595045802
-0.195476291299115
-0.758497554360423
0.4388695007935589
-0.9900428970539238
-2.1496474974421282
0.26182735643431054
-0.9602021985814476
1.742205147170866
0.5434827902171352
0.5891019055025365
-0.3237452580753766
0.8203092109863894
1.2728780602100045
1.108907875699316
-0.5958452467156287
-1.127037634310591
-1.3019732933076493
-0.5821348234921145
0.018504155059884363
0.332729796933209
-0.4837172499356718
-1.2018223248695794
-0.8110526637018045
-0.9462931525437257
0.11238601954041956
-0.46046666451684554
-2.1917626439887647
-1.1585659514098485
0.16563029232785562
1.2847601097744048
-1.9711981494644133
0.3622438008601431
-0.7608691155694686
0.2184358825292325
-0.817041824000536
0.08239159070293613
0.6218595081949051
1.447264688299912
-0.026162960703567533
-0.8570375592597562
0.9204347751369026
0.846526804545242
1.4939919525818777
0.7734585894629256
-0.7103503968916977
-0.6293682027234018
0.3485371674274641
0.15482750170362936
0.6386875327751746
0.8741714970606832
0.7969120561194427
0.7407316744216477
0.3746836264347909
-1.0921997633229292
-0.9200797187997264
-1.3235495503634633
2.5959022072113767
-0.8946925136251451
-0.59739008741752
-0.18841202499538515
-0.21760155401538675
0.06733321913610445
-1.904762624719089
0.14158898582683974
0.7330595553735024
0.6920806754875747
-0.2220394066891573
0.06236358554564087
-0.23673252049267024
-1.105875634793475
2.0057894945765677
1.0338447361367686
0.7497435446235272
0.8746705684856818
-0.16891111348253718
-6.0819716736551E-4
0.5686650886592362
-0.10822803563456822
1.4877746672454473
-1.037055807568733
-0.35955466086014537
-1.055665025505919
-0.2511513523961717
-1.2804459187916382
0.3783915649641078
-1.350997705542779
0.9870458902525422
1.3419793020803907
0.7364118435878022
0.4672764600765324
-0.235392601395569
0.3877527976372599
1.752631956875553
0.6245796540126457
-0.01139806318845897
-2.0271767725363166
2.0579030759851773
0.7180855617361874
-1.6633748546283649
0.4263416658134803
0.7487711239097794
-1.5781723314369578
0.27607437532450213
2.615724648698259
0.9149772187516063
-0.8051825516150157
1.0052110499624667
0.1734592597713323
0.48347879604089006
-1.4965201034338425
-1.3033134185567372
0.13923551193714054
-1.4975157069472067
-0.5737950424209343
2.370958876147581
-0.2911251722479303
1.9999352550121172
-0.48537941526280404
-1.0232042026142987
-1.8827691694527646
-1.1037504253818167
1.1723620230429814
0.6552780524083309
-0.10075736484742975
0.15175483609027313
1.103478309346963
-0.10101032549104967
-0.28734408361454417
-0.6727809047654776
-1.848651978014885
-2.024473595806915
-0.5288880501023301
-0.06293815230331894
-0.9484467812771185
0.49820950705669087
-0.2770478832524699
1.2219685370827922
1.283864697351545
-1.0967632162270071
0.7858520943653525
-0.8402375244872877
-1.5403789417985514
0.008178326308663698
1.0227908759545967
0.17126782477383057
-0.31025284361916033
0.32168650771891305
1.3179293709104327
0.5038681035807867
1.7852254218622257
-0.08981837274256446
-1.8700480123082335
1.5445860291682763
-0.5629966027748594
-0.05359507431873195
0.11637562240470549
-1.05610521672941
0.10968697845886727
-0.1475265254398955
0.02330233069162756
0.7737528326343048
-1.2227711858015844
-1.1320334724418455
0.36222616498623017
1.4203179235742194
0.6144848049164026
-0.5376515939284732
-0.36248078819824436
-0.5295777525818582
0.7594431886022615
-0.002028723211226117
-0.5021932879821429
-0.6627772663235183
-0.22003636136253452
-0.9145823917248846
0.3849876848653381
-1.8946301637949061
-1.064110490874659
0.5118838787663699
-0.6481244362646232
1.3210555642940027
-0.6147906451015593
-0.09249278110218896
-0.9043060679125635
1.4903342060301679
0.42392016843783265
0.278450510036906
-0.36226141126092176
-0.5691417932468861
0.4445943492824806
0.48368959953111523
0.6626194852587929
-1.0103443434748063
-1.9424968070776873
0.21055269943476043
-3.5561671412629337
-0.1929653340322176
0.3529299902143709
0.6478959044727577
1.3022959778100547
1.8301474264559972
-0.3758468016091491
-0.9184763705694844
0.0500298287705551
-0.8337742328543304
0.400538708254034
0.7599277070689334
-0.7545430293801805
0.3795097970831523
0.7605496154554412
-0.8473186095972884
-0.8833871754295388
-1.227553456194338
-0.9955708971010597
1.8732655941353882
0.25701466082901503
-0.3362840238179178
0.4820763781340997
0.4536345972639063
0.4161016856952658
0.1154682130132201
1.708681844347573
0.6803609201988772
0.8844961300734414
1.0419276089291702
-1.554021650783213
0.6836299783067337
0.33784181193314616
0.8588992695534372
0.02218391689586505
0.2861028908952335
0.34046522075807534
0.3113152117646212
2.255687633281068
0.7291054544774452
0.8664946942881664
1.844429900472265
-0.49238091730303024
-0.5518514663508749
1.378426801355427
-0.19332071843441945
-0.2294212197160225
-0.8291620072296296
0.7251039983457649
1.2742326656570773
0.1535950772758755
-3.0204665003437383
-1.2150880898668344
-0.5407735670282386
-0.7829641307806656
0.12053667861808272
0.6811432288479476
2.761088924327754
2.1574822323855014
0.20495813162512308
0.23329777089009374
1.8563547476312745
-0.17616987533201214
0.514259009513231
-0.805985811256443
0.31348382408769
-0.17058389450219752
-1.1175259195797536
0.11365729085211845
0.75156521460083
-0.3951545916000305
0.8346754650671602
-0.2937821869899245
-0.3729984449574336
-0.8581584516665098
-2.4035439662152958
-1.8528713946350077
-1.4012705636839216
-0.7603237140039951
-2.3958044415506685
-0.8115340676278521
-1.0271772805570458
1.1809776709002318
0.5132681779107241
0.5573210825945899
0.9163084048569458
0.9679466873659568
-0.48983773913993117
-0.6681822325291612
0.6434331993981588
-0.9922639160271061
-1.7274857806858113
0.4264128267829104
0.720192786626024
0.17720299585813795
-0.35748773512210147
0.25129589294679683
-2.054887494472062
-1.1118739611481328
0.3980518389129453
-0.45587771766622026
0.43644225697653083
0.22118509143997261
-1.1618549081925427
-0.9242631544482993
-0.7378371266137739
-1.1966352803092788
0.9898296361840421
-0.11063283619688205
0.3820881208025331
-1.2950123031628973
1.046174977715733
-1.0051405849360295
0.1621593474151634
1.6278545360182217
1.2746485170668542
0.48384960917706593
0.12029952590248146
0.10251251497625274
-0.1916168420184083
0.5241594549132175
0.7985784562233365
-0.8478679464838703
1.5545994477684684
-0.4763709370991548
0.7263160574462647
-0.872111843359198
0.3163053075373964
0.7029396968925604
0.8096920074861753
-0.43692144771643826
1.243243620530082
-0.4564895277892108
-0.9068657898390967
0.12148210672837885
0.46818220976524916
0.16013593893419356
0.8173725121718979
-0.22430252838470982
-0.3265997898066448
0.06710695886476617
-0.4084960042889615
-1.3413144314914578
1.3271884763148318
-0.15105570125550902
-1.4266503490027642
2.4011680351704565
0.5311109125331874
0.641888942165076
-1.0698840342595
-0.2589901721425323
-2.1582363268927525
-0.565613599453108
1.1404370684417064
-1.107150243005204
0.4100125713648986
1.2171628123516183
1.215801950304004
-1.7512910440283298
0.28723121256499623
0.6517951765102421
-0.17976913659094565
-2.1124947483892806
-0.8973168015983273
0.07727749617319325
0.46561014590423233
-0.8290285892977424
0.11201006668859603
-0.2875084645308755
-0.9186353448272295
0.039287763456372686
-1.3553219584028253
-0.9282778076876556
0.8733262848059533
0.18952461593756714
0.5649553838242772
0.0028473595669929615
-1.6630577729007723
-1.3723051776267277
-0.04484121163503435
0.15025428707714175
0.7206178745880243
-0.40679117258067893
1.1289729244532198
0.3698726067337172
-1.07583252548247
0.6964651033374313
0.30684692532972707
0.03351447190273247
-1.51120546841369
0.0882549675818155
0.9799605746679111
1.421235449167247
-1.034594118310647
0.4874836537746454
0.2221026781601691
-0.5256032261736613
-0.9941897873840178
-1.0465612485228948
-2.3144646350370732
-0.6588121288619232
0.319694497809917
1.1020584258323884
1.8802510119828992
0.13036421309931503
-1.0736669868753372
-1.1822127850943578
0.3274928522839667
-0.638363695355094
-1.1309557236424217
-1.3723971733707943
-1.3085163201979009
-1.2484914098535274
-0.3302281924783873
-0.6831105247167641
0.7638994898524996
-0.3904992086445289
1.591557561959615
-1.2382037803654833
0.18137464533708383
0.25109544748155893
-1.6090070737334994
-0.6764054998039509
-0.14399660304353326
0.49534875718512955
1.7137417070224927
1.1919451023715681
0.05083456486415355
0.759567677920871
0.8784144498261979
-0.2872360541327647
-1.246074477871343
2.6428127274137934
-0.1965921518211806
-1.0909037286892276
-0.485403286427592
-0.6915540474615021
0.10092130671786685
0.09542989945904969
0.06381592475828964
0.786532682738991
0.06710098951531697
-0.8720882158373738
0.5310207901490971
1.4021894585253563
0.28194693145549793
1.7883579073736804
-0.07648731646086084
-0.12858315785607718
0.17186519083919524
1.3123998098577763
-0.2836965495275117
2.1312227369979433
1.075911103956171
0.6686566275468816
0.1575812712418613
-1.746817245225322
-1.0492805335322124
0.2963188902649204
0.18938672560332853
-0.23551983350156247
2.164487471644697
0.8345087814496635
0.44119191869347857
-0.9360938968725355
-2.2026427718125396
0.49558007015173944
-0.8929458145622038
-0.12704791046327926
0.15715268583028266
0.3593402110835493
-0.7609178820917353
0.30679915914120925
1.0556571592897055
1.1970928342097449
-0.3643897809779235
0.7201637411090666
0.1758054938266988
1.5414576422466377
0.07821833273529565
-0.6275677889064963
-0.15443129959016832
0.30061343870282486
1.558054429194525
-1.8722495334484734
1.5150764368539718
-1.073869787358731
-0.6649473937308662
-0.9926699370970531
1.049225197050307
0.38311872902071503
-1.7356718374341273
0.21531741187553208
-0.6365741366113029
-0.06683181645012404
-1.6409698504090178
-1.1051111886738296
0.7251250217457156
1.4603682468019104
-0.576000729068188
1.66357129700212
-1.4958529836368049
-0.06779407425108398
1.0873380612393557
-0.07833567247553903
0.9776219766683756
0.6206921447100205
-0.19339613780605383
-0.8744475359018696
0.22267184358158024
-0.7846575715583654
0.7439342587837215
-0.5629469636327533
-0.12436328938584253
-0.2394390055678507
0.33788220414751685
-1.8658748215945544
0.5195881902163181
-0.4177269958409951
0.5017424202747969
-0.7834403775660773
-0.6445003804982444
0.6098006372856627
-0.4077307224746262
-0.8890238044222392
0.3844932429779143
-0.8554431460758927
1.6743381125722023
1.1993216770539918
0.2629022200779626
-0.5261154311583748
-0.9783289095510376
1.2555663233533463
0.4245788008048171
-1.6953626311955234
-0.4530665396946181
-0.8477019633179571
-0.34510782382163907
0.6120377353250793
-0.6167281399816973
1.3987175462161263
-1.0140069066318687
1.6127693337297258
0.12178756468153497
0.7953760087874002
-1.3440366927621166
0.5543261270378328
-0.41646285044854503
-0.6171682398009652
-0.6659605836804532
-1.0149526512485574
0.1542949052971247
0.475969396074721
0.5940894679123315
0.08044857675210089
0.5428557277505146
-0.7549519857582915
0.05118173649458929
-2.580410184639414
-0.47158502837321165
0.9394721979787721
-0.04120128759819548
1.0299258214467724
-0.5452221635044597
0.5352873504927336
-0.007691242484801343
0.7526688296291579
0.5081570326578961
2.410068519465226
-0.39990680944787904
-0.8325414337330242
0.006381770740309112
-0.11039413582953199
0.25291545622851436
0.3089035548056515
1.1002423770794596
-1.1077008386341487
1.7189010008280334
0.7208882554947896
0.06477387701964123
-0.4361374980353906
1.173614693714206
-0.059512642484200004
1.108270166830256
-0.5902992588353694
-0.9901499624727788
-2.1093945043519358
-0.7937137616943942
-0.8950317317056401
-0.284314622497114
-0.1863237562279347
0.21370769330327563
2.182092989107362
-1.294759838727456
-1.3067383033074702
1.3190561867710535
1.652641655255565
0.5493792229437151
0.7061205518035151
1.4833580364665861
0.8039745913431102
0.560267876210678
-0.07826092096076309
-0.9450256827040578
1.7666046930401016
0.8697733768447368
1.53520891927298
2.3177099648320887
0.9972929944560677
0.054162544206177304
1.008690490674759
-0.9247522351334406
-1.2800495269966532
-0.05239078387290989
2.0430392681514187
2.118657715027716
0.39279997158877983
1.8303797098815595
1.3887493716340147
0.9156883197646393
0.09438391962342126
-2.2533204971863254
1.2102379326933925
-0.8317781253963605
0.263686028562406
-0.27878489547840984
0.10177603904915432
-0.5117787816155328
0.18970606464922105
0.4118591035204857
0.32316683637861304
1.197745192033014
0.8479256904287861
-0.07788299276502011
1.1860829587651012
-1.4117843382635815
0.09303439966480224
0.6732449976588485
-0.6094005422186493
-1.0801001224729188
0.7469331940790579
0.6339628305003578
-0.7072995364303404
0.29657517188724714
1.373895347574603
0.34924667793308056
0.17671114272716967
2.050368132262083
0.6993043126526013
-0.2519567655881934
0.07938495915182175
0.2942550332053614
0.08338495758987574
0.0548340541096857
-0.5377120624105945
1.4768328384095428
-1.0058430527672007
-0.5798460118241733
0.2663340985001423
0.327450011606015
-0.3619547355681032
-0.20522795848229974
-0.8619581551696474
0.39142172617856336
-0.4151600372194283
-0.5735152972888268
0.7756977224325503
-0.8461317430803659
2.3762496908962922
0.3565550855328341
0.09307822569157698
0.2728827045137625
0.0452993089551215
-1.1782208109454304
-0.583063102986772
-0.8023129731409675
-0.5254671388390973
1.0552265227792927
-0.591912521350474
-0.20588453604965334
0.43871302747372887
1.2519359035628668
-3.589849184461299
-1.3568437684452055
-0.8287324197812509
1.2273524611153965
0.19644630390850823
-1.0303065776448337
-0.046490130428042536
0.10701696860740731
-0.5373221270326799
0.5130444458251541
-1.8438111777216977
0.38685533613930434
0.13893674242086385
-0.450537689652329
0.4983832494554069
-2.755252449616264
0.25495823814856805
2.314805925722551
0.4641222204252396
0.435522018928072
-0.24936809643935565
-0.40550230744799465
-1.5420714616463533
1.2777141239102896
0.6586798303457762
-0.007962035198666338
0.29082786799068433
-0.6206233844096822
0.21990792454060293
0.7514386194176204
-0.1359182785760695
1.155319170581258
-0.6929564267724203
1.3707441662002826
0.063039552349288
-0.37311007864311735
-2.4182999190357375
-0.3730177700790962
-2.5848955157244244
0.24551266140159442
-0.6811261304939955
-0.37974925739384063
-1.1477283316203977
-1.1290050795326614
-1.6113911696853482
0.007297941914686512
-1.8807445730677603
-0.7849113173811495
-1.0009135688436528
-0.9164588663565538
-1.1211948949278796
-1.0754103394049257
0.3826810815479441
0.8617294732402435
-0.06848287719604707
-0.35128219078749817
-0.23060070388096002
-0.23547288268168454
0.434365129864735
-0.16831124243805182
1.5861001736901235
0.45120024021211624
-0.29531530240592824
0.5461659752840985
0.9834756210639632
-1.416512571088103
-0.07425213079879958
-0.178042477581134
-0.05839998065542364
-0.9088833891831378
-0.8336062566989213
-0.5420028489123236
-0.6247212332767516
2.0624790151794743
0.8250362755481919
0.7481529147669638
-0.5516595251676127
0.18432261485654688
-0.07307218940944828
-0.1615142986227211
-0.7303503177100571
-1.5003651697382936
0.5361475354477697
-0.030508452472753744
0.6281133751663623
-1.1638027708563197
-0.8734509640859036
-0.7169789159729248
1.2098824629822562
0.4570120004832669
-0.22495447781756941
-0.7771280034960223
-0.469354160226688
0.3530549518826975
-1.4039534669509866
-0.30339317616944306
0.6306627859341942
1.012456272734855
0.9094793522235506
-0.8300053823897858
0.8252901128692733
-0.4215804434807593
-0.394212114124019
-1.5916306785531682
-0.13678247638614083
0.4235452362956805
0.6596663303338814
0.45320105366587154
0.17880920579132967
-0.24917167527566386
0.016918428018272706
0.8881757998769667
-0.07575260801231506
-0.16629127859722576
-2.832993649484639
-1.6942984344567198
-0.014382432937780541
-1.5501041820429087
0.668945723202879
-0.14945364931953758
1.1874255953073825
0.5695225063443566
0.17612289884088056
-0.2756820854260425
-0.08812454829396017
-1.002303644035841
-0.8801574707243904
-0.42529778582016525
0.22124833837191457
0.34607108335197073
0.5764653682107032
1.7692969561453007
-0.10806370653570734
-0.9841461929631703
0.49164357989326474
0.6034491988006798
0.08081718213111387
0.7042752883846305
0.43058184947883643
-0.36614159111103994
1.2042213752753843
-0.7523162571139353
1.4862083900695306
1.8582115764953069
-0.18761160220543477
0.14925714136506307
0.011178350500539393
-0.6601784583369281
-1.394437466240235
-0.1881089560829344
0.27173432670749365
-1.3583713150682797
0.11420500538387462
-0.36958914722297626
0.09093329213852697
-0.5709116134122137
0.09774042325250103
-0.4118550518105308
-0.28733443831298455
0.918700724808601
0.25135987409534694
-0.37398818423101143
0.023085957388035473
-1.0487133844397458
0.42627951242068285
-0.835137599342253
-1.2267620114526672
-1.0057913389363782
0.3020785162998051
-0.08882534498571854
0.7067943538561658
-0.20162038118501735
1.731214077303404
0.1049267847522439
-0.6929661967353192
0.17020911541746034
-0.08512785221571914
-0.7592025713138079
1.3988983086108393
-0.5113852754068117
0.5498602967502896
-0.001307367794948852
1.5801822575659252
0.6549119499790137
-0.06383304512412522
-0.3459628430832568
-0.3382758318763397
-1.6664791977432052
0.9881229202191901
-0.09580184920518187
1.629847836764088
-0.4350467914459688
0.8645388736423804
1.0200983671860295
-0.1540339118712108
-0.9703954301949606
0.06097516461536489
1.6034287043744948
-0.7046219582139555
-0.26010791584639653
-1.1493537315563578
0.46586817661415686
-1.5418114776661875
0.5225032268635339
-1.3107365854750257
-0.8756598422895443
0.41616764140459733
0.46060736447837636
-0.41771513130236954
-1.0056699152613353
-0.6459802803791842
-1.5447756778432902
-0.08982603518730667
-1.9557880609891989
-1.44024707186767
1.894520924347468
0.9030092784536156
-1.1841937217316498
-1.126392107646763
0.5662021233043029
-2.242681917435649
0.2908049685135841
-2.2107836312796887
-1.5140824471899381
0.1849703284020272
-0.14168563083689967
0.3071704577990405
-1.1634564234275708
-0.2748843093625239
-0.6029967089593513
0.4405441426474837
0.09932448012425003
-0.43918471031641343
1.1587439107436195
-0.42003632371948096
-0.004493709039458645
-0.8412118407225363
-2.2826770128339984
1.3980293076622299
-1.5299077391248148
0.6136451061568816
1.1106290427053709
-0.5809795699504948
0.020807715990010148
-0.4857584339664142
0.11455040700511991
-0.9764528418915784
-0.8211532733544114
0.031296975138525564
0.6901326167539551
-0.8456423860898601
-0.5983318493056133
-0.43075761819129194
-0.6909853788925225
-0.43353666783575556
-2.0056364345223985
-1.6765098137703844
-1.8786628745895042
1.0184331934263464
0.06217870470892029
-0.3310488687068096
-0.46225622463362326
0.7637553022161256
0.3338633965846204
-0.20140984317233884
-0.034678074577121874
-1.2069218335067309
-1.4004415483536858
2.3163052238673343
-0.5867662050501458
1.1342386225665382
0.3771863760059084
-1.7002814717960946
-1.2712459897182362
-0.3322571283026448
1.526376747869649
1.5885893040094785
-0.2807348725470031
-1.570729596769388
0.4232522039770366
-1.6230712848701014
0.9377613007345152
0.5600151517965672
0.6421483334563179
-0.9799317921146679
-2.5965149086846515
-1.557302947072105
-0.571340587033927
0.023962562963370446
-1.67509567384499
-1.4118328272669822
0.22018354319828842
0.0666741338519325
0.4271103233602257
-0.3833731283792826
0.9123317282249525
-0.11464046634575527
0.48952219817090936
-0.9866921906925894
-1.0098397845018532
0.6332484547457158
2.3262560339655587
-0.5514426725410153
1.011674976766398
-1.088697088378381
0.04418794189995837
-0.10299426047503124
1.6278095130360954
0.5995779882669579
-1.5262368308588665
0.0783772844551286
1.4210030242168683
0.9159631279019728
-0.17827359306213117
7.542816374136084E-4
-0.3081851307971081
0.7532038986606566
0.5777560025249986
1.0366001269936298
0.8632554417709982
-0.2554935314995852
-0.29017069541687834
-0.585728289701656
0.2812306897023449
-1.063881539428837
-0.5206260373805944
-1.0583471228327903
-1.1597843257146285
-1.3682006614801039
-1.272914561640748
-0.9765810207771946
-1.6441018719751825
-2.1030434363355375
0.04349701753846569
-1.4157583680136463
-0.10630968347902377
-0.17116052480558303
0.4590337602454701
-0.9096217067349786
-1.1389774135630868
-0.7790422889617452
0.8358869523292934
-0.22544106782448137
-0.8795366223582889
-0.1746426005795237
-0.8319847646922699
-1.906554290722156
-0.08138901760529149
1.3395685810998743
0.6969055856136845
-0.24229387824867546
1.7513509358349189
-1.1054572672246994
-0.5431589353812769
0.7010332466774077
-0.11296162522406962
1.0643368700913873
0.5736080699218846
0.6032024756147677
-1.8369921988901246
1.0550223793043108
0.014903814781482413
0.6020382754277854
0.030146809691923345
0.8109618553861387
0.006149567734608293
-0.2845527605888538
1.756759811171072
1.3044584471225942
-0.21955739017760764
-1.24088684161007
0.8754523269892133
-1.3760059355267915
0.36055181010026777
-0.628690787124156
-1.7456012223001118
1.346080066819393E-4
0.4950247036724117
-0.7687791620646326
1.169938812242059
-0.29181903079932137
0.0826045223781542
-0.9957677190149162
0.5435836026308116
-0.6845488279454653
-0.6378635007627945
-1.9427513787264872
-0.4839131380450695
1.6581745675671389
-0.7071292358104521
-0.4143531493106476
-0.15846162768577438
-0.03756482890333096
1.256428628153616
-1.7100586578299233
1.164769114056267
0.42705193456424306
0.3041673351498287
-0.49387002213880205
0.7716775052774772
-1.574563507794461
-0.6781218022828134
-1.1922340468903676
-0.7536460103872119
-0.009807740381642678
0.10965475678313184
-1.3663441298264856
-0.20480294944651067
-0.27839022481661047
-1.0903249150220151
-0.2076153980888296
1.348199476152151
0.3403146619083123
1.7080532663878703
1.2420478900406198
0.6810904664900248
0.8857981202069514
-1.5485183562736111
-0.8831273689860688
-0.16383240190238962
0.7105096647531227
-2.3703432752331897
-0.05702538702936191
1.126236834911918
-1.5107549447302973
0.14866748967224427
1.6244379717706379
0.2722038316567661
0.008298221283454804
-0.07666218474911662
1.2578635700819816
1.2931956968168943
-1.2341284859201336
