-3.3022557150959657
-1.0894632692484596
-17.44453654921278
-11.66510241263886
-0.5449903237629099
-0.27177897837101234
-0.7903749161349419
2.019687330792864
4.589192074641082
3.2147021970889247
2.824224629692706
8.215715690593258
-1.8958416967879512
-0.35641959329719364
5.035005216299903
2.3963301921376967
-2.323458697923843
0.6227582422739064
4.283063085134408
2.8421166618896962
-14.308450477987648
-1.5859778270791915
-0.20640595151602145
1.2777633123912722
-2.0918814149384404
-2.314849469051796
-4.149705059943101
-5.093099594794927
-2.2241122265622946
0.43158592121999534
11.37890968835802
-0.4645871844040938
1.7023195060769483
0.19169791832306857
-0.17453392526814307
4.579028722091027
2.908310695387431
-1.4671793329231244
2.084294261741351
-0.3572100836216569
-4.287765598170012
1.0101164709490689
-8.36944696846705
0.9285133286858932
-0.26284226180829356
0.08283160902770208
-13.141071344697108
-0.12450414582573104
-0.6982503013972903
-0.6736208584968413
-0.46981820039078087
1.269680663369779
-2.973077932596639
-0.44132692793151335
-1.4867419024001352
-3.444563515161167
0.42826878210859065
3.3781186624292943
-2.3849480795147087
3.916993956738715
6.164450683599386
-4.2931557803266855
11.336966661050575
-1.9553629038759268
1.63184385480073
4.203832140916759
-0.6303446628864774
12.631825359356322
7.06680676387958
-2.053855126091204
-1.4921524355034845
2.810018144195696
3.7612410366021676
1.5639510061711657
-2.3270788399793085
3.591141589434752
0.27436546471539114
-4.3121826461017925
-0.9694586338041007
-1.5872990744348936
3.3778251933059935
0.1749908793258822
-1.09203534343815
-2.300548291675745
4.2771100576123
4.84692424694411
-0.5633553870394913
-4.266775185250304
3.4388876047441657
-0.7377246944026385
-5.18847156666534
-8.771989243393742
-3.9634306307199467
2.4823934613826393
1.0414592976914905
-1.6782021034105237
-8.352128963658044
-0.24409023394468546
5.619789842134813
-1.173817913665866
-12.509656968963663
-2.3080116375434514
-0.6853438270047757
-0.9981471151487243
3.0514100796073724
0.3721401010994555
5.139427276931095
-5.156704139863293
0.1442409422138939
6.3324005348121775
-2.0967840850066777
-8.663987644937073
8.874280830557518
2.739780280158529
3.1519048926263844
-0.9201118410839408
-5.17339450653303
-3.440503151862665
0.36756475233090496
-3.582641946365236
-10.595434950805044
-0.45412126967860006
3.3463928733429564
-1.142539570835845
-8.978338882879145
-1.5737137975685365
-4.278058860344084
0.7705291056020654
0.13012853273811523
2.239789541949565
-0.19609298288597451
12.082393428626682
0.6471673821168444
-1.6867305517098672
1.6807279221901528
1.4447409109630365
-4.116625484167493
-2.4703228451162533
0.4485052193457247
4.186033341496299
-1.0486409710694364
-2.0289963032828364
-0.6591599928695181
-1.3135334709568949
4.070009867341021
-3.0157895144933056
-4.537524921385147
6.203178611977739
4.815308762344514
-0.09532440353549808
1.7644095545947371
-4.0344298799350575
0.0830609645142096
-4.132029505558189
0.41753732397185067
-5.9455716469073785
1.6745351178165662
16.090411002920447
6.113950699891521
2.3337404034091547
5.49318780397209
-0.5436892026379317
1.8487058336456228
-1.5380869747285593
5.497636219198346
0.5666713495546835
0.10986787123083436
-0.678957405036668
-1.4558238525241125
-3.848041291841038
-5.637178241145721
-3.745036161083781
-0.365502549473446
-2.3135222631684536
7.522729603750014
3.6894984825538963
-4.804616744673382
-6.214533067382657
0.6329417080135589
-2.1101194986854046
-0.08178770265169331
2.103846427033147
-1.8674449145372565
1.4275530264751373
6.718346818591969
-4.555989228269647
-0.08121919772385652
-1.217398200851177
-0.21088923863004966
-1.9686344943877274
-6.288470287492589
1.7849445098223815
2.402660919623058
-1.519975533305503
3.8199598842563547
-3.080371889934363
-1.6914812345579875
3.0555168957526577
0.2379751785668492
-3.736756322472368
-1.4553865151080165
1.7042534091390364
-0.19394058529735894
-13.316368232602
1.6133090672795236
1.6192284403237573
-0.09348340904713236
-3.3829998178884493
1.1279336489235947
-2.132755268209893
-0.24849082300887923
-0.7602965580296097
-6.648202436393313
-8.372281756323664
-0.746640396897335
-2.5730714215412505
2.0665164550281006
2.5337302327967794
-1.9954472641710503
8.689497989174974
5.900887222881352
0.7139866419285542
-3.2827837173196075
-1.2010618547283494
-14.017929305994775
-3.4363259707903637
4.637524913608702
-3.506611689554085
-1.4959286647537966
3.0085070393227045
-0.4624425998848854
-1.9020607871585882
9.190576126025306
3.374686345838243
6.564263230467646
0.25456471508111866
-3.4859634983056047
0.14124262703287024
-2.5016820299228275
-3.202046225223601
6.271695563748935
4.466414665941657
-0.7347249055334434
-4.427114365163641
11.489990622808273
-0.8063194872612832
-1.2012361839581978
1.3524352351482352
2.103243257888584
-0.6112386883097017
-0.1698292005620096
-1.513548852577215
-3.3467183566317837
2.1004808846327854
-13.593497424894332
-0.5124361665363462
2.4133567965575202
-2.9467227813317054
5.665796649776968
-10.535182742317227
2.294135548792097
2.739947272007437
-4.446689922081034
-0.3478339218430418
3.3219633506644546
4.00511997180665
-0.935938824319175
10.00053266332512
11.008909678433453
-7.984516531471322
-1.1781503808346463
1.6627823731657263
4.967301545845611
1.1997317633661482
-1.9812759112332727
-2.77159361506018
6.518737043850173
-0.8016536441278455
1.526020631367655
-0.77712744357084
4.296685274002832
3.1654034288416697
7.930759178006597
0.476633860425842
0.9370045165432467
-4.495150997499491
-5.019115923596775
-0.32367203566431746
12.355004801295799
2.9192953267961417
-1.1864211580833761
7.5789104777701
4.36463174646782
-5.277655778949675
1.9671580430814486
1.854744481537401
-0.24948584598829524
-0.9235791293550737
-5.8800399000777075
-1.2158739724931573
0.5092973112637075
-2.449284596309847
-2.533534239443339
2.758569281853614
-2.161405704764538
-2.591170077658256
-1.4934086225799763
-2.6877988586284163
-0.8462429078323714
3.5121791785668406
0.631797673528293
4.432821054540253
0.40085973947356096
3.8788550843459606
-12.889412191187123
-3.616869583992044
-5.640471705899205
-7.913355801452396
11.755172431469296
-0.36019997510213453
5.279416417454729
-1.2172254537375853
1.6513746632308537
-1.4954520823666158
-1.5541880587185593
-3.197911193715189
4.712246066058023
0.27079548400775405
-0.7118245185682306
-0.8793968845707667
0.8808360014294884
-3.7852540330394735
1.72137717465794
3.1157252024341235
-1.5473631433058999
1.3545000367034183
-6.597661532982327
1.5089355589344369
6.971563162723398
-1.519438767309348
-1.8788090560674302
5.196170375194746
0.7873950810921936
8.90224892384112
-10.930276234186472
0.23066727372037304
-1.9791225213152581
0.37496433361977183
-9.513827400501395
-6.502741720292897
-6.355238198756755
-1.012906908680393
-12.44752114074529
-1.8159240836879966
-11.09106438220891
-2.9204923525433397
-0.36681513872586025
0.37370358277359295
2.0892685569927494
-0.4683050774434754
6.835108569188509
3.1109517746507653
2.0948850693438805
0.09691067354852602
-6.896307593446614
5.282795346025791
5.530947582331474
1.7612963538163136
-4.637796442702507
1.6969559872508628
4.036775612259334
3.3661486217990197
-8.160415689707463
-0.11766454528171977
0.842565611104802
4.596185280524638
-6.028037770729625
-0.6488554198413707
-6.055377137438995
3.429206319217001
-0.3335095340433506
0.5280855221783559
-1.573839649686128
-1.8709625760344624
-2.817213925722512
1.56626376539649
-7.637674220493614
-3.2165418811249573
3.7793555956368428
-1.1862254521089453
0.2228120424805063
3.59340869132308
15.867113897918038
12.024239115154499
0.32985544009479556
3.4414596442876304
4.492861686756211
-10.519122091587699
-0.09443384660226971
2.2478076006172873
0.7024776086601087
6.778112512744634
-1.4012634726598587
-6.317421388618112
-4.180655905893734
-2.787779088886963
1.5322820741159366
-4.584644525127587
2.2119498091416854
3.7381823055386803
-5.604660112346903
-7.058780750244244
-9.040560605145094
-2.2705280699240684
0.04724435029272558
0.4737914179052161
-0.38927446815476413
0.5759168630341203
0.22259812486291147
0.26089802959446584
1.6572915507009445
1.5776375955417197
0.4449447029518261
-0.820598557542805
2.1335524421385763
-2.0865369243156255
0.6532002429134818
-1.2470550533770344
-0.8890035373364759
0.22654510770069716
1.134365963175379
-0.03312913989594608
0.8907440346391797
0.40220413268426247
-0.35515014319795346
1.0800697253429534
1.5586112468006819
1.4684418927198184
1.21411735808022
-0.4112484649945386
1.8100294627103297
1.7813543312562388
-1.4581777650036434
0.2605176933993075
2.391253483332907
1.2477294739404003
1.9747605335542193
0.6330411496495575
4.083145578850762
-0.22806903706640214
2.9195941920806314
2.0477287035297183
1.2176696675624898
-3.28598067155737
2.640832583233687
-1.4985030288051042
-8.624023878961452
-8.000819511559339
-2.232616721288686
4.944928241332129
0.11234927885395873
-0.9219091089407586
9.116284397039719
1.9680538396661047
-7.237639192261406
-2.370177643512358
1.1949482264553863
2.343937475132969
-2.765452384752194
0.8394521553211303
-0.19966968450923753
4.194997296265683
-0.9821336758506871
-4.783706091696254
0.37507593975211223
-3.5225087229538348
10.20145056799589
-5.383264226981785
-4.519715762959973
0.6970791412141029
-1.003389967415378
-1.9081637196358912
-4.690008301069238
-3.670459595836084
2.6961884372382436
2.5107312425658765
-0.2263942883052483
0.011808425870905036
-4.817347406746821
3.550822817067763
3.72028993781684
-2.1858110948547376
-5.834029233079788
5.917802577451505
2.465695289719911
-0.4153718654701078
-4.770736627159688
1.1655155223926035
5.455364969420205
4.8859921670077915
-0.10731418466797059
0.016423333094299056
-0.18346538763238526
1.3822345373467557
-0.6834674345206214
1.4363796100268476
-4.214715837754586
4.171500250117344
1.2698503435190265
4.002669464078389
5.416036689900766
-0.4778754832430701
-0.33294518920897775
2.454212419563004
-1.100664610039479
-0.6497269155465961
-2.2428547878329748
-2.3305043099807325
2.371701587681787
-3.398822306194933
2.422113203020685
-1.3513698210278249
-2.234038664456784
-0.05368837402176848
-0.260368145657259
2.1285585776384406
-3.405335324510202
1.732969917393328
-0.5814992777594056
0.22505822156224764
0.2401136415710377
-1.7118597106317603
-0.03372736929349399
-0.7680475164747023
0.05718220720126601
1.8421526728422928
-0.10335177675689312
-0.6954552592738531
-0.9000927863223872
-1.6689501555400168
-0.34453848925610137
-0.5964688506450982
-1.3454768684194907
-1.7446356437467763
1.0316036066748142
0.13883858779069577
0.6827142749029551
-2.1567966738250903
0.17109555891072398
-0.22773571387667702
-0.5675317176409852
-0.8783189307552609
0.21947956193399948
-0.9054852251911085
-2.783157689281048
3.2407875293546904
0.16279055548126728
-0.99641393016161
-1.0606755454784278
-1.7393872706025162
1.8157999696107088
-0.938302830793725
-1.8298383552806305
-0.16704383112323276
-1.346921538065095
-0.003549967824511502
0.5451797522100132
0.09301209594318466
-0.3273486857220592
0.2734394026387865
-0.5105678545156179
-1.9637682547092836
-0.4016388232470104
-0.1611070447584865
-2.5834250465354183
1.9047534634565846
-0.8908776833501179
-1.8889887406242616
0.42571883405641225
0.8126539589329449
-0.6839968633937367
1.1172573337351164
-0.7366063271606302
-1.698990041883506
-0.31935683685079547
0.7876790889984591
0.8106172404933085
-1.1382317317269934
3.4621528072990504
0.6079416435279555
-0.36491981427689135
0.5424767572580377
0.6088449233534399
-2.0876642020137233
1.0306621342875815
1.3039835942973699
-1.6101383500178414
0.5973869283931985
0.4518333228665192
0.09470592554031934
-0.1123718953987412
0.23781448854679818
0.3055430409175687
-0.3041192306551735
-0.8457813042032993
-0.7595682208846113
-0.7750995670910993
-1.6411876767910383
-0.5053912344159651
0.6891042167431372
-0.1314948701509135
-1.6854267378347794
1.1428778172581822
-2.674528039324465
-2.1029946439057325
-0.7307182983767714
-0.4517205286046864
-0.554805184289028
-3.9010035571156476
-0.4517355216348775
-1.3778592762604724
0.1226155150792295
-0.00926734631900146
5.66514948957197
1.4772193639671496
1.100451334405932
-0.04931923967716938
-0.24386573902190126
-2.9545482988888363
0.3109927307694794
0.21875282425099582
3.984573968522831
0.5145335216695315
-0.2517602050625779
-1.9944766754693906
-0.9496608146446482
-3.5925193403847158
-1.812677963119801
1.5784224534990925
-0.110683197186935
-1.509725349441482
0.5437594902186875
1.8237201153907223
-4.3908300261521305
1.5472386077341005
3.7418052706938147
2.3117531993829203
0.5213201570774502
-0.26725424508268764
1.0304408628085315
-1.4424122715875682
-0.1795101740867494
-2.3920512233283175
-1.5031075582131757
-0.7141740142130859
-5.609872940921326
-0.2948571338114543
1.1961282900805401
0.8929173658180689
-0.5168970853723049
-2.860914112170241
0.5810873039117865
1.1070641336794345
2.398790120590427
1.1680275947302012
-1.6269170947219602
-0.5872728399211237
0.786890606503131
-1.0593667585298976
-0.003031126871994665
-4.4838584438890265
0.5164923714594467
-1.7141981433255273
-0.09565054316458611
0.5312495814586599
-3.526234051573601
1.2600146447536245
-1.1191431582661047
-1.1874075721805712
-2.428148269386313
-0.33386909861192166
0.09195005240538243
0.7373068136579526
0.2321490019398907
2.2612321514121083
1.2804886275649772
-0.5752980195182936
-0.45692336533258987
1.9450004878548062
-4.665630622714828
1.089317535593888
3.1034955839594707
-4.743727639974799
-0.2894075367671243
-0.2248593660749079
-4.512692568348908
0.02121009446756948
0.2529840519210538
1.2730182853581262
-0.5173773276051271
5.495941071086222
1.2362248484746463
1.284768984960168
-1.0774918723911429
2.3288208696278643
0.40034894162566115
0.15530263011062678
3.1373523737839863
-1.1305756321025835
2.1589640752751444
-3.9994235269556233
0.18524502948914534
-3.5543797840925744
1.7411166765410027
8.649187512959738
-0.5906389054681104
3.1001249493284857
6.161178813966851
-0.7889699378285899
-7.104781858624739
-0.28588441084693994
5.172966983776474
-2.1851247479146068
0.49548901077523
5.364633233787623
-0.37267254053584714
-10.95565286070637
-1.8806760122367965
-3.2033224429108316
0.02501776601159064
-0.7566106292049238
-0.6183242439071255
-7.314724836115155
1.2400582961794981
-0.9817232343748092
-2.0356707371018357
-1.5085957946045263
-3.9238950165931454
-0.21829757646457718
2.1004012145705797
1.0456454669905373
1.6850696566380536
-2.6884192543721928
-1.0690795928384942
-2.01727723700129
-2.325951588905931
-0.6940061855191632
-0.6269783581513055
-3.6736355573636974
2.052678228346893
-1.1674908727879054
-0.7989109136774027
-0.9095378739468346
-0.21049191280043508
3.1577594520041665
2.4359572228853392
-2.8578564856341164
-1.7223541795558295
-0.3056483067114992
0.8539957522585186
2.123177464563363
1.3436488572777197
-0.8930135806155161
1.305051983111451
-0.5597566142943529
-1.71061177045441
-12.716278492464026
-0.06563610349210086
0.6094384700922827
2.115150963702512
-4.039590065402619
-0.5197536390221456
0.31688417440446826
-5.344143813532289
1.4256405608400984
3.159747011004677
-1.6368839086368587
0.5607197496767763
0.7792368230823516
0.1801043421075878
0.7833091484648516
1.0545724193814248
1.6242057348365286
2.368131436541765
0.17151536699888498
-0.1450831624539424
0.36597958696313565
-1.1388271084221506
-1.254168340964555
-1.1281510016099223
-0.725840952859913
-1.3042737681297139
-1.911093943331949
-0.8354407390187296
-0.07565743223486111
0.6608629888486753
-0.7408050174991045
-1.5415014610033346
-0.5515717524956149
-0.9527959510225569
0.10994710070009059
0.6773737369569363
0.24166998076730214
0.16667650384331503
-0.1430614423546392
1.3250451915789558
-0.1684925723813583
-0.8542550809026498
-0.17572165889474467
-0.20385779604973456
-0.5305631933892474
-0.04297285443794922
0.7304379086604237
-0.7810207303340004
-2.7040997508943723
-0.977359378889098
-0.08089875615870407
-5.047756772811481
0.8384857656920001
3.106994448784067
-4.4730368105752
1.087626273792031
0.320567714597311
-0.7504176070117143
0.761484141912974
-2.013799365047887
-0.19468223438526747
-0.33063472737066696
4.222957070496316
-0.1736550881327934
-2.436113209588047
-0.7985582708362003
0.9694578624961591
2.4552600554629476
2.949019294959615
0.5036026479754978
1.046364181036267
0.26891371848380113
0.5723601236993382
-0.8506675465006234
5.042892208986098
6.46484549675969
0.11879492331824129
-1.353470903738766
10.476864766309868
1.2260424854835075
1.7892326834941326
-3.039893486031935
0.26648179141432826
-2.4298655295986746
-0.09213275002449703
1.0262566869735361
0.7037765975775331
-1.6722006151862128
-0.7625548987435963
-0.3071414942550904
-0.7404347294985761
-1.3821091712899245
-1.7143199657480406
0.11529955578413464
0.4249596710239052
-0.20281965154519035
-0.18269262615891524
-0.7392880780262011
-1.5878849156130508
-0.07406282029145028
-2.2876307776294307
0.28914906772550103
0.2831101234798889
-1.0596554688535276
-0.9943910141288194
-0.3802431246096856
-2.157677986182135
-1.1328581305635101
0.43725686567150146
-1.038498488906706
0.8892827783926361
-1.3703778994639273
-0.8211223674970655
0.8036367288511331
0.2016312976106129
-1.5655719277075446
-1.3524158427534405
-0.014756078553667831
-1.5244432724371595
-1.506319658233628
1.029367919913793
-1.6791945127651855
0.5882368633965062
-0.011340829518745524
0.49789490489473975
1.7422693545279768
0.8524871559483611
-0.5764868593296373
-2.1012775510208335
1.137599378792436
1.186952095692765
2.232452035561664
-0.36228309639723355
0.3609903579278879
0.42654584542400675
-2.544043899817568
-0.05518946727906495
-0.06486185935199466
-2.7024222274092793
-0.11933798606008683
-2.2573313209564536
-1.7966151417266842
-2.973214020225731
-3.033290795172791
1.3375846198087302
-0.29598866880897706
-0.6728836367551625
-0.17775976401702598
-1.5619123019362824
-1.5567302436445147
2.791763417535547
-0.79637485014972
0.6742302278154869
2.4403093439660553
0.02717046451732807
0.08458095944267033
1.5906103066856736
-0.22634151262320554
2.8605756526310464
0.5977916882623273
2.0704050236270404
0.5515765664043463
4.582494718444804
-0.3814300707797507
8.54730719663139
-2.1692194162188003
0.3178103093138736
-1.6959166137076636
6.1708234473493135
-2.2686585293166375
1.28571184526463
0.42658333361295797
-1.3889222591031407
-0.12771823896314677
-2.1662611986100506
-10.208058443013103
0.08976501731879953
1.5724043004121186
0.8487665391130328
-0.18470250011259817
-0.10488003896704297
0.7426104024553885
1.9075152288787474
-1.765731634343796
-3.2166970854332075
-2.7236523207797547
-1.174150006311004
-3.0839859685641113
-0.9376285492748789
-0.6126638948906411
-3.5960220638388036
0.31536934070934947
4.892878431540604
-2.0009623504136327
-2.435003663608772
-0.941979559226987
0.9813160416273601
-1.474792473693382
0.7991707300158278
6.982843181815386
6.550842611506746
-0.7122389562072967
2.8057446280236986
0.29755231615445055
-2.3135967399140087
0.18076361191718893
1.081894534171657
0.23935305472928925
-0.22893117055798376
-6.080289985260096
0.2412724137719581
-0.01711861475995882
0.08849922997506365
-1.4380920061570497
1.7180524688291738
1.405143208265376
-0.713188509917985
-9.383007269134659
2.2825107757542313
1.1632973780809586
-6.231582870792648
1.1228669374176052
0.24169998371141393
1.1600523758878194
-3.2884262149689345
-0.469084691122643
-0.7007951286283509
-6.942426692282018
-6.087053444145872
0.5604640126115068
-0.2846953742111353
0.27628277363266707
0.9138879956523769
-4.991862230040378
0.6082212774892777
-1.1063024299280337
1.6062068667461382
0.6678316101415576
1.7972731370368724
0.8107912189981469
-2.6829203648393767
1.3568288172683411
0.6232162223694306
-2.1346585549830115
0.21910115453985113
-0.7445786644134017
1.4409868427112895
-1.0058599608244925
0.6493140823190121
-1.2454099947849129
0.3134003236019855
-1.6872679976417013
-0.15422963849318685
-1.574997219211643
0.40939037912513127
-0.6611980600562642
-3.7211988615920784
-0.9810016802283346
1.249361983208576
-0.7703704276609609
-0.1948976691871617
3.6224456416924005
0.042230283720077075
-3.174251652269266
0.8638545457929097
-1.4830265257471336
2.3077430690146206
0.44727930950465394
0.6065131082666146
-1.0866307237033428
-0.5666422157800877
-1.8974509753340947
-0.8102825957932928
0.8548275136420858
-0.277493337695556
-2.533016175044518
-0.172937991932375
-0.8092732566593829
-0.6431292395211343
1.3848003942064282
-2.647195637244324
1.0277405579213095
-1.201411114557776
-0.6432396430728105
-1.3992263605064414
-0.07498351741507744
1.2304998591546201
-1.519345666714113
1.8588699247386566
-0.7283796333186181
0.5693504039913077
1.779629493743329
-0.2648554834206772
-4.27667046103503
-5.2463674578482715
1.3880365295283414
-1.5491703665951442
3.3074678957304036
0.14123330176465226
0.0902260199101353
1.4137819585399622
1.6777369723832325
-0.11367821167584626
-0.7329216979718631
3.327330125955616
-1.4104390479198126
-0.8167119498446778
-0.7021453068988218
-0.1922687567539385
1.0241745429127609
-0.6568870616869718
-0.03915319435138914
0.7931655631529914
-0.5363810975860557
-2.0557623356719668
-1.160276790213132
-0.8488583527969877
-1.6978951810017526
3.7841769702340864
1.2429252325883444
0.5317331482214595
-2.3679656547116568
-1.4189766581147778
-2.123501756690084
-1.312376235978659
3.0137524242543443
0.24923606503595222
2.2834804311001107
-0.45941316787607667
0.03672312238717187
2.11297002950412
1.0862108249883526
-2.017548213409273
0.014149789790291288
-1.1684192074360242
-4.887254294265499
-0.5254087190070569
-1.2040842872756226
2.7891284899516506
-3.7719901096090953
2.001012138266831
1.750734460066415
-1.5202618339264626
2.2819474459647777
0.6274977029473968
-1.3118169413634084
-0.9101995069064173
-0.14115145332100912
-2.2274826281395574
1.7325339500590238
-2.188255028873303
-1.344738672627873
-1.5437297199164086
2.6504614222460114
1.9850025701002711
-0.5259133289060184
1.6802379216544678
2.298993384696356
-4.794023541076756
-0.23407582161591695
-3.2145112315403983
-1.2995974148934986
-4.672205933028318
3.8901955211738084
1.1010070284213531
-0.449629270397587
0.5457992395805242
-1.98288927181046
0.19183672242091618
1.5148930914399659
-0.05347726087461132
-3.7096089321493158
0.0494759047597128
1.8269594226188366
-1.0923263695916046
-1.0133879919594555
-1.9362156571619253
-1.1475368329894817
-2.128585002443939
0.13619522283076366
-0.4394488600558369
2.805519966830645
1.0762647763847388
-2.3867319342077433
2.4455967395444405
-3.390976480519807
-0.19762011578127153
-0.9545506052449901
1.491286046034311
3.8021624223937014
2.0846085285178586
0.19589439327402416
-1.9873310958603578
-0.3193860127974064
-1.0345252982233264
1.3130639871073775
2.871261952570703
1.8875628353628917
1.189603619460204
4.046671510136449
-0.05526357925252428
-0.5846018458748982
-1.474654918308233
0.4050112084476267
-0.8707895116263353
-2.4993061181418317
2.835011007000115
-1.552280084679615
-2.739500068769811
1.4802065471408918
1.2724817758658393
1.7453924403611816
3.195684737447032
-0.6372136734233806
0.5805678574296229
-0.7967902290845518
0.9876576183372039
-0.9538948247388525
1.803500614268043
-3.189309438779657
-2.9940667580710025
-1.2363676656852531
-2.185236574864599
0.5227994666392656
2.399417627860633
-0.23371687355509532
2.079474663202746
-3.1764737141664563
-3.765169353275437
-1.0832570737332048
0.3460510034056194
-0.15807856946330612
-2.699392088452238
-0.18909953521182646
2.281984112600039
-0.02908084185483819
-1.7037003765688807
1.0896724916511042
0.3191986421493133
2.196040567177923
2.9054448616138284
1.5054152891989832
-1.7422233949599841
0.1456722254889016
-2.565976280665436
1.0917465910059758
-2.7661042534243427
0.8196915153054245
1.3273667358291241
0.5407239830104602
-3.1244784798774434
0.9838711825722222
-0.8592955234865549
-0.42613496687444297
-2.2023626124065134
0.5938379212439809
2.7749258422428595
-0.40708674549797136
0.09547324034588175
0.23364512748712168
-0.5987793972537911
-1.4002437903528662
0.3631113369519792
2.218399601196202
-2.071029219514101
-3.6363124126717397
-2.4992737568191625
-0.682067709920257
-2.1790140528866493
0.7384898038918546
1.7048269410476877
0.561141591012239
-1.0818219488856975
-0.9698037979754527
-0.6864297113902518
-0.8630217776990181
-2.0396105248162915
1.5990417047979244
-1.3371244890143372
1.0066481874819115
-3.156882577865497
2.626843883401143
-0.6007810405926491
1.1418524876537577
-0.2287750539610879
1.1586717263376414
0.05583889907940606
1.0071732375043205
0.7495157760234142
-1.5347757204662564
-0.627331119685155
-0.8511582940088256
-1.7113398239095945
0.035322644034933036
0.9626955712402436
1.2169692751847923
1.1277364345867635
0.04557247733963061
-0.5272964039750373
-0.2249391569896712
-1.6737036445788898
0.3844215300544622
-0.6495909388213019
1.1237845825905077
-1.3205431974851767
0.22609098489831067
0.16681706389374729
-1.799493688474145
1.0852971804483877
-0.3955982952299249
0.8462442556607078
-0.4734782360492804
-0.9533020211259545
0.6271164280041076
2.1956299993908255
-2.722478105107664
0.40416906952869397
5.245901322279994
-2.4264409062995234
-0.16485352870416778
-0.9181056663334918
-1.8839987123439776
-1.104979850861414
-0.47209871487296107
-2.1076762231267705
-0.953369669546423
0.024391770753787262
-2.4681945184003404
-2.0418934096452266
0.46072332453187864
-0.8899646703786471
1.452272339657586
-0.6298747787590402
2.8149124919105013
-1.8037270009621138
-1.9813285699923133
-2.2254215975825007
0.9354616573974468
0.2762354025862792
-1.0866978592706276
0.37207575348141525
2.04078472992071
2.276415141274173
-1.0157679851316395
1.9039412837511038
1.6192792933350584
2.765677799722916
1.5594254430753434
-1.941886958517033
-3.4047302295614235
-3.6823973527742573
-0.3604203591168631
-2.274575816109072
0.6793965541131751
-0.4283126954229814
-2.049266616883568
-0.4727831595884463
1.0657105596830627
-2.444044693689581
-2.2971313426461593
2.0796480793273897
1.8956841609800266
3.4277428577560896
-1.2731693969849982
-1.7767690934914917
1.9449679002421691
-1.1538694651118222
2.324944557023325
1.7745432697713113
-0.45924258013023384
-1.1342567813272537
-0.27121300697492084
-1.7505605535867872
-1.1836619222880798
0.322245083527064
-0.10991355214402992
1.2901510207180902
-1.5373149432617321
-4.1079189460857854
0.15437049783961254
-0.635018914603459
-2.026567735679391
2.3118652523282806
-0.2677823185112421
1.342468715953755
2.1014428276542585
4.351974016988546
-1.8817447153061115
1.8743620168775743
-0.8783885324819337
2.2502986800102236
-0.4360964863606992
1.4789393380748446
-0.8979449131118369
-2.000138017578447
1.0081209525272359
5.288014090432112
-0.9132362429018828
-0.10150861583824194
-2.0324036662771765
1.0988670631839135
-2.2006564237313913
1.3047479779243631
0.5613891809372298
-0.9452371916682236
0.7739089583706227
0.4569700167423178
0.394614223273178
-2.7471537605335015
1.243470209087488
-0.8071501262601237
2.2164869433932757
1.74738679322513
-2.1348402313398394
-0.8669126549223256
0.7904487331090942
-2.227249721294007
-1.0589372652037594
2.01061244738893
1.8074576043919557
1.0217945227889194
0.7957226196525784
-0.1212827142015621
-2.5126629975597994
0.5684696515489757
-1.684601825738833
-0.5290123443409245
-1.6511550673864508
1.4464947036411937
-0.09400126034560956
-0.8962274988671545
-1.6524352626873742
1.2599268644670047
-0.5126759737137133
-2.9634301194313655
-1.6816476420619373
-0.6661153557695678
1.3754348697237528
-0.8030700717444299
-2.8669686959143603
-3.593663023647313
-1.1990187524701883
-0.2836721132156537
1.8254603572308696
0.9767185231772232
0.7012453064493472
1.085226437832498
-0.8224312590061438
0.9329686039516737
-1.0562007578550594
-0.08296581675867284
2.528232717309958
-1.7545051241802516
-0.25401655284641145
0.6780758266584065
0.04071588063636512
-1.610509760916631
-0.4955597472458772
0.1814007101756554
0.7573996256011726
-1.5187273589602086
-1.442633158968393
0.591946512130744
2.1894571337827666
1.270046918416982
1.7873624131814445
-0.3871408124118921
-1.3818947997149085
0.8197830506529088
2.0706469657980198
-2.7733309895965563
0.42967219848725846
2.7798755067936747
0.9761046432638606
-2.535491486403831
-0.3952530125720613
-0.33738578636178956
1.1254734615903028
3.763410211555895
2.060761615758556
-2.4589628502286685
-1.4602096490182106
0.6529443514482041
-3.743565709002563
0.15091512777173155
0.8554944819530493
-1.3047981167930611
-2.2291787464432655
0.47962015690191045
-1.143972400029112
2.0502559617042477
-3.9065971178983743
0.06527821380379803
-4.263945075880298
0.9320908384521969
0.9477592307514114
-0.5397762320808949
-3.1285986250968487
-0.3462040363034589
4.160949983140143
0.699698271415989
-4.235500517320879
-0.9726732202948934
-0.6544915556088857
-2.4237425888539064
-0.9518318002947842
0.7536022299150424
-3.910778851574575
-0.4730497916139176
0.8202827818838235
-3.789340355014943
0.42258174618126015
-0.8660161302602274
3.000116631348608
-0.9840152216365184
-1.646439019246643
1.5900878519596264
2.8158640435226268
-2.1823204664627163
0.5747341528269637
0.024567067459770085
1.2739201406665024
-2.263578323682329
0.43793334473800755
1.2133512175608694
0.20756887610346322
-1.0148661286186682
1.2618678421659668
-2.811798620323631
-1.4685443540228562
0.8392662762101838
-0.7562503026911108
-1.9604623744102718
-1.0819778360422738
2.7831186631006597
2.921389084825402
-1.5630066692807032
2.3781994507995403
0.0016865322299463063
-3.52316817209246
0.3717848884234245
2.0882982532664656
0.7417570396330869
0.388497303809831
2.2959490737001893
3.441126644052748
-1.7453033196401933
-0.1427305393892931
-2.8850467699244664
-0.15247673969392714
1.6457871640020836
1.2137556493161006
-0.4848666847968908
-0.40145435833404647
-2.9859273951818976
-0.3451368474224807
-0.6079344974526324
-0.07341264095149151
-0.855573895610379
-0.5022694103109909
-2.042365326372942
-0.5385383129828463
3.608917331693709
-0.5434539816920332
1.8075541822426482
-0.46734948767377443
2.133046918283954
2.0111806503982548
-0.17125193625503166
3.7152734948283155
-2.5620869467855623
0.7047841571133605
-0.6529520417704914
-1.8058901096509279
-3.2275921750062206
2.4409962504435896
2.5696422955720113
1.4569891930054701
-0.5956295692387981
1.2173505072086703
1.365844859652916
0.059674780283935525
0.13556623828774916
3.7370312332842626
-2.2128911137359633
-4.014599130979021
-0.991545113384366
-1.8802795635035576
-3.7820260550486027
-0.016815842002899636
3.4427628017660763
1.973991195201458
-0.3928378526501131
-0.6873727038357745
-1.746216525520388
-0.7425935848601117
-1.1679396671523983
-1.3974777312395619
-0.3130137027863314
0.6969296773195113
-0.9736596130793196
1.2692265541192245
-2.252115501838991
3.305543535594691
0.40909918052911975
-0.08171183089467483
-0.25384661358027294
-0.6099001079003292
-1.2763545151327944
2.408453051797324
-0.267454291951941
1.118168952941822
-0.9233932133803047
1.3999921245553943
-1.1688032844772296
-2.1487690937554764
-1.0124132115321012
0.01211600986746365
-0.7568625452989218
-1.2864476003756495
3.979962731564634
-1.6009703781089928
3.2654901398857348
0.2999010762270161
-3.1074971862731906
-0.232579130024806
1.9556927923607208
-2.2944825584687134
-1.0220318672372108
12.26126187407546
-0.21324349201852966
-0.2303573060007681
2.841781955789681
-1.3737290200596888
-2.15387785688956
6.883478308594368
-3.0666695397857158
-4.563022218433378
-7.443434286054186
-3.2474704669804817
6.2811661895760675
-6.4825092915900555
6.617665242953856
6.416273345227111
16.662759040399205
-7.425556920265602
5.864405002358242
-2.9145332335957375
-4.645583122746555
4.560683536558638
0.32598017156836834
-1.125395352450619
-0.45690358948814713
0.7309384767412461
-0.5355843469648061
0.7247176457278633
0.9159740930168107
2.0140033289176156
-0.7874605579186805
0.7093910101625628
-0.6712727872532818
-0.10700716622718168
0.3887111896332136
-0.7787913984198009
0.19654565350905995
1.0557523585012356
0.03084561241002645
-0.4940837450962648
0.057474431614178235
1.7476509519241255
1.4023032132627005
-0.8331286884426579
-0.29776781751625364
2.297388769903117
-1.4109653484055424
-0.6289267487313865
-0.6663831479567227
0.6358315183601573
1.8200582596398949
1.2115975729107635
-0.09283800020360354
-1.4066761510802805
0.5145748336446028
-3.793347093513399
0.6849206515732932
3.163860530187148
2.6703320556678043
10.701502824933979
3.182504159197744
6.276457148393779
0.9443777467101703
-16.970768806482695
-0.3760548599165658
4.7826047383841805
6.1393087265514605
1.4557747025949164
-5.224958724176399
-1.2099704429147249
-0.6232970265678571
-3.224279692071735
1.1884580493724552
1.47304998512252
-3.4152962308901644
-3.2801806668870763
4.003563400982515
-0.8168099308443069
3.786568621379525
11.079700803676607
-12.955315448432305
-6.740647161143308
5.028967033921785
-7.606392104091401
-1.0472700267749038
4.960739040149618
-1.0455904123871742
-4.233306608074156
-1.5271331158124604
-0.6106188427655084
0.766349980041861
-1.027832191882567
-0.45728386336157056
-1.947688012624652
1.4838414347090199
-7.841095278991693
0.8717246595402199
-1.6245737519658472
1.299494429373156
2.4694288363294308
1.242161505303725
-2.6990265308567594
0.7867395043563452
-2.4719100708491175
2.7344179703311435
6.3690961287099155
2.9568061415208886
3.369712690335369
-0.8140167105036816
-0.29783948606169286
-4.783814689717481
11.032901258050341
-5.1186654563993566
-1.3616132295918117
0.10351329916757214
-1.0441283385342133
-0.9266686260371244
-0.5746419348875715
-0.6749083717436493
-12.812521212713008
7.134771144897965
-2.648546193870905
-6.782689856872091
-0.7217996359317009
-1.6461355459859042
-2.6739693352916474
-1.5493984736380675
0.7099756886465057
-1.19368437638836
-1.515276560227578
6.598211135747165
-0.3917076992707891
-5.484282639121108
-5.062831495127711
0.24568011547696494
5.946050178102045
-4.584226403943254
1.4396496900728244
-6.750467013582173
-0.15443891073669885
0.6999032629582335
-1.5496867307594524
8.036569303768054
-2.6119311672980983
-3.7638212165237412
9.69833048584014
3.95231570988675
-1.7203260731918084
10.434764884256905
0.15435698188532512
-0.32298629709245946
1.4194016881714833
-8.376580276077748
-0.507198225748287
14.369812933226607
-5.580556275814087
-1.2110807599440505
17.544449093132144
0.22040150655131596
3.6589954060396055
-4.841151738335223
-4.2646709757358385
3.618793150677967
-3.2141138913765896
-4.062575646560999
-0.49849901341624486
4.605194306698731
-6.649978900551475
9.524002463737029
-5.257250707762085
3.2685142530789526
3.965544325704846
-8.181615527941982
2.2613532833028325
2.2400360357416873
-9.614081027081937
1.3856025324300625
0.27515002952225587
-15.067994529240785
8.723082269791531
4.7910592795457925
-2.088539167409025
-0.9932206579670987
-2.1017524589292993
-3.2307493310696302
1.0449346870697853
0.3078599930208785
1.4365652209039828
-0.498701938163997
2.687644268209322
5.038171654729144
0.15897956505554375
2.649813038617499
-3.0453856158277457
-1.51341750103472
10.265347952743344
1.7332777151297047
-0.7854926666147574
4.876053917872738
-0.38538301280339593
10.760172541208927
-0.979056123567133
6.236022910593464
8.238877962103427
1.1877832691834649
1.472833862772002
-3.481027576208848
1.1170887346108034
-1.5440331615012861
-3.265111774820673
1.0713915821021693
1.367210512766443
3.921677702614798
-2.281493342851431
0.9582607767215913
-4.242401526248059
14.917564756646925
-0.6286086135254385
0.20835002994078003
6.116937581938268
-3.678803868272763
-6.597648801009902
2.3310049791980205
-6.913565120545915
3.8945983221537523
-2.1166071508804114
-3.3225010180328525
-1.415273480809059
-1.229080664202925
4.265540963926832
-2.573124091518168
5.161320818545895
-4.748027012303243
2.517750991438962
-10.192322992303746
-5.3811514765326764
-5.598264937548942
-1.231654294359442
-0.06605814186262587
4.2804160730470535
13.195294540497946
-1.8374177285582558
10.29313479287831
-1.6156228654669391
-1.7107400197294904
2.7288945088269836
-1.657078593033605
-13.089326978512227
0.16011740637771207
-0.015551202055320797
-9.859665412601451
2.0304002510041
0.548196422765573
-1.456796372016637
1.0876596764333468
-2.302841937356806
5.205482311269768
1.6960889704745048
-0.761161131724145
0.028889099874299187
-3.461136727092608
2.4690981841973367
-2.3097432866608836
3.452474031304174
-4.487967198451192
-1.4886583929301467
-5.534362351850571
-0.2895139665761854
2.9672387977789803
-4.287908176255428
-0.5765780275394408
2.4321338363307317
13.686580938951002
-0.2638156409465773
4.26388491303146
-5.356234405009062
-0.8854334330268953
1.8485702500683565
0.5194724254019095
0.18501921098209317
1.5908200537733965
-1.359069070832885
-0.5192522065345581
0.5586239396260504
-0.3511141555416778
-0.450588471734522
-1.1888609005415043
-0.5017876111522327
-1.850393513105481
-0.2792746989756842
-0.061492046164552706
-1.39584292368772
0.44732926072895685
-0.16317388882740705
-1.2934492361215006
-0.9338843248715737
-0.9116556985986133
-0.47514612701405773
0.6315414252621135
-0.4953261598644098
-0.442987623786408
-2.6455154254331332
-0.25623642184817114
-1.0999432690492745
1.5969701019085447
-0.7617870523079229
0.8372059546376539
0.41591031761818464
-0.7080893296764437
-1.3013399097130771
0.37758098658809836
-1.652902696428508
3.4385079522208284
2.276800246328863
2.0431253362301534
0.6257732295095378
-2.853049697401492
-6.842924506854711
-0.853605904442004
1.2180949933362497
5.938085300474206
-1.0243722712826255
-1.2477685300815216
-1.746820499697029
-2.105448740801895
-7.3384354635706055
2.238226653836194
-6.996134718076526
-0.4697324425736846
4.914033649374172
-3.342897739662495
-0.10763883020351828
-1.2145268286073714
3.1017106259078018
0.6746341145100117
-2.4922149190669516
-4.536225817619882
10.204153732026853
-11.998765726416934
2.654913482710977
3.0212978164631723
-4.076421194276145
1.112860704527239
0.06745726507154
-1.5194849350981323
-0.4472024033446082
1.8023920984983035
-0.7787612755325596
2.4587854156175197
-3.008950022133772
2.903953016101484
-1.2655504249537493
6.0487930986272955
-0.027256091569868027
1.6043953244134963
10.698038595635618
-0.8491597146150949
-0.8729477406573968
1.403909335578604
-3.2212606125022756
18.726722864444014
1.220191102601788
4.719410269765787
9.031419915819024
1.0064555001603208
-0.6188621031553508
-3.293762429815963
3.580522057659849
1.0792981064071998
1.1285830957305036
-6.785381786110276
0.8366347448114682
3.757352651988566
-12.082152508951173
-0.23782577835964613
-1.8184243042900274
6.271821809450542
-3.6434483652249625
5.845505963970803
-3.3899662969258033
-5.188207249720195
15.469059023629127
-4.095263982371803
0.8637454269636903
-12.013082048520475
-9.41785155126124
-8.13729741963944
1.6010336235745901
-1.4912341770429596
-4.393626506299142
-2.5235793850649624
-0.2621846057658154
-3.4003998791619248
13.110550751593522
-3.7695352356358853
-4.901621529482768
6.313392000884953
-3.182255768724072
8.214923613421126
-9.508898019421002
-5.530880361154123
6.80952245755165
6.385645125243228
4.037156405008464
4.7965810553680175
1.9655727033579302
1.4047826220174648
-10.257750367841739
-4.833567801506305
-0.5789053850204401
-11.893037749441419
-1.7098978756190826
7.328979316778189
-6.017196025962102
0.7456884743752401
6.247071233368784
-3.4551816695840873
3.003122216040114
16.13300396962234
-0.04121918735533658
1.607370038972045
1.9858245391940315
-3.350056394233588
3.187771302200573
-3.4797978282151227
-6.842400469734855
9.662195784047183
3.6280528114925747
1.3524747744942562
-1.6096490501597192
11.583342940579639
-2.149210666723523
2.2132520487704572
-5.198416483632203
-5.35367470362936
-3.024639873778108
-2.294681742608488
-3.2099757340013717
-2.0218383951701773
7.640922689317954
2.7068028808401006
-3.0959459422435933
1.4103834195979308
1.9444200523061645
-3.641214712709843
14.673590691356026
-1.2428194338494751
-5.010127940063746
-5.390488504133745
4.983594468755357
-4.860811322793765
2.885132988691399
-5.009873978352716
-4.262472873001145
0.07284642136486116
2.55424149946366
1.5834104106285256
-11.698484714346643
-4.038309647505271
-1.672110670081039
13.603888787060026
-7.724582149142639
15.018769723400467
5.831454802950327
-3.0943666576119653
1.1875351153772389
-1.7738437470892359
-1.9197493480565941
-1.446649055242733
5.242372792609725
-0.5670302908579848
-4.986917506999525
2.950281432791101
1.7152500922954301
3.768668974249393
-4.092804735078612
-2.3166549868323005
10.014519871667634
-1.8740877812529377
-5.626442635916613
-16.064744482255527
-9.143622377562318
-1.2875740704301788
0.03956235523323225
-7.199909467211261
-2.6040716713405594
4.212425772939843
-3.8285423326342545
2.548644890479769
2.6859552106815245
-2.9435389940535277
0.22484998880644627
1.013848773212579
-0.9273298934489843
3.362309619208374
-3.73711720510459
10.642021651728996
11.237241004233457
1.6736153003825749
-0.09164574391103879
9.24136275483159
-0.3651605448947975
-3.0403562831017092
1.5859713424206452
2.7861302138656083
-0.6503779140713563
-3.0180052700485676
-1.0932825194722398
0.09624198968484453
1.0635424238982847
0.19637406214180728
-2.028478779569032
0.17333222266235054
0.5734445917020756
-3.3491283676525705
0.5941143170333764
-2.8899649118665955
-2.222807470630069
