3.504091351746394
2.9831987404263662
-0.6744777267328126
-16.89797284865958
1.459240387031616
-0.18012361778247463
13.179720393753627
-6.637635606948985
-7.112298145674343
3.4341807753674196
-2.4448050872065674
9.488688085643014
-5.03344703938295
-1.956301523784145
-3.551750524514231
-0.252148519807403
0.1919985559549349
0.6716375297281276
4.604406882430997
-9.470379355465294
3.3481080510765198
3.6321199591850806
-1.8452848117548646
-3.2262809702712505
-4.7625669260371195
0.02033457632204519
-5.47328742337264
-6.922692362431985
-9.796053518229707
-4.011569775497491
-7.243734841909044
-2.197542767000176
3.981812930691358
-4.1511102706986724
-4.290979096092643
-10.905054824215698
-2.464202117527953
-1.3513996070398526
0.3416126580013923
-5.143148519366262
-19.573470496961352
0.3587142887845101
-3.417996763589444
7.3516152119939076
-2.6242056854040565
-2.615552621018525
-8.011148269852935
6.50364411565059
16.427282317327318
-9.608549228228442
-3.5299160786274513
-8.992157996959046
4.248726644256578
-1.14716851137726
-1.9045474695904832
-2.556792117837626
-0.767173047977657
-4.094434381248355
3.9010088141929113
5.965824806440128
-9.952985601883578
-3.336371807287003
-4.27988596184305
-13.670846674210583
-4.043207690379363
3.0996072141165993
-8.973159977301101
4.254035092629983
-13.99627977146654
3.572850340894034
-6.56244675524696
7.774578249359873
-5.413835984282999
2.1927009563913584
2.5847470618375383
-9.157344560193138
10.1394727742074
1.436705837418782
2.5566635499918378
3.864317427998596
-7.467628458849462
-3.9581781922203154
2.8524046594657704
-12.633038310977943
-4.873380678478195
-8.263726090103152
-3.5655673712404545
-9.763526841131958
-3.102945522410531
-0.9336436764332536
-12.071205794556553
-0.9823142058980687
-1.1656607093428055
-8.472928059687314
-1.0017876072896439
0.095734462805072
-5.896061275076857
-2.3881125103241643
-4.440784075892522
4.089009253107799
-19.97100574814901
-6.395783767333527
0.060802282544997865
-1.0723452625205045
-0.12385946074158333
-2.461367238420758
2.4975274724862944
-4.460015895162255
13.741451108326107
-1.3543165362004976
-1.0494776921992013
4.158861892508052
1.924748178360318
-2.935049252345182
2.2997495606439533
-5.973962373050384
6.09370766406712
8.525873827005448
-6.189584579554472
-5.178992348528887
-8.54903621846109
-9.443545172111065
13.060522488745967
-1.5527404926805222
3.103770384216143
-0.4847068772524894
-1.5736531879036706
6.059622589272726
-11.710349834391781
8.839130128672245
-3.160779228681526
10.350516017958336
10.468635812279707
-0.6478121002986115
4.437635644596533
-3.7463754482161864
-4.140979454206231
2.78434995809881
6.7029588582307
0.5313121211468592
-0.2049443134683592
-11.47937898447461
-3.9953950666722458
-0.5628674675735189
6.510205180399005
-2.005314531926688
-14.699584665604219
4.124461290845327
-0.8497233960692719
-9.988000727360582
-0.5131839844648491
-7.168320167139487
-6.469077198961461
7.456379646028004
6.33483669078822
-11.142183232489451
-5.709877968061863
-8.98626335096418
-7.5383074356786794
2.392635005467567
-4.5094436502335515
-6.693344967851309
7.6928442757192155
-1.478436684930129
-7.075055339054676
11.13243396687306
-13.472500353612672
5.188168215671596
2.499834675627298
5.93038843407714
-2.256519907908374
2.825687808546549
-13.068723814149266
-0.6474478910727389
-18.94056272547804
4.089465296977188
0.8379649769059612
8.176173023138578
6.4839525288284845
-0.028544431183591134
-0.579164151882816
1.999074786628345
-9.156847199952493
6.668737112812602
-7.510218859809819
-3.107623702768638
-2.2004873080196723
-6.576721183680147
17.089538911175506
9.58880679014207
9.777187794033015
2.178700336360099
0.6149201845635749
-12.682573165099646
6.807991467131941
-5.9602069078418065
-1.8297200877451756
-1.2018224738701673
-0.06801593656927621
-0.7886179440122002
-1.4874778839673484
3.4519652295413805
-2.605909129092613
-9.712419268778891
5.346896292810471
15.502922113961354
12.4172205599231
-11.411410042478712
-3.6501485901619812
-3.5870153717772566
-4.587589516006488
-0.6718822166212086
-11.249425674749745
3.529333884789342
4.045542318831857
10.869562815055456
4.078622274143716
3.4285254768814704
-9.623284878148308
-6.085702444734598
2.5532040456277865
-7.146039587141051
-14.75390526410941
-3.244561990788698
-8.947850597820223
-7.2713080495349685
-2.5412622832658647
-4.0911446059080845
-12.960397874208546
-1.6887262255371376
4.622105442624516
0.2352725443450763
-4.141716993126091
-6.771727839843151
-4.256080371427573
-4.290901686221678
-9.97672749774443
-2.1780332477567943
3.9409411353217414
-4.413080404453666
-3.1869686580772227
1.857975427837543
-0.0627752282179426
1.0932467209217454
9.272694549820347
-3.0652146218775926
11.80429189363243
-11.803390105633268
-4.9702347315122966
-3.183040497175203
3.271283387809327
8.717445968222767
-0.0968389169598901
-3.4055287880674268
10.369994702456433
-0.7123794567556039
4.887193640134697
-7.076665848010955
8.393973910053473
2.1837383057643067
5.029217042191419
-5.29056406345599
-14.154572793863732
-3.3975543121728653
-0.9366661698739606
-4.166913445722306
0.6963705494255599
-9.252548960937856
-4.349437901337597
-4.554065732442042
-3.868085481239619
-1.6276259588709479
0.5135077935219898
2.680454954312812
-3.6500015910254895
8.503501294916388
-2.492617320583261
-5.523358607531278
0.10796004661942848
-6.1284261343562
-10.807933489276316
11.078313777518275
-1.9514139029404935
4.063759252575766
12.583400918392739
-4.039504861486604
-3.275112468491271
0.27577123132337394
-12.59552722573169
1.9266929372294286
-1.4230883139286405
2.0652303704895196
-4.890863153294255
-5.032826431967218
0.9562627733061102
-16.016152395638702
1.031614517472225
6.353555455796819
0.5074298012033589
-2.2711630018355558
-1.1486591839369886
-0.6080627367054352
3.1976108625570285
6.995570605758246
-7.445421999190846
2.0149277912620778
-3.467261722725396
10.05113950084562
0.5301066128385329
11.29092393805549
13.714119435086008
2.779081228048657
-0.6262577966802085
-12.695720785070234
-5.569775219744224
6.515821879059897
-5.319644328819838
-15.109533434377587
4.165161881618857
6.8895455026273495
8.024615424769914
-4.279506551235478
-5.9838001333299164
5.317456650759325
6.661516592188392
-14.22308869833529
6.533698025216621
-5.966467508825661
-5.332829437494246
-9.209133642061975
-5.146456141127362
-9.343364321015315
-21.522969791631564
-0.768338937484833
-3.552238679467016
3.8126393589376004
-2.6014016658762555
-2.5648224030293396
10.099013551328602
-4.826136164268673
0.3591125755485898
1.8175115376411954
-6.323614543721313
12.430908195734716
-3.7236526810365147
4.8839499914985565
-6.7458220921311645
-7.742160670092146
-6.724687148025586
1.7949787047144958
1.1015481957257645
-3.607523770222189
4.695904028600908
-1.4403877695230871
-5.783993875868172
-0.695311345994911
-13.169296473749839
-5.106756811688872
6.529751619982219
-7.873720199971237
-7.629923777108615
3.1586735788549927
-10.396380210873769
-2.4953414673347054
4.803848536227432
13.71103284384571
3.3092725678516666
-3.2879919067188412
1.6242450938903723
-1.8356304269266488
0.6012007205878122
-0.6140052203867361
10.062516305016324
9.20030632269161
4.406745873991908
11.134548105030738
-0.29187122797743426
-9.7016042006986
-2.4653881181289345
9.727444252654752
-1.8904863466278499
-12.782624754882924
-5.099143909895683
2.4585241518720222
-7.438032878178075
-1.4932068941617633
6.471631404914384
-5.608276040867859
-2.403283847269443
9.817796736090447
3.0582063664543857
0.51104694335053
-1.0035637071673102
-3.706346322816829
-6.507663044681925
5.454566730167919
-1.2113663514855244
-5.791884441523298
-3.729433242849712
6.735931857730859
3.794944136695765
5.613497349138577
-1.1593553868544455
-9.56880613230219
8.107904135611161
-1.6130889419013807
18.003671870573697
-2.7750674593473454
9.49077069196073
-3.348000798083338
-2.649218223143008
4.1799563115138
-10.135536364176568
7.010644765996837
-1.7315195026098495
5.723711227374854
14.625687435605766
1.8627317816777682
-3.643995919544414
-3.155567333599292
13.742759495253875
4.896114748172959
8.804675246381656
-4.008227995888143
0.8338808345469475
1.528031434944127
-5.13083881368228
4.748359213574538
-1.974715238430701
-5.6415958415541025
0.29211008188712917
7.917867694524885
-0.8815946980502035
0.2913576729525682
-1.7610172784845382
7.516424701123415
0.6423286172823299
4.965047648931568
-6.785705717449637
5.403486704340187
-0.7437696033979709
-0.3401913966229622
-11.175111042693548
-5.102206631985176
-2.017719040513673
7.607482907871342
7.650010436220648
-1.8798212478524465
7.391698017684672
-10.718762406654891
-3.3416850081880245
-12.706016863921349
-1.2583123450658213
1.027307778112122
3.2324599279934363
3.9077525897777736
-1.9826437016322078
-7.805152332835779
-13.3539402610302
-3.5267553419977697
0.12031046390793969
3.9462990604632693
1.3975629999016583
-1.1120833241518284
-3.2755647778994303
-1.5951206201964723
0.38422022235127123
3.751169260047812
-2.563206781769198
7.083260840272737
-5.05893395912081
-2.2842465115603376
-0.9727044321062206
2.3653611154977967
3.1899780489488325
18.31251315321693
-3.598858082281582
3.105738488003435
-0.8427687593455186
-15.663817701468865
-5.447991191554156
-5.746219383362642
-2.3563080511813115
3.462607300219841
-7.128083746462218
0.8810201139443009
3.0436503112200137
5.372777595786912
-3.5549811879537385
-7.568454281173079
4.158828004285953
-5.330388049923823
-9.752493320712645
0.0029921750867375283
-7.303446009598753
-10.112083868281989
-6.2259674462626915
0.7657434851723569
0.8820333631425556
-3.6285685456930747
7.1421908187011445
-7.037930328538351
2.757924873931844
-23.589291999751232
-16.40237162563119
-13.145895824616595
1.1931030620031082
-0.6631986460914451
-0.8131301335103176
6.770215532809591
2.2790173818470945
5.138781053194812
-8.885293148691261
1.7479602334215472
-9.11972854444225
2.720474061660052
-12.698482573847084
-11.59839189232294
-0.46719595574566525
3.267774891715529
-11.444232183307323
-8.290466452419851
5.574223713800245
2.0170445837802586
-14.551309844902507
-4.930550263248156
-3.2057697609735523
-4.987800875362328
1.3980029021322815
2.0455513420746896
2.2081633717816365
0.6877956275346903
2.9450566918899272
1.1075267671558426
2.6089863843479018
-2.2390777944537055
-0.04652471262952699
-0.030644068604118366
-1.8564383299767075
-0.8006905404999396
0.9349836677980928
2.4022091159283026
1.018909397739218
0.589167516873004
2.3073409197298007
0.2928762848496475
-1.11267547272116
-0.1814686522009697
-1.8572520186248829
1.8753386231699536
0.3050235048131364
2.051398030569526
-3.6337861277182286
-1.9709718139712415
0.8999277095013637
3.1119926538323663
-0.7081589979391584
-0.37618824342944235
0.5975810364413312
1.6301806839814896
3.6387207822994094
-3.83996417848774
2.305124777250015
-4.153823402903264
-0.8364340412089247
1.9993374439645306
6.029786320293972
-5.821717426296423
3.8950880861898365
2.4388553225193217
-6.439827302818163
-1.0323638358007314
3.6591819660875684
6.805501934468145
-2.236718721237619
5.401386892195738
-4.911504673093899
-2.2793770883689333
-6.9631754113827435
-3.2946925612609337
11.429133950273945
1.222439591085031
-7.532078816891422
-1.306325419444698
2.1456038023835133
3.008564722329951
-7.7078693130817575
-5.654482109827022
2.569685602714006
0.8573836823473509
0.41911468947168967
9.548422261279136
0.04370024769012569
1.1533474722317114
0.25873727442372874
-7.54871252884305
-5.9857219584128405
6.736030381467478
-3.306821880594661
1.2782604989680697
-2.4333129280147214
-1.0645772683718842
-1.2733926662646267
-1.8514486868491669
-3.7029025575330277
-11.536079906032166
-8.418783268065093
-2.1681304796241068
6.377728815665843
1.9157261954156175
2.2952296750209977
5.422000275908453
-4.888033876644069
1.7719994979150346
7.181592687423589
-3.082248351671473
-1.2080910463191297
1.818365258003051
4.155614161412974
-3.725185498165626
4.366886372588406
1.8520850167132277
5.65658121402707
3.82523739189691
-3.1171233981477435
3.807577124560303
-2.7135237900890385
4.937426972878959
-4.564707259098287
-7.1702556946584926
-1.5797449511808064
3.3923539525084667
5.770391093573817
-5.010120685932542
2.373294135937186
0.2214795323417483
-6.791302250003817
2.8068344779872456
0.9812698903915487
-2.4295861975084185
-0.28132708474468954
2.791471702710729
-7.5089589880576115
9.48215554239429
-0.7794339125994568
0.4393407016341367
-1.1106005291837981
-1.3742453503653922
-7.808824265415902
5.091797506301995
5.2390790067083275
-2.403279302308006
9.020862156679213
6.492496342943266
-4.771196076086329
-4.054564025881149
1.997122410556548
-7.017456336230847
4.629749262712614
2.028546106324558
2.656286047193033
-1.6768171530286002
-1.9263788135708857
0.897508356439138
0.1777826704802008
-3.7951493186860517
0.30771121049265987
-0.6498132233037248
6.464731597166487
0.9534460745258025
5.574073092824535
2.4928411865135933
1.0771599187664944
-5.592623876822473
2.4029286478271032
6.393404791289163
-4.192383089962528
2.59736905597344
0.15967162195994586
-2.8523920058874115
0.7547435306727758
2.856306356197079
-1.0392378226833399
9.690927937164442
0.3610712741703173
0.8968303269385762
-1.733895842892205
-2.486964544958971
-0.6582569056169072
2.9759903634084965
-8.232209164322338
0.9175308720742995
-6.128964964572559
1.003343057998909
2.6170365017649244
-2.4786182437829423
0.7915061847378858
9.680005635680935
3.0487524626484004
0.7254282522097701
0.27388360105633175
0.37577301345273495
2.98407247668019
1.0893259994872413
0.2147770179870389
5.864201936627368
-0.959277227547933
-5.643779535445306
-0.915939746013775
6.674140986709792
1.4199700531010664
-7.591459842943044
5.433909273067061
1.3468119901292648
7.47765363641765
-2.022100523564604
-3.1133659687132655
-3.1834828194679883
-1.9395036530709548
-3.203895154281043
-0.8563473593220154
3.920259425867803
-3.4124784527420373
-3.2402497230433007
-5.05609837065231
-3.0887913846541046
1.500846586949976
-6.9786119354608385
1.363809285852809
5.5354665993550025
-1.2692289553549387
3.8504213907194806
-1.0068715849365326
-6.6883820059458134
-0.3452266047025316
0.017162106066091865
-2.3946421361453982
5.638513615129909
-1.917922176421721
-3.197064968936966
1.9000915933502507
5.375817653177164
0.2666207152799842
-2.8805312675648063
-7.28894029990139
2.5873904654507767
1.7331271093443075
-3.8223429969665603
1.0386017260363845
-4.097885525179758
-2.3671462103254575
-0.36487432449049806
-0.2059029173182248
-1.7186634699867844
1.6757832625254447
-2.66715520600886
0.24877950557489892
-0.7351280017130745
0.43000829081283737
-2.5745463122862158
4.089388449548264
1.7683962817016345
-2.441613353015463
3.994931561194902
1.2243953025404608
-2.97992310613418
2.9366597296290986
1.1395435312883495
-5.014352302756557
0.8300953433915719
1.3493626549280513
3.509525657339004
-4.99617882081186
-2.7438485709786393
-3.0342714284573002
-2.394682570769189
-0.6320221014998354
-3.330945606892911
-1.4219270562478428
0.9008421406133932
-2.166289453254649
0.23516488554103193
0.5643406300670392
-2.0652552788462013
3.1775531068191136
-2.7109045640388314
-3.5518140727119007
-2.3079364870926127
1.7631349724011653
-0.1510741458553248
-0.013655024361850414
4.568739555433531
4.264935152961116
-2.6171121311324383
-1.1548568309800373
-1.2293455150401356
-4.351075338204703
-3.420501294463579
-0.1824263363130626
1.2475075452972335
2.337214701429069
-1.457086816531981
-1.061561750329709
-1.6842648941867482
-3.556111254818391
-3.8753283923455193
-1.1542621995801186
-0.27613798696927905
-0.780124419814858
-5.088104340864005
-1.3184720128347782
-3.0622164491936816
1.569912633164359
-4.574913558186222
-2.5993940462572565
3.596683037618632
2.1764386101896918
0.40731802724715244
-1.9132295096505654
2.816697551861084
4.458093608056406
-2.771647226434112
1.7215727446773872
6.137009232444619
-0.49076066922438444
-1.8617821594888642
-4.134684206700093
-1.223868723543155
-4.215961510983825
3.3998168641140225
-2.08557129494075
2.6452408881498024
-2.5932388284975287
8.21253327596831
-0.324343414944035
-5.458450087026509
2.437822929361878
-4.649802393681952
-2.5611119800567064
1.2637049959441702
1.8254576480028366
-2.8389153462213548
4.253828940477247
-6.3057600232595865
-3.0169353268039187
7.047955859688429
0.6541587378123496
-4.425233551326236
-0.7703930545646768
-0.6705130948885116
-0.02591992353937206
0.15976036983661412
-0.6021549479639552
0.05062432230425999
1.104012880035793
-0.13986796504681023
-1.4052978252614217
-1.2021441395067858
-4.207976471314411
0.6449994610233971
0.8029880948168011
-0.7789145785166365
-0.7242996575124462
0.7230910919361819
0.478816147787644
-0.2511071385497657
1.0092175782371209
-0.40308230028637926
-1.0727581971180278
-0.5934234718109507
2.0039709122925156
1.8918991469117743
-0.9002419495695323
0.1735296579311517
-1.8726503857853567
0.049723395248730186
-1.5053163796458422
-0.7618018130847803
-0.8790742678448734
0.40682567640970174
1.9033304607742294
-1.9689120018164827
-2.2702856209177424
0.06383373186702261
1.9744087021221381
4.203060778340284
-3.663735290257659
-3.0308462888332897
-4.324120145382665
-4.866426079735506
2.0196773432018627
-0.7521646692840591
0.38650369196981493
1.7076829295934015
5.4117357386969145
2.341559927301044
4.811873918266171
-2.172234158074218
6.866588038794848
-2.2336527982793837
-1.7345642259480756
-1.7979913697321348
2.8017579115249385
-3.0151470219161673
-0.8417891837346789
-2.610572953139521
3.376780162726222
-4.379693535671522
2.325336204451173
4.869238216972933
2.9883992839862317
-8.425020682829802
-3.131515000110836
-4.571682485139264
1.7185259372065953
4.578385522588476
-1.490179455404591
5.279153848462607
-1.4539774161602814
-0.9827848811644159
-3.604591214113118
-0.5630037572519273
3.6999469401211966
-0.16405789505282375
-1.2099579216943868
1.837829187959232
3.699717319156791
-1.706306253624176
-3.3851786659918104
-1.1093806217843605
6.0935101091360195
2.439937360990823
-4.066241917216126
0.3681397944971442
-1.2365966088801643
-2.290022198520524
0.7770926840813321
2.5270992954876617
1.9426125315684692
0.32318791075718106
-7.145727205257714
-1.1309925632334683
-5.28736203168372
-6.873887752214935
3.9382694888876606
1.3215080074984946
-4.875604512101885
5.006870082707115
3.946043559504567
7.77219492513289
-0.9211506954027074
2.2017239568983573
-4.872931695424651
-0.8063568699233297
-0.2292853781238507
-2.4775050102191742
-0.5613398746513053
1.855947540080848
-2.0516939146020765
-2.7728376971925104
2.9996693979441424
6.062966242666708
3.7015285767531014
-6.394784824952455
-3.1982137264896693
3.0254401423396198
3.257269831175519
-2.317370210043077
-2.5038674345045675
0.2962492133819464
3.395546277204271
-4.016779846986174
-3.2959915419181733
-0.1191649556990336
6.956488891664348
-4.304763704287169
-7.128766523976618
2.923857819003242
7.931936391583971
-4.151263635073172
1.2536867659899085
4.193669889019038
-0.6375320233043049
3.792330466387736
-3.062075227291067
5.012319549543701
1.502710315092591
-3.1076016318435187
-5.785879581095787
-3.609329990069388
6.816229908919774
-10.663096564242144
-5.588969769104255
5.6490317000316175
0.025238625775550957
6.548052025354068
-6.569655196037733
-4.050597634329904
-1.3399425342237616
-0.6389422315362961
-0.583648924325692
-8.672267823713632
2.196340941264383
-1.997511445835648
-2.819493387596101
-0.731177914193632
-2.6304622817128798
5.010610849400984
7.689071497700382
-8.111100699765643
3.1261648454784727
-6.814938001610052
-3.2294663616177943
2.433169873628202
-2.83680433805758
-5.747699936423058
0.6742336565801698
2.7248701906942716
-2.6569831678172573
2.3612787383446276
0.7908675098625512
2.762953576501732
5.690972068985061
4.135055056762088
1.8582255066457463
2.4421035638011754
-0.7147651520323016
6.368338370698215
3.0987973225901158
-1.3774403729224416
0.9277729042056009
-5.288353598103447
-5.533290660249695
-0.9394388116511561
-3.52074134497271
-4.501787160695085
1.7095691707688014
3.6264829712946285
-3.075059031651896
-1.0782129074460138
0.5730322269378669
-4.512581799360236
0.4346463101453726
-0.8447833230374849
-0.42363870072492227
2.7938917736921627
-1.7453076888822905
-0.2121181509478273
1.6752023403430656
-0.257118690735042
-0.6724834098642655
3.517061283882669
-1.4327487968622532
-2.6426447368363535
2.1873212285899255
2.368582327425267
