0.16353524420950774
-0.5230554637261612
0.5923150243742326
0.9783321911613961
2.4203166508405127
0.26001239539854487
0.2501840941019872
0.3382814788579253
1.1130197724718534
-0.6433621009370378
2.080667928864378
2.064251686999903
0.6363318124298346
1.2721510213450937
-0.6767089298982155
1.5708556145077857
2.2188222597883174
-0.10133373125935616
0.3357998094799114
-1.347136047162558
-1.0080417544002198
-3.621537461619596
-2.725313379690308
1.068040741701523
0.1151799756634242
0.11878850674056972
-0.6588292881224689
0.8862431690493929
-2.2076731124371904
-0.13188693731110798
0.5242911806724923
-0.34358081982280503
-0.9924998131437186
-1.1813648003791686
3.6409903967600052
-1.2708626592526748
0.5832207750211902
0.04171150267244587
0.48604223636766647
1.0581832344045208
0.9366997475930502
-0.32536110029799625
1.2716240887997983
-2.6350491732506183
-1.7810091872630054
0.7406449839956456
0.07917171959867833
0.6144986340198988
-1.2307784064044383
0.6463548824930221
-1.9288248139142377
-0.05869729148137586
0.1062918760120074
-0.056706971946117
1.451109296346309
-1.4542273034022843
-0.3334536524527749
-3.7501996556618296
-0.26330750237256634
0.8432061261129518
1.6245099779671728
-0.19185379754222365
0.3280724530764167
0.947897374343114
-0.957751511647203
-1.3617828049567604
1.4461200990345584
-1.1784972235674174
1.3635231481548653
-0.03762064434479531
-2.0600283698908872
0.3010408921700169
0.39691058630354614
-2.6734503444922284
0.20710709845579456
0.7953870690727468
2.296982419799451
2.5952855569437956
2.1341757508332075
-0.3504408815363666
0.28157405524974044
1.177873248546514
-1.4459463938718087
-1.6263501222998265
-1.3141649417215544
0.7454773393954632
-1.6782186872312486
1.1236511439366534
-2.127901508569368
2.203784971341402
0.015132650417968557
-2.017065160378455
0.13278885405845423
-0.4858881723137828
-0.06943798117080266
-0.4488153811438907
2.119024250617543
2.6003822617010472
-3.192440151238215
2.5220848364244755
-0.8945528028910763
-1.1480839675030428
-0.44452250893018425
-1.1999351071361442
1.5713166586155634
1.5358125530075193
-1.4479291530503076
-0.1953101408036681
-1.2450567254002685
-1.2628511181757085
2.614624181599452
-1.0179809602708565
-0.6152155123376967
-0.673772943790178
-0.19460790523952928
-1.3715159984912426
-2.0874618260364484
-0.22181044658283228
1.8204977885442126
-1.9536015103202773
2.208087709915341
1.5924596404969484
0.7939029852057576
-0.9174266789772969
-0.26524144012805867
1.1043659446946923
0.25238800338196116
0.5471835042244523
1.0001680923098917
1.191230734470376
-0.37567037675132825
0.5010837925449325
-1.8701229929463092
-1.6599435810457845
-0.7417001241663091
1.352226244859626
-0.7244138400354166
-1.2119233792037971
-3.213761482832265
-0.06003053394682039
0.2303190212273279
-1.7366642932873637
-0.571328838642202
-1.6109927957044696
-0.13240029453575425
-0.43339550424417517
3.1767227149695088
1.422052756306928
0.40373753531804885
2.533930953651957
0.8839755184955981
-2.0330017129804676
0.047490451990254104
1.1889307915898428
-0.4987740816326775
1.8708345664268509
0.7136868399596918
0.0033423337968300397
-0.9554847421076125
1.1446715266539174
-0.5412487717393838
-1.9399713015239657
0.6957399180482491
0.3914383272352691
0.37480013942575147
-0.4002060095898435
-0.6711337075261576
2.6296889218660744
-2.682121047186668
0.20926418994633275
1.0837790845442132
0.5176183889960368
1.9604271220868008
2.7323545439272525
0.08562219551148523
-0.35775145523647395
0.41827280525573296
0.01584454637202915
-0.09677494255930603
-1.0356126946666644
-0.48790642283887775
0.5853521467528042
-3.6624255937048997
2.529567636667225
-0.5127979346618903
1.466939814918533
0.11361873224552445
-0.009746331580193043
-0.7406277156629436
2.8581735303821745
0.7906626210073859
-2.4804552311863524
0.10648288634566554
-0.998145504193245
0.6639559294880298
-1.176441125252207
1.8332308143664628
-0.9641125052284428
0.30147173325361215
-0.5187998893473803
-3.684916968621768
0.36768078370583357
0.9243862804137728
0.9344635418645784
0.3820510705593013
0.2438292935061511
0.09409598829823664
-2.9975241478901316
-2.2408959677135334
1.2248274889856234
0.2983976531692328
1.4847441841279474
-1.0414726848723443
1.222451731985567
1.505612283955628
1.8454912485758073
-3.8085264315572442
-0.41868589738543005
-0.6380770972415428
0.04228727781437969
0.31337329616351106
1.1580934926846227
-0.5025838140059066
1.5004066850391347
2.170145025618181
-1.740534791256624
0.13171208621979724
-0.1261557640269496
-0.276072673127785
1.317612184928733
-0.6056123851618803
-1.2982195134235812
1.5186541471664914
-0.5573713230836969
1.6972959783285446
-0.5748439879989993
-1.3741059148500783
1.8057275950027374
1.1572624523967152
0.2438606904992194
-0.4953326143815387
-2.231193751403655
1.0769687511770183
-0.3716426955892855
1.7808204564401295
-1.2406274331858234
1.2354042643611427
0.06429868581410392
-0.9957082926575092
0.7802109194268765
1.2662463640112358
-3.66288362119734
0.4613720311092189
0.4316956404922973
3.4061875767144376
2.086672855340345
-2.064407106542933
-0.23408628962042013
1.1016050736758471
-1.8342453286077562
-0.6745634262671925
-0.008963244772796837
-1.6025832748797477
0.006271428183315043
-0.27410069862093595
-0.5176549495237577
-0.274934900367482
0.3714494909685314
-1.2731195776037605
-1.2788901903496108
0.1740656236538926
-0.3559790882579785
-2.3196283697647866
-0.033602275683105684
0.31819581847774153
-1.1704233782171074
-0.12040596784981869
-0.6620253822339267
0.15409175031710348
-1.638431785899814
-1.0003137777797444
-1.2907505748653525
0.11388194888617921
-1.5986352621739905
-0.1981382729820493
1.150804335009084
2.1750859768319577
-0.018996178801574747
-1.647169154479266
0.7437076658504425
0.35121073073561404
-2.212588271786753
1.882185415158425
-1.5355426913771357
-0.3213892366069331
2.022474101789564
-1.9460573415620754
2.2494367338912062
-0.3075849178380292
-0.6242857567461362
0.14606588935317402
-0.4341495331939184
0.1639114991638338
-0.19013524494333928
2.192788411404398
-0.39889658026427954
1.3092707937499817
2.2868943451702686
-0.7463145721090929
-0.8740149514663345
-1.4508096428124904
0.4551799034285288
0.8020514712506782
-3.935719649960964
-1.8578068046343474
3.1502266057263006
0.42279580434109304
0.22658579942287116
-2.624045498635897
-1.3776714454346382
-0.3113379302817064
0.3966690243898714
1.3547782979662826
-3.262566827198416
-5.2671343387459695
1.9792004982060505
1.916529614916678
-1.7181936185453834
1.14589289700215
-1.8023190742893322
-3.8452205070191163
1.6079776826994785
0.193526601132798
2.7004798668488723
-3.25387555681366
1.1847293329664585
-0.31989410835162424
-0.599906394945057
0.30382684022990264
-0.3989879420270226
2.274031814480298
3.4274905360653003
-1.025546480933069
1.6028633408945432
-1.9743735057202043
0.6545555218634886
1.2757031750877987
-0.6979774213898308
-2.463411637810513
-1.4582245141076022
-0.21209324449328645
-1.8262209292796916
-0.8229206416917266
-2.0508061161640287
-0.22878819471467113
-2.5196111424707444
0.9470574524937023
-0.5945581695352841
-1.1560804304918222
-0.6164669639050366
-2.3974044688029057
3.601340944025198
3.0300538091200124
-2.139661114261752
-1.3503063070286931
0.28818919648790947
-0.28328604525126166
0.05266494695670072
-1.864686777247116
-2.358676756156029
-1.4417785589467256
0.01875724202368398
-0.13171281655809458
0.06777309135182298
1.785788783181947
-1.4780838210274332
-0.8448636856973313
-2.410790638040511
-1.0935854946916272
0.3462545533075117
2.5785521960601834
3.4321283395278397
-0.3335799114174821
0.30814628129310295
-0.8195022020126069
0.08963179002976286
-1.8427908813185754
0.5939535834026903
-0.4609982426406665
1.2653265326826963
2.468386722245078
-2.56827812160914
0.9115492781385847
1.269064720269934
1.6668340313644612
0.19582497602002336
-0.4188789807617245
-1.669007724400893
0.8008320229234731
-0.7630303565665644
-2.4504552137408573
2.1773319688224086
-0.6200309701029993
-0.23383427189998937
0.19379625719170968
1.929412964159998
0.7847552842489893
-1.9015057189537425
0.5398841099570021
-1.4565218914878737
1.6166694601838085
-0.9083238809968253
2.241235585833404
-0.6404866485612998
0.004040261668544495
0.8406108386770282
-1.1317358309094998
-2.319934209110544
-0.09954265091020227
-1.0686819837178982
-1.83165062553036
-1.7223289423735733
-0.13842714489082286
1.7415559659272695
-0.45528897250420786
0.7148547701512532
0.8515554322266303
1.2824920002897113
-3.251742079752273
0.9496030886299689
-1.0393268812248908
0.5645809536612023
0.4234502310149979
-3.5010545454332065
2.8303044820480325
0.47580384177717333
-1.268218577619566
-0.579277011633435
0.985713892132249
-0.4449393239284875
-1.8081629793278935
0.32382748978963366
1.0076181389314138
1.382404850115637
0.3009224755331386
1.193374239963868
0.1820930415123319
3.256691585461072
-1.1651078599457139
1.4096281708309406
0.8906735334017731
-2.3143141543398023
-0.3348162774649701
1.319587627797452
-0.5594273216632204
-0.7109855099879702
-2.891773580989972
2.8353640521321535
-0.32767121195307825
1.9600457496350123
0.9877729831102926
-2.23113468642328
-3.113985287256375
0.7254836895532599
-1.5083532980247982
2.0751168502302453
-1.9423419459795555
-0.7655574018506273
-2.479042181864494
1.3649521956901594
0.43379115410604957
2.937641856189909
-1.6124556463846984
0.5186430508012502
-1.1654476391455086
0.13691900400383594
0.20739743481199047
0.15738240662086758
1.1880469512662704
0.6219562370071543
0.05141181278647535
0.1462295217032184
-0.1757687351186074
0.967708165554849
0.01442796308892946
-0.943344893407118
0.798290733300718
0.5759143359319712
-0.038361221583591176
-0.2386297262538973
-0.341752559175956
1.8121454691578125
2.7980645658244856
0.3859354117559824
0.07997654987001998
-1.8088779288112438
-1.6815996137254605
-0.2990196005766452
0.4187540755067232
0.7309136839843419
-0.26588221576503507
-0.9478455415729387
-0.5283253227325091
-1.4341106339865355
0.6364319601076249
0.13185976705235644
-1.2034918621165291
1.0239007682760521
0.9786916025142939
0.4963283257336012
-1.8525067157888246
0.031756957649215406
-1.5130419210648836
1.6575734508553595
0.0763693601924842
1.8364063600464477
2.382929876572419
-0.02197668066819301
-0.3978049775747512
-0.49575116245460815
-0.09742403490114612
0.44684462620466087
-0.2645807956730901
-0.5844875672225207
-0.6599407511627392
-0.8289901089996122
0.45549713421080984
-2.6555639748765474
0.21599396557992376
2.617421169522136
1.3982344933243414
0.12271025282966243
-0.30179824545230594
-0.614515865133076
0.23469181507919537
-0.9892725667341237
-0.7342425472400269
0.3323557357189504
1.535369538929595
0.28604779943681846
0.3651567731091727
1.5315085812443836
0.668174164838873
-1.881894309314005
-1.2385106501988983
-2.930941855377483
-1.6358869449444096
-2.0118009710813864
1.3106031350047638
2.85030450973387
1.1431536583009043
2.5856876968396296
2.0005921218227614
0.5562114647844214
-0.8072295073409472
-1.9966421594580612
0.9102663741912808
0.966379065953346
0.06706145529841334
-0.8629909743648824
1.1395088902142771
1.7712376665947827
-0.6617350199112487
-2.4994672046853816
-2.954178794351555
-0.2078724825270738
0.08576955140153496
-0.15804709852983007
-5.018805613957528E-5
0.4048839382032918
0.830629355684137
0.44220101184706373
3.0955415863868687
-0.43794874858135335
2.4857959726315464
-0.13548351639141387
-1.3806854881837378
0.40899665249736233
1.5972501977142923
-0.21193079791989866
-0.27388343642455226
-1.564042000354614
-0.3553628137166692
0.45078918555715347
0.6102088882490133
0.7208766326486306
2.967576390760265
0.6826865053986158
-0.8320641856205001
1.0559822172470186
-0.41886473473778485
0.5170433327034226
3.1561203361024313
-0.3289780817558126
2.354815124387371
-2.432074192010859
-2.3879748116529163
0.5689027979803132
1.3555689315711918
0.5196633162209864
-1.844350074797563
-0.7873754588189819
0.8138177407107801
-1.5438076345135832
-1.750279081384728
1.9401250483161079
-0.17741533437194715
1.1672005559143477
-3.225782137868246
-0.7176387404491701
1.828329861877085
-3.02928915876769
0.9983217666169153
2.166346017902671
2.3608353750225577
0.9315082699594549
0.3721659088073017
0.11254001734833063
0.03909811357204601
-2.079394974117435
-1.2196910437400714
0.3836948132398682
-0.5417142653842968
-0.07135168226199719
0.18773606778273155
2.219983978529053
0.11946725638198882
2.8937519250362858
-0.9108253291585787
0.4184297485332863
0.41745865303566226
2.926709787809101
0.9486143207713587
0.6404758754171673
-0.1604950326806867
-1.348259248751516
0.9475050702034646
-1.759048500244329
-1.8258139019011133
-0.03810954098247103
2.426634848180933
-1.8409068098210037
-1.7728389206809978
-0.6134990335721761
-0.7112308635439845
1.4973324236590355
0.40037573720704966
0.2459549266557095
-0.031365592401013345
-1.030151507978068
-0.4220311452093583
1.204340276680942
1.2714941334763938
-2.8884556701589976
0.3443278716070225
-0.18186961031503457
-1.2884827534876053
-0.3211474042048215
1.93398970602035
-0.9791191108345733
-0.7397891003664824
4.863964804473348
1.461449383885992
-3.2440119251681225
-4.786458283785759
1.3639270415577167
-0.07446689150582166
-2.569798367457994
-0.7128762853248128
-1.772760880719289
-1.0264598836115302
1.1364407185144214
2.5620187822462825
-0.656628249337614
1.5858647120198117
0.7681881561945824
1.0645586986951465
-2.63611211262035
-0.834098922751284
0.011684936908971655
1.0825787898712507
-0.12801586709890836
0.3253250751932411
1.9335396886708127
-2.1314559948729297
3.253424897038223
0.9465114484839524
0.47222939311787704
1.8407229367358748
-1.4505654771847822
-0.43900088158415346
-0.82736930927716
-1.5557082144090657
2.285938722151792
1.687588538384114
-0.04368290341925747
-0.9598973317702619
0.23732774030894668
-1.810627670212708
2.745444891755484
-0.2646004647340391
-2.2930196542352324
-2.4137320034751637
2.6417295473294744
0.13703083868152965
-0.09367218204579288
0.8051188779986415
-0.12042076611984455
-0.33246602250483004
-1.8860749909800572
2.479995693985988
0.5676787548665863
1.5091101522004249
-0.16562536866955993
-1.0913006766277733
-0.37598546802696775
-0.09255154319597497
1.869404550495082
2.3389284582407015
0.6856309758510295
-0.1483552684816323
-0.331072690484025
1.7386141790006802
-0.09549403290112476
-0.616238724376175
-2.427347863791654
-0.34889040159407464
2.5601715665825697
-1.053337036076807
0.7288891250132159
-2.2860110392370476
4.110378722669616
-3.810311508951271
0.12753612213933455
-1.902196260239007
1.1312867223099201
-0.8869724978664264
0.4109438628865877
1.6198180159802247
-0.5663655653117152
0.18594591092110144
0.7268555291768478
-0.3518988909986795
-1.592705283530616
1.1712980926797647
1.4999686031507615
-1.817189288404944
-0.12886126636546896
-0.9364934805292453
-1.8260028620667679
-0.3492682530065615
0.6020344948408873
2.510632666009198
-2.603434645189018
-1.1557855880187655
-0.4005230709428951
-2.2220130668066447
-0.7646125304382576
0.023853742132390547
-0.4204906799518769
2.8658173376380143
-3.858793148196375
-1.5269160091296572
0.5897679109297309
-2.1812410817249464
-3.0681562871279278
1.0787191807795562
-0.0394419249687471
-1.6119860107897133
0.5037590470792586
-1.0894964387427237
1.4922137108992415
-1.13873173135314
-2.131060487615509
-1.096850934418232
0.5724736055155993
0.07472481564998705
-0.3163075734002764
3.7170952132494066
0.5289808787408015
-0.2959635778932594
-2.5961754095678238
2.255408794537768
-0.3151391109998306
-1.6063715110099894
-0.9950527739202086
1.9114801361769307
-2.0407773481392284
2.5507221716218855
1.416267604027285
-0.6406875731000475
-1.3201203863449802
-0.2696729091359927
-2.2594216071787683
2.689585439251199
0.26278231536681873
-0.0663666252886
1.4304539478518632
-1.6112979429136864
2.0322868361639133
-0.15886874021504524
1.4034207427051846
1.299176048171714
0.19980339990130566
1.4202610924304233
0.3261096862804908
-0.5837046502337317
1.0845162970078344
-1.9466003374948497
2.150245269167438
-3.5574869460132295
1.2794863521180557
-2.4702943657829697
0.6626004680163577
-3.8411253201159803
0.06929936269511233
-1.7933936951297966
-1.7403270267582587
0.6746094385603072
0.03475855469672393
-1.0479490672288174
0.6824621670012327
-0.8526223801361743
0.5419047988575755
-0.6180180354002
-0.43195558879407914
-1.7267276968396263
0.6405791646696863
-0.5309997710163393
-2.3155508210340137
-0.20789602225722853
0.720724441090308
-0.6121235810133081
0.46626139699120345
0.6648374795089825
-0.7033880925892896
1.2111639548845428
-1.2409500812407699
0.0735917467904113
-1.7503583650367924
-1.451328839735014
-0.012860151226864425
-0.29448622818209713
1.0369701441818753
-1.205495707491633
-1.5102694279992146
0.6046071527317058
0.045512701083353826
-1.8028661598479856
-1.9345550318083005
0.4903493425679979
2.2152265001620735
-1.7470895505063546
0.1762131019505677
-0.5201249583666855
-0.6638743248150343
-0.655123433616779
3.6010354321504456
-1.332682996460866
1.373084639689143
0.2685121681123506
1.8172043213513336
-2.7743966446783763
-1.640720587261285
1.0774424047336915
3.082102062946378
-2.6746403559690926
0.5615425559416075
-1.846458370245998
1.2964978456377532
4.055390564657479
-2.6406033243811535
-2.506444921459329
0.005997223069507069
2.696512787728878
-1.2599323912607088
-0.7749875478066341
1.183374431827928
1.199713043489333
-0.45768076065280694
-0.14251161639699417
-1.762894070787411
-0.2302784217123831
0.01951966561453536
0.7581602488147008
-2.6448961532762705
0.7952753103758036
3.3524714195772405
3.2000052620561923
2.4306154433907095
0.739709345644068
-0.40777418078359806
0.8105868415590379
0.9190714847735133
0.43701281748569665
-2.5810690845244126
-3.581253086621549
1.0627455320932704
-0.13363240665017032
-1.3733193165010107
-0.35226350889486396
1.3794622675462587
0.8207941106835372
-2.222406260559752
-0.1964997976307208
1.0596595600966423
-4.3495134977734
0.6183413452133353
-0.942308093211486
0.5193588334013668
-1.6448047406178181
1.8821758280426053
-0.6884683108575949
0.2684445125847876
-0.7653044233350638
2.7296043514261727
-0.03339292812753019
0.4030832184223902
0.9762906017543413
0.046614415431852255
1.863778356060419
4.51402963861256
-1.1928377255793774
-0.6260194513480803
1.4639924146571615
-2.296828611162247
0.5873939548793121
-4.139964370511084
-0.6608696520766625
-1.995894781593814
-0.9078428948382692
0.7390104289034561
-1.2754865418833616
-2.0867847257603547
-1.057432452784953
0.3717552794438577
1.8877901159526447
0.06126041252787667
1.30410838837173
1.5792963256114125
1.0128777376727887
2.0732961702544714
-0.38865548308510367
-0.31850607436504846
0.21925504778143332
-1.7135952766620053
-1.2474038185804166
0.5309532425781813
-1.7268478022444675
-0.5158191101993226
0.057833422084657075
0.6823919257736897
-2.220203665407754
-1.7607715740523047
1.0919689979037737
-0.5213086423642365
0.4408919157080441
2.1848071147377555
2.2804689809031546
1.1423216757843881
2.3448523818673728
0.6493997361475621
-0.11079105747093483
2.620002577518289
0.03488352573117208
-1.3824380311307134
-1.3517546551999475
-0.4738334024561403
-4.045855017389803
0.6112770977193402
1.2256336037061413
-1.7728872310973292
0.9661237400523248
1.4305180293451891
0.40546780545124594
0.8453889917928545
-0.6640798492749697
0.4012485960816099
0.3295625922784355
-0.17167063373254648
-0.3691571117173354
2.0384485101987537
-0.5691531389337378
-0.8347846766894264
-0.2139860841595105
-0.0558303951440238
-1.6373503301176795
0.6662520871914599
0.10631382086996459
1.5507897855801362
0.4385056821860599
0.38699076800034515
-1.2231193923159853
0.2830458434260711
-2.0354016875415537
0.10565764528218412
-0.7987908058773272
-0.48018842519109667
-1.9987964471342792
-1.232455392262277
-0.32363715173187985
0.9685535339646563
-0.39073144563982376
-0.6135828780511325
0.9874038002074096
1.3590544591557023
0.6004719788163365
-1.0489894413623142
-1.3576105640144793
0.26463749601944586
-0.9742979919036607
-1.1778356926323612
4.1211407924353916
0.5206654732005571
-1.46550134172704
-2.9427071759347667
2.596142157289065
0.8669620671554535
-0.34487234019256585
0.05179596081583684
-2.3633337412399364
-0.4555285731269875
0.6577657454589215
0.007433456042523635
1.3216925187820492
0.3233734013644076
0.9605129011963512
0.33947197703872917
0.48226554114421033
0.8189168242708148
-3.1964880064128467
-0.8535174116578804
2.1328515728446082
-1.7612488088095835
0.346363183221041
-1.2005121456893022
0.48966813883371596
2.0342746861634478
-0.19368621377745338
0.03934171599621298
0.1705748226039227
1.3538437610250311
0.1025109760473874
1.184244164488569
-1.5139248800651277
0.6791326222837372
-0.011873306459017382
-1.1292745879092922
0.1437327479502646
-0.27979375066280604
-3.3551521808764666
-0.396688028629171
0.5830327921996074
0.7055890812723945
-0.579979991196232
0.9865294303550844
4.831348329802962
-1.6083350299244357
-11.288754798507885
4.8892957040959475
-1.4411420324512254
-2.3954740797843455
-5.463535751451291
-1.826428093285447
2.689112956220468
7.160691876427162
-6.5324891173149044
1.632428398088226
-3.818756886967599
2.0240023098505473
8.35261445397963
-2.846490949915373
-4.201311300656015
7.688225979044672
-6.693107592096811
1.0469215990514715
6.526774726731318
-2.544218080932135
1.647733357047525
-3.4503368748775936
0.34527692923507775
1.7837529551652669
1.120407174790941
-2.356021772572566
1.5212367245610992
7.422341998880872
5.991343706477043
4.596633306414556
2.933387621912869
-0.047104951252024144
-5.98947314549892
-1.8610990262068374
-4.767262112932034
-0.9887937661382906
1.1719427902145239
9.425775042011203
-2.995143670537317
1.1437008879889214
2.1322200738971193
-4.377182290467691
3.9650642668536076
-4.08680716224575
-5.7032677309705635
1.2580872605657145
4.004262004279388
-0.5773436266995785
9.091972788478621
0.3742661463679052
-6.304869150458741
4.05638106489607
0.9731987406312544
2.3019262126195086
3.1596158931456912
0.5984794059481514
-0.03402015436528661
0.08592594392875533
2.9837339713535425
-12.193335930534172
-3.802201498212935
1.1998337250672075
3.2718826341794385
0.4413116457997198
5.205271608233329
3.7817177164349256
0.9826326804152519
3.4102507998869984
-3.12676662902803
-4.989131317079237
2.826056863803497
4.038126555419742
5.269716178015143
-0.6469442375533344
-4.815528259716856
-1.205129298927315
-0.8398910102058306
1.325393321901112
-2.0176519930110524
4.9764168427920055
10.183739067327988
3.444480823492896
-0.05692396309130904
-1.1498898499758372
1.3633172001158067
-6.491972055487952
-4.9383404962649715
0.24671849936641913
-4.154872930202577
-1.0175402906180122
-5.306945245405997
-0.620800208508691
-1.598145364983567
9.39340411515543
0.6194541435666456
2.6773052488857285
2.750073391386932
-1.1542658175589267
7.273338826656644
1.0132556797766716
-0.16268422396930324
-6.2887550052287295
2.8554291648071812
-4.268272096283718
-8.832242555710758
1.584764682696192
3.3789683275159006
4.337455543347224
-3.3352213122372514
6.59563219293159
0.9695104662425172
-0.26096452573989226
-4.5259415033447805
0.7234041997778785
0.61835000782062
1.1962913042363945
-1.5098589794209714
-2.4008874758945598
-1.9421708922817131
-0.9396922113648604
-2.0271058604477576
-3.627660850696766
-0.5358790252747325
2.7168746436889952
-5.609739638665404
-3.893974061993053
-1.6917261165197406
-1.7128582459351662
-1.3100976888686284
-0.5013644688763246
0.33361476756386355
-0.5033748138789931
-0.8342844390357655
-0.9701428981581289
-0.950789318195586
0.2790227917735752
-1.8287583958661486
-0.27764262300279796
-0.12189779234127424
-0.967269058914735
-0.8054413943297101
-1.412024646426107
0.4156233670199913
0.525051451440938
-1.2602824670719388
-0.7792226050177012
1.1131850785864017
0.47355346257130587
-0.32027454949938167
-1.120055011269127
-0.13572254707363515
-0.026129684880035493
-2.0106630581354725
0.00522415320124953
-0.5527871775278913
-0.6969685661353365
-0.6619573922770989
-0.38863871907249475
-3.958130222844335
1.8264416994666388
1.830056490333481
2.9302522755794658
-5.992716349956879
4.765762635384645
1.3429039174236272
-2.97016777208669
0.33286529138436677
-0.4520544052495527
-0.32060113284694225
-5.744524210970512
-11.726908585747283
1.1151989824239488
1.9830141194311555
2.268552498745571
-3.4809179034928546
1.9043668858186755
-0.21179570760386995
0.45823403735320223
-11.242481636717423
-3.076319254799509
1.793177979322999
-1.1917711566857434
4.226638123738707
0.2640589712462484
1.1662883174938516
2.4068726833201466
1.0555863159188725
5.931648311543307
6.0244711347739415
-8.164449343816662
-9.932763863985832
2.3845915746297477
-5.382327716767525
-1.0797453792394847
4.713951755616586
1.2447080764275624
-0.22234920972984676
-1.9044884290972954
2.0254461104275845
5.6205800278765485
-14.966308014317258
-2.897883982869276
9.159493227255803
-1.5322606453322452
-7.996283478401914
2.0508800115954515
-1.1295127784608847
-1.5389821255169935
-13.414186482073683
-10.037124888341287
0.03873648914668977
2.504440754193566
-0.015092187406223158
9.708646519105766
0.29579688560191364
-1.0279086108836344
2.796507072365323
-3.6650271407685873
1.2633828354896066
3.241799131472961
1.7417686231413978
-7.21480183795009
-0.4250128368287793
4.125035846702383
1.4927607110777097
3.2926581262891452
-12.07971386798134
3.4272099991837397
2.7385815115728995
-5.496294448419014
-0.6153602794596499
-6.319332838008354
-0.5281366277573365
-2.7203033397913323
4.328951445977146
4.3019832128928694
1.3980196078667129
5.888474159818258
-0.9871919968330225
-5.657182619702724
-1.213155523357793
3.6276050134023112
-5.983973703810322
0.6444077975947415
2.3223056803599995
-0.6516123399915371
3.2058037141061866
3.5235573572502856
5.94473394763737
-0.176763963409723
-0.133511325874061
4.807706327953234
14.38856135453197
-7.119531994634952
0.0571066105482381
-1.2835116927579269
1.816377940448269
-8.45756585921877
-4.48374283505437
-4.945267076698674
1.873984141859687
1.6572734368486683
-4.233450448700551
-4.99527856077208
1.551894553197376
-6.313950967139587
4.847405187647789
-1.7133473446853171
6.806056172858348
-8.402149606329319
4.144760709939444
-10.473782713553636
-3.5547466542929467
5.038686647981514
3.165608303339298
-2.8665773643960537
-1.9676128180659012
2.8280334385947854
0.43689526657227873
1.924996824272515
-0.8766688417318413
2.6488651558966048
1.02114829988419
3.7565808189526324
0.9201365958425952
-14.335621216438955
2.5695438940320265
-1.4386725975344643
-1.9706030115775548
-1.0735225255100584
4.495606967334034
-7.572769653953547
-0.7721563803938978
0.3769638315094117
3.904648230465961
1.6349318963357944
-6.995458900237465
2.531351946306293
7.108703212473533
4.659348972043382
0.308073699314106
-2.2657524561912243
3.813607435588416
-0.841631235218972
-11.353350446461842
6.982881677890939
8.499524051818144
1.2384157048957671
-0.05569311740991381
-5.089854189321392
-5.421590517183807
-0.20094048923341667
-3.198570264366891
-2.7007436928066912
2.8432562602325056
-1.2780487233780842
-9.347688693473987
4.990116447802158
3.6391205422807196
2.840119373076709
-10.000041783290484
-1.0855230594183136
-0.729105458960077
5.492624348510911
-4.322415632959936
0.049688892938759
4.370646452319371
5.363690432041565
-6.730258167761522
11.668698844359604
-0.029800383069064896
13.298111755909247
-4.286841622638204
-3.3391363691368587
-1.2883380649044471
-0.9387219646370905
-2.2871161750222364
-3.0822226127146948
2.116953465481509
-0.7885511507285948
4.308503327466429
-1.7532833159537833
-0.36951144084108056
-0.8215487451422631
-3.913481379274375
-0.4245494246520138
0.9352862328414073
1.7801840204542134
3.838183637308099
5.502587367206053
-1.081951628927815
1.2414011137621228
2.3581456120816346
-2.695500148479538
1.0395058204325607
-1.6039336729455789
-0.18572352135383127
-6.103060063896199
2.345337544998854
-5.703461260474005
-0.5457301415343703
6.8196610285832175
-4.025598207586961
1.7106333734472166
-3.894013817017072
-1.8235603255181383
0.059711763602125836
-4.268578042118298
-1.8354378381349976
-1.7068885803081197
-0.48318141892453687
-2.892276127087083
1.5144290243752527
-1.6417973927404528
0.669237373614759
-1.1774281574414374
-2.473406407875642
0.2511828024112695
-0.0738273805185575
-0.16046273800205194
3.4202313855958337
1.4730597892409332
-0.3356415281804892
1.473106768560798
2.3968729811501097
-3.194983067970711
-6.246169007419938
3.794815696107432
-1.9319301319364381
-12.373539774386115
-1.0921373743656544
-8.178783789858185
-0.11812358137465517
-7.423530608008384
5.480503316908907
-7.447481798241715
-5.931287630355721
5.749919205238894
-3.2323349813524613
-3.7289459946152443
8.77125036271383
-0.6443876567442074
0.9201681996864892
-2.785036977629227
-0.39057551725812284
-9.3021764332301
-0.9279827749406132
1.5386878827085524
1.3361829721348095
1.2229556311537506
-5.535136468096763
-3.126275220937442
-0.646047175141343
-2.0461066835047017
-1.3787265749176236
-4.022065471463018
6.485083177028926
-1.593129217819008
15.89508827623405
-1.3273124524583013
0.5129156132779982
-1.7996750863320825
-1.079157120567099
-4.1479302192895116
-5.444605740553016
5.952334615992833
-10.313584459083344
4.430108001759239
2.507015795866957
-3.6149387935799
0.5727427844721245
-1.2764708824640285
8.291615871757061
2.8482584607845856
-2.976275652339278
0.7607345500273726
-0.11056987402854498
-0.8332093897275707
0.966475818230432
-0.504830264956302
-2.553126002199039
-1.9019301399191813
0.26483117139281903
-3.4773342328810535
0.5250730521494139
1.2607539206951852
1.2463357713706642
-2.9627876632682386
2.8408685042647686
-5.535189945441276
1.2904211276635267
-2.4324106214623535
1.1400631632405143
-2.8028137739293824
-8.673687749668886
1.5545522843047277
2.835073298557204
4.064788942318411
-5.393865942069401
-2.8312958020253736
7.873748513950225
-8.581439347433633
2.515875953403819
-5.166685200879213
6.797899143156777
4.155636607125458
2.47758977262658
-3.4714989961753138
-1.1943782866236206
-5.200561238977011
3.7110270962023475
-1.552659700866442
-2.799718332095157
2.2045744810635246
-1.713433758257331
-0.08962783713612565
1.492209679460308
-8.484037291953825
-2.571245886783633
-3.529560292137567
1.6388686627359916
1.678637649399997
-8.638236493475437
-5.551078124162198
3.384677705436402
7.785605130809095
-2.515657731252279
-2.1366448286631443
14.936457327661268
-4.736750878398943
-1.1064304962042575
-13.127769798421468
7.675597951198119
-2.4691553576239205
-3.188645036776067
1.5336090664914734
-14.92275423958545
-1.0120499931620046
-1.1713477485841384
0.08613347577004885
-5.35227724486247
1.5679759503469555
-1.8087984646832154
-1.1335882747698753
-2.1622273962135448
2.8446867118562014
-0.9601754873766173
-0.7694096249876988
-3.2636822329837454
-0.8848390221360153
0.517451240593465
1.962098401013895
-5.881137151121199
-1.5491082583433662
-0.37661734538182834
-1.9211125019449296
0.8021199602986221
0.49436857208654217
0.32736387211473494
-0.8836105306829745
0.9685513933687285
-1.6057151712855429
-3.6134261651137662
0.7857246657770571
0.5700511640711562
-1.2767493982658233
-0.3446121545387818
1.2746990198616202
2.336252543842622
0.9106862478451216
1.601055307065264
5.657956177400575
2.0888612691879205
-1.1644694769957307
-1.7057182775552484
-2.4620882118934007
3.497932646259388
2.0999083444623143
-7.111346862420058
1.220349070605734
5.5365037336422365
1.9003032360503351
4.009058447642969
2.7693747884596265
3.961904426516338
-1.4760685885973535
0.695453603670759
-1.7897031712920637
-2.7253133796903097
-4.262327791351062
1.9052706060719709
0.1174414710949825
-0.5511017755724406
0.8862431690489654
-1.740239801790773
-6.155376646915378
-4.234731327324283
6.919940337587262
0.49373171929586346
-2.7926371397405947
4.536657581797605
-4.9378700181495185
-3.30124809225047
0.1121092654826078
-0.9821216238943719
-8.678936540954542
-0.34044876633901267
-1.1619744465212736
-0.3369636166514753
-3.0322793142751165
-11.048273084540153
1.7987609473937725
1.918530949674989
-1.4814889326696339
-2.845459526608133
8.577630446438285
-0.8013182355102163
0.569876220592083
-1.444250271921701
-1.696585019914672
1.4511092963463512
-4.277512926668691
-1.9480652729824774
-3.701295118209395
-1.2716129884788845
0.8432061261130762
1.1795091410118754
-6.872865176954332
1.9929036223111447
18.12748405628484
2.1301847300553916
-1.4567045692194514
-1.3542636271287292
-5.8192357901692136
2.7975333874767068
-0.2244518469138171
-2.215570280597345
-4.8548445373523865
2.6303233530345076
0.739274638209463
0.11155777674048196
0.5313622764805291
3.6312688134471576
2.1801561714977193
9.612773516045404
-3.718799889436513
0.17674379216356448
8.401305614792605
-10.864713222529502
-1.9988567958051258
3.7408294758624687
0.4554066388767149
-1.678218687231245
0.5232383920816795
-2.2328518522709144
2.186319915646382
-0.011379171583810943
-2.0170651603773995
0.4633598398191872
0.5884368699196166
-8.71234033122952
-1.1852283014265312
1.421511582964263
1.5423643759621135
-3.4938475316543682
2.0982114569433348
-1.4240861428472904
-3.6698170554779614
-1.4351667847979168
3.5859117293068903
-3.13181242303354
-2.1309801013702816
-2.4596643982577477
-3.0355437350099264
-8.839754101046204
-1.9360121061503939
10.217715593098749
-1.18504850318076
-1.6102746312782372
2.7965722750189537
-3.1727754734806397
-1.4002735391077112
-1.4733516549860408
-1.062005602544551
1.8204977885441993
-7.044981116967141
1.2127730423444154
1.5959359105277646
0.7981026303246581
-0.9174266789697838
-0.7869377038958966
5.355929640363286
-1.8494019659228993
-9.349437418098486
-0.321748573884788
1.2364938713882205
-1.0553556136457813
2.74307813963772
-5.407628612067124
-5.916342823520711
-0.7044956759621042
2.192059398656637
-1.2228766077416027
-4.835720827043551
-3.181422169847432
0.9424711063631105
4.486600848938189
-2.86766352728659
-0.9617851162912823
-5.919747132084772
-0.08502626410659818
-3.5066476568812255
4.400976825992552
1.3955473918266992
0.5110333241485469
2.5697371723108438
0.8839755184955893
4.313216046752139
0.09382979088794982
1.1890017553734042
-0.5406980437035463
1.870834566427898
0.28545207318148774
-2.7025163189313326
-3.1167505286168526
6.065737262454535
1.0494444319924616
-0.8465468475612814
1.6670922855694688
0.19870086465616577
7.2353708210817675
2.020385193846429
0.42249691511347476
5.693697422981282
0.08794684749237286
1.9038250310816733
2.1812810277762544
0.8426602016999768
2.000787664306543
2.7326705874636232
-7.9895605029771914
-5.678435207616718
1.511243731196953
6.317347742181234
-5.375363774722914
-0.5310286838214334
5.8438215866427425
1.4091285474385413
-3.6624255937048993
4.252686433727413
0.5802719349109103
1.4668632010749187
0.12609282090415716
-0.009746331578727473
0.3620631650895763
3.85731402592809
-1.4703198169011336
-1.418920910862919
0.0550431084387082
-1.94481674550245
-0.7226054069978319
3.1439249361155115
4.203199289877052
-2.9977230448266785
-0.7054202610707746
6.736765348434997
-5.120364224102099
7.914494119481194
-0.24698526711958102
4.728184351485902
0.5242489310373976
0.04999156756883276
0.45730343209868174
-2.993552309770449
-3.18746462995223
0.4489512111271674
-4.379471922302562
1.5574109315264362
-1.9442564804341627
0.2722173324776487
1.5056122839556332
2.059255239285134
-4.755050656865572
-0.41851098483482324
-0.6414297614023309
0.042287277814394494
-0.6366223609383418
0.0032672276765114724
-1.5645425823845314
3.8998912637382555
1.7047287208060324
-1.1210362575691095
1.727293120988998
2.492349500176707
-12.38187616573329
3.529242292923124
0.024850757127878733
4.3959742871415415
-1.8117860433911073
-10.763507987746499
2.828778755541561
-3.250139998892795
-1.1745302310074186
1.5135816987554644
2.0135746775300816
0.5298814026796738
0.12872016152713228
1.6874439137703363
10.652485140026297
1.4641873897742324
1.800161535384755
-0.5951738124111724
1.2354042643611174
-0.4990351819268369
-0.3718530503941452
0.7802660433383694
-0.6174832695338196
-3.6628836211973437
0.8947701290636211
-3.3016051154048163
9.122490194930032
-7.750792559368332
-5.532256201649467
0.2976586926910535
1.6319114519891849
-1.640801483117372
-0.7233385324140829
3.350818399610219
-1.0690558271615136
7.685722962399287
-2.5240975738496387
-6.815135289302784
0.15516985409161302
-0.85076177437924
-3.4160063879301794
-1.999245635936833
-0.1953948129466895
3.5528127490688
-1.785243849884399
2.9598566196340124
-0.11996701560766052
-1.3747806215924427
-0.3114932292456076
0.45153638007850794
0.15409175031709976
-4.512397648779538
-0.46685868902855304
-1.291069491372231
0.11499123042170604
-1.5986352621731301
0.2991513287017172
-1.2717533092904096
1.312826877832699
-4.746031836397397
3.735237796081048
0.2620066019732165
4.136730530958824
-9.72155178610731
17.64635193269387
6.946446947412528
-0.8347129973665532
-3.6900977923429754
-4.282674749415413
-2.424237244697623
-0.14233309046429943
-4.170933233242121
-0.18791908177836966
-0.4763594504908949
-6.973797286094456
0.17348988744230795
1.659351737636053
-6.57477359089854
7.338356152849157
3.624327516422598
-0.1674710050110743
-1.477375241663239
-1.4508096428125197
-0.7664470125354099
0.26749895529498846
-3.9449410718253595
-0.18951493792026236
3.1502266057233115
-2.0916544794547187
-2.384447093257622
-6.0197768445677955
-1.814393561045067
0.15873932923445033
1.2499210825971923
9.308011440739175
-5.69289191716633
-9.45679450744494
5.450597765156331
2.8092789248228995
-5.936562038774072
-2.7575631967729635
-5.512129863567315
-3.0280475084982523
-6.1897738584205015
7.659024107732097
1.4963252458984004
1.3166542158249626
-2.3546069681801907
0.5698060983400165
-3.8087309947671906
-18.668032296763666
0.32233490657818664
3.4675030654013557
4.204941837451016
-1.025546480933091
2.071101160645412
-1.0832171369003334
0.6543149391629896
1.0725636116316353
-0.697977421389178
-1.551275052844609
1.7753856105755674
-4.398868353704202
-9.72036726779147
0.6689139656316716
-1.9513443659499317
0.9915890492268618
-4.878295637341462
5.425117249584688
9.484355893880112
-1.0147772245004507
-5.679022702395404
-0.7272905476896188
9.599876599110923
3.104760361037824
2.4053444070313748
2.7402358989631574
1.43406742837586
-3.095494759773226
-1.8320079589071714
-1.763218301664952
-10.395861392303878
-3.0877782315064164
1.778602207139284
0.14571237823068478
-0.16960694364317036
1.785788783181979
-3.061027335090369
-0.7430406167852223
-2.2387152684265783
-0.816424625440675
0.34625455330730454
2.363683124050223
13.716064887237634
1.1437944041887873
-3.3622453955659743
-0.5575159410114209
0.1314434024696434
-1.8074622107409801
1.0454380665178025
-4.641833952448981
1.313854017629942
2.5032409150296533
4.770049462532112
-0.4521528445105184
0.9321716277664254
1.7064801449012763
-0.31143916575703956
2.3109907871272903
-1.8691662074107107
-6.300122189050172
-0.5401851624722342
-2.41187184899369
3.1737847286868033
-0.578807538628827
-0.7439812430726316
0.07780895451900362
1.9427707278942243
0.7847552842489877
-4.579062505068897
0.5784617134027621
-1.4565449767894054
1.5590248317400415
-0.9083238809988061
2.224599062259987
-5.426999283322478
-0.23626632809049083
7.29364850662407
-0.5997461838104503
-3.413840561396572
1.055240644207278
-6.067924736939064
-3.190617402554136
-3.358093771279638
-0.9708890666445326
1.2788402023833143
4.550346227016628
9.260283508641006
-0.18327278809746939
5.528662969227109
-9.408749322822267
2.0217800502889975
6.5613184799645445
-7.642227997424038
-0.6649336434869237
3.686294326583142
-1.8865721099204302
0.6748967728927887
-0.7508931612600572
-2.5751114965804907
0.9857138921323506
-6.767429692284455
-2.896508670036145
0.3384124494053573
1.0230190796219822
1.3824048501190929
-0.760569055329671
9.891210992900028
-2.1963388444068204
1.0386711450958772
-6.451581448006557
3.6366661026116898
0.9223329002847035
2.6959567522871923
-1.2142252711373338
8.972356160201873
1.660188138008243
6.815988937008184
-4.796492137908445
0.992567890207165
1.084426917529294
3.2777633813293194
8.615203521846864
-2.1880158562093404
5.400279897345714
1.5629425437750488
0.7347195752844234
-0.5260455052142143
-6.838818093529006
-4.590870112389841
-3.7880544804060508
3.671495627128407
0.4337911541060599
3.1059111390738723
0.6310524174131527
0.5228274327502442
-0.5620228288348359
0.13691900400382742
2.446401925100832
4.683832051421027
9.626612714032088
-2.6725366451822627
5.246206463384611
-0.2343296817439196
-2.2415740495749543
0.34151109363374244
-7.439782166838008
2.0701406524930714
0.3416027184177085
-2.7991635147998513
-1.8449522347052825
7.117937221162892
-0.5438618911582854
6.827094225240211
14.974421511361282
2.066018546013107
-1.9629261614416649
-8.150293245882802
-2.0496259241064667
2.678675529276564
-1.621537541099685
3.9928311962604375
0.029813103805167475
-1.529179515599301
-0.5283253227324277
-2.0378689422836107
0.2686679651788537
0.14924573191998028
-0.8522034630072182
1.023900768276585
-0.2932215371114047
6.82669547961484
-0.08798841099270252
4.131704158033272
0.27705367809465115
0.04300363470612968
-0.028568938394028416
0.8410913459551309
2.429313603045822
1.071097677655725
-1.3443711717867093
0.12808914321717016
0.43603528380992473
-0.08665381258287978
0.6251162449472085
-0.4827128991974264
-0.6213980709289686
-1.9173357993468754
2.6985500264273172
-3.023461773480064
2.980479812572324
1.525405546855151
1.4801381803708786
1.9983913844014454
3.775368687835162
0.8677820489588929
1.1462584149604014
-1.0399690472450465
-1.8528802763517256
-0.6391260363280625
-2.7288440569456514
-1.199587406209937
-1.8777500752123264
0.6317637322176128
3.8128716779710037
-3.325910857252715
0.9102980468421106
-1.9535036447301353
-3.465503424652969
-3.3389554042817973
-0.7535335110587241
-1.3536711556823477
-0.2522981003686446
0.9013433811404693
0.33829081898126406
-0.20532118018033504
-3.4421960297188035
-0.16649489601138054
-1.8944376646588175
-0.3453527356697378
-0.17808623289353842
-1.001261354981819
0.3770207519106609
-1.2698805708198568
-0.6537685740836505
2.3851818225891215
-0.5238257447777178
-1.6416221086198637
2.746629694317166
-0.14877961495096673
-1.691161164308971
2.311993932669327
0.17468278050098393
0.7878038729189143
-1.664520641279176
-2.4533263588308634
0.939495478177402
-1.9440995784467774
0.41771746855136893
-0.5330178189538441
-0.14028741332626748
1.1966771303052184
-0.5418796654020497
0.8571684991383454
0.660249791892656
-1.3630317087526307
0.0580567553521406
0.5358271516831172
2.0293640661990864
-2.3356828500735554
-0.9920736397651727
0.4128131295648126
-0.7960511815656637
0.4758075695528978
3.1075438695931585
0.5997467316406229
-0.6178795619493439
4.494029826335419
-0.6747208009101483
0.3646217985627799
1.4240680782828286
1.1051919874415947
-1.5220779486837503
-1.3833187073124456
-1.1162501337423711
1.6536161065471753
0.029841432761808943
-0.37006506903549663
1.7853369462965107
0.13887371524811104
0.51177228332651
0.05428700870518339
1.4720842203039621
1.512738563660378
1.4980882435607321
2.6012781811362204
-0.7791299426937279
-0.48661206579685734
-1.8697287530662603
-0.13049777892307238
0.22694709632844096
-1.7046178213570624
-0.6473840889933115
2.94650887637758
1.7012888704762132
2.807500756723466
0.5397484003238524
0.7386267206228165
2.2461803629857915
1.1231162421234278
-1.5644702388970246
-2.578029947550439
-1.1878089659902442
-2.3146812255269604
-0.008588160297977751
-2.3152629683402965
1.1378134837757476
-1.9653117460743537
1.8543345175383479
-0.8601433808962969
3.0417371095122845
-0.19902504277980404
-2.211539863165282
0.7967298522653234
3.635664893204062
-1.1538449888003246
-3.717385611193277
-2.942119301372924
-3.1533164301992835
-1.2918499122939198
0.5830210175285564
-0.4737599098833602
-0.5522018789414365
-0.6293879956366292
-1.3542858703269376
-1.4964539739430531
2.5558742979611893
0.24813573323371468
-1.534358164642979
-1.513366584723104
1.0043905728240716
-1.1899476706236
-3.2996569044118775
0.047879265019310085
-1.392815603410212
-0.8575745420150271
1.9371670193627917
-0.5416652717494038
2.916609148367843
-1.6147871512229555
0.2717359586513546
-1.8221939273993901
-0.09101408394741993
1.2197896159555839
-0.0018395695474807455
-2.100362788655752
2.242728743359527
1.821049821450067
-1.9928293381287185
1.933825238574809
1.44321194176495
1.9819126194515346
-0.5619880305331574
-0.9836505628677912
3.367905728253016
-3.936775194338409
-2.9793574405898897
0.829065116376779
-1.1550161733213338
-0.867089962147158
0.22346145126812217
-0.2687310793636256
0.07893129429311543
-2.39015308990616
2.2381287220492663
-0.9894970769482789
0.6477533510351947
-2.9012220572701954
-0.46329343260567535
1.7305293044665695
-0.38023202846085086
0.39553324010789226
-1.0148860431937778
0.9248867747765921
0.2986406172862473
0.033983921055462454
1.8132518753933662
-1.6908615998681338
-4.269094525442925
-0.968312113211642
1.9730947818160711
-0.37069037776210234
1.0943763747161996
-1.0431299938021181
-1.265170876470353
-0.5309029530319607
1.6994262553620392
2.7280030610615458
1.0641356329689278
-0.5164207459361616
-3.2325784658880083
1.1274682528933513
-1.3918165405157485
-0.012129751549126294
-1.0774722292463952
0.8692184522396912
1.4969852271247692
0.020517342782048326
-1.0752613376103686
0.8452506896450669
1.1807746281175024
0.577239953580694
-0.5618292931887842
-1.0041633193285213
-0.7005311566361605
0.6810387075146003
-0.3972219887439583
-0.15101262741681024
-0.4660323958498747
0.18779668569996927
0.41468452590565
0.761688222591558
-0.2601576392221376
1.5763764954993862
0.13921032129890717
-0.8373857409110662
-0.3457436108235784
0.9505923821600666
-0.3135509185369368
-0.43956563011563876
-0.6278167758995654
1.6212320187400293
0.1684442890650335
-1.3200330553832194
0.27085562853414347
3.847049418230154
2.6016118832855675
-1.3914224717797576
-1.0378685826527199
-1.688151157628902
-2.173573004764133
-1.8413616570167906
1.4633469312001626
-1.289945340642411
0.004205479912040137
-1.5329409835034773
0.2616588786949635
-2.3140516524364445
3.189126756368453
-3.124889250438148
1.5799712221703432
-0.464966591517935
0.5951300575252079
-1.9686656577705144
3.295810593999473
-1.5379502527464213
-1.1315405547782753
1.0057811738253657
1.455163966453492
-2.8569341648527367
0.48489666183005736
0.22797069889018373
-3.08670278188059
-1.4935158311274894
0.18310434236401565
0.2202150010377206
2.3984457313308005
0.6040396832794157
1.0354983865363179
-1.0734298136306133
0.03675682431791139
-0.13087766627175543
0.712099774455059
1.091226894476133
0.4403457211603817
0.9215483658851276
-1.4613944651575603
-1.2225279235464985
-0.8916144344318273
-2.880800276104922
-0.5188046298535379
-1.5170790098971059
0.49079389420981506
-1.1876926853399972
-2.4964544142917617
0.2603052764051606
4.3918780960888855
0.9006931550203695
0.6582042735024294
0.5763844676753693
1.5228377114309293
-2.109983066149194
2.305407725811605
-1.1036510367230785
0.08877548426621497
2.2781661852810453
-1.8346218682886435
0.8980361945006051
-0.8035288279302417
0.07223281439306371
-0.5270146174488188
0.9850509892234431
0.03550493657411306
-0.5552006350159018
-0.13183275554636703
1.4749715474557974
3.341213976564123
2.065026901639503
1.2558800957087122
0.29953768789947577
-0.07990881275604825
-1.6413614672533205
-2.6708453272637227
2.008008293901178
0.850801561511643
1.2553968038985939
0.6915248344306415
1.139747335642474
-0.7518414344955385
-1.3413342960786026
-2.167229679741411
1.6934811970575876
-1.1555028022396059
0.9882582014998098
-3.5745697426879386
2.917819368196971
0.8497742824159857
-3.848465452588928
-0.1225608319857773
-2.6090783096416614
2.316355166001776
0.5420358580647834
0.08892269911727785
3.2995002843146626
-1.5361440365521921
-2.135699870168058
0.9641558205733727
-0.9449064071625463
0.37865205203812397
2.078435007249552
-0.15850964086957464
-0.22093477390137062
-0.7320543498086404
-1.6979856145117695
-2.0849149594563516
0.6457762123338466
0.11416254328844759
-0.2759908966019904
-1.707717928661863
1.611813972352963
2.1504037704933925
-1.6638200077999288
1.3686576620739304
0.930189983673383
-2.8379350852800895
-0.33771291482888116
-3.719832880602924
-2.398591909552398
0.8260406083155152
-0.6558066053279423
-1.9813834536542194
-2.0750114846395014
5.133693039699261
-2.798735773818434
-0.1744605861263586
0.1236916332924211
-1.7712583139101208
1.252957699386459
-1.0652274716617633
1.0171485139934413
1.7397292957433677
-2.0560649522490686
-1.0496633110308473
0.07623862259532851
-0.3369808818358415
1.3760569076752758
-2.0997730101527377
0.29201061971757253
-0.8318606036720756
0.7345512172610679
-0.30404246484965153
1.9623083285812812
-1.1215272731226549
1.6093456134045578
1.0147132164547168
0.07076839899782103
0.4296591982207902
-2.414355271564061
-2.35600786487
-1.4051000463596288
-1.3472781370481055
-3.8122406228021117
0.18986882462612206
-2.8316024938759883
-1.5620845218249781
1.471924953733187
-0.484673022604194
-1.080753038544904
-0.6801737865380554
0.7827176532942249
0.3217774768783814
0.5278333064005809
-1.1635067103977113
-0.9320232024982356
2.4774651268983114
0.31547794737817286
2.331371324614199
0.12357200328393421
-1.3470206762517123
1.1964618212763891
0.3385912646185864
-0.015004599332485656
2.5641458471084237
0.3979057370232909
-0.04033867375451551
0.21755216490765264
0.3277878672947086
-1.2934137190903654
2.96583066498439
0.4148984817640629
-1.9316793557509515
1.759213717820341
1.5199278772374438
-1.274007234653088
2.45397901265982
1.8992384655803944
-2.539118019806282
-0.9006413035314573
0.22225444414567092
-1.0050239066788418
-0.2301053128135226
-1.647299349897246
-0.3921728620721947
0.9794283132685353
-0.22513273297525427
1.6138475452617151
0.2850825685053233
-0.0980148114583576
-0.0036127026932507044
-0.5690050916609605
-2.121821909749648
0.02761182981556588
0.4099586045842624
-0.36692617473165084
-0.8908449160843512
-0.3689234249947162
-0.3455845100392785
-1.356205920202823
1.8665583247390274
-1.0860590642275996
0.5314451366042511
1.3090396970823126
0.2367553494840732
1.506090716501617
-1.2659787615920195
-1.2837619780037013
0.7874887605506754
-0.5149563073902925
0.8837755566861172
0.824436715830363
1.601672517539757
0.46246413810116194
0.6247910253557653
-1.1445267552005853
1.0402031884987817
0.17347168847287794
0.9455834222842094
0.6671051701236533
1.9054763763789693
-1.7401851197646252
1.0687563397629511
1.8629466774831063
-0.6563914034186574
0.12318701018169691
0.5669768256935915
0.27599645360666
0.27986248005994774
-0.4486324983464133
-0.012305253293641927
0.5823072760117773
-1.1663627589527747
-0.40255377678693477
3.030262165641464
-0.0071211364963154845
0.15246203313003956
-1.28719440711061
0.5648658475710032
0.43315550333721586
-0.26843402829229895
1.0486698403275405
-3.0495691745667495
2.158627794073512
-1.60505606667769
2.6174611751720556
-1.445031624468153
-1.7054212582512867
1.542338574850449
2.0448972104445393
1.6756265532697903
2.2967504098229763
0.5530001850925859
1.0687852276798557
-2.518823342195856
-3.5238217094399453
-2.5069212932483182
-1.0933321133205396
1.3131454220239553
-0.021540673501484017
2.790459951628387
1.3724210821774387
-0.816752284761246
-0.4396769053152025
-1.9755893324845697
0.1606007426150999
-2.524980898270044
3.23193296852941
0.5488793349441311
1.9270065034452863
-1.0051989091230538
0.08203610398516385
-0.14470728592334509
-0.3013299541823937
-0.5913048679788673
-0.39588487660331373
-0.9805203145315812
1.2137660037259415
0.6705152313437776
0.6046282197569228
1.8719518023639499
-1.4811941797167867
-0.4691356873275575
0.434850030183131
1.8421786559047977
-0.4302276473357086
-1.135098487088664
-1.1410216546984426
0.002309938146463147
-1.8083431185857355
