1.4674480067024875
-2.5408534515591272
9.499959197480628
-5.375392526825334
12.515094152637717
4.082552021562827
-3.853129974047259
9.437789291528322
-4.2606973700450546
4.950065137547608
-8.562573728987239
9.089646563606046
8.973108556773678
3.697327849808058
-13.44320746457766
1.745971231968886
-10.636004510950146
10.189681914107902
9.757574925717986
-4.511062277938632
-0.5137237770365186
-3.8832024664282323
2.825430202148557
-9.971797005859134
8.959926908892328
-15.01361156169497
-9.942601368742126
1.7559390843623086
-3.764532557423126
-1.35994961968053
0.4171680677700864
9.255845619809412
5.658796348694721
-10.365241931532658
7.057776482049342
-2.327585925929287
2.5213488531617
1.5819091754524586
8.874247394308455
8.812877015697653
-0.430252410291594
4.580899762783343
-4.919100571506467
7.15733638806852
11.078482358536155
3.9934570296335865
3.065322325108472
2.465652047044883
-11.003543806779572
10.977310438857597
4.106967383961222
0.21835739216882769
-0.27877335076894094
-3.32181353857782
-2.211564408348388
-8.22358444921635
1.1819803190027016
-9.858299323954075
-6.384700240453858
-2.690182729211295
-2.6661420862639154
3.041446173103898
-3.0082661481849984
2.8103064881598154
-8.363446650024251
0.40349937844553174
13.95579910381808
6.270227593873896
-1.4694202868156059
-6.690802497760164
-2.2288510305538543
1.5583387907887405
-2.4028515602409013
-10.234691870349609
-11.104479361462294
-2.2111867389289244
-10.037809827769333
12.46576137168999
0.9796467077949964
-7.094556834674088
11.70471359509937
-6.251537529388079
-2.054506708419458
2.8408944381418975
-0.5495547432617256
-3.7560769092350657
11.93102242968137
-2.863505705460819
-1.4553248397455094
-2.0781110381078056
3.581216645698486
-5.025964478532166
5.82531995545268
-5.818881885921886
4.549376500576314
2.052778336001808
0.6443078428993972
10.758087903029963
-0.08624168752832397
-4.411981653296265
-7.8267742785876235
4.481740893507284
-1.5606861003575385
-7.97560646901234
2.7099513732709215
4.213788192464081
1.705317526523217
-3.1208215357926443
-5.385543266541557
13.255101568177722
2.735718890750801
3.1166363903856964
-12.456700914381598
-12.369047250932164
-16.132649548735916
2.2889538552730686
1.6673594647053718
-9.5967686517534
-0.9226208031819668
-8.000701253819924
1.346785289610532
2.104810263294974
4.910103252182987
8.580520999442285
3.385588131781858
12.703538504638
5.621398399026272
-4.167788200982764
9.873834715686687
3.753025330069352
2.6668098144938734
-0.4439625114400866
9.922606368287768
-8.571631877560272
-0.5470266846336862
-8.379385595713314
-1.2928977217933868
2.462073419343891
2.594708207773348
-7.163374984090735
4.8288238916810595
-4.424657479093985
-12.239426397228213
0.5259030819374734
-0.9959326521297023
-6.862871100591146
4.364193455276631
5.374755682918777
-0.6854698002203384
1.2012439644730686
1.4422753877922798
-3.0194802372712006
-8.205922468765932
-0.6331034053316057
5.501656264900234
-9.230610481768517
-4.369112070884817
8.37829956676833
2.103563421500337
-7.734690052093011
-1.086192908908768
0.5696208180120254
-3.694701699886171
0.5649439412778551
4.684157927489543
-4.433052862465478
4.368929104148001
7.643302516947429
-2.0757559713388893
1.552593039161297
-6.061078746249256
0.05295170378225594
3.791213397698233
1.1149152766334214
-2.3631754974103463
4.3739276634227
1.471942443050984
-4.940359795500286
1.1942289820252956
2.191578898740005
4.523658783178182
1.7871386285561932
5.734942029220467
-6.1161250512079635
-0.2100600304001525
5.299636279165821
3.322650381602155
8.789160707504431
5.064875489089433
5.223855660316547
1.6459672839348438
1.515346238872708
-1.8595280147684
1.895873506360534
5.2676191399693115
-7.244849462380198
-0.6749786888442321
6.498583878726828
9.207791866812709
-4.473898283123526
-5.158029521422718
-16.613112033506226
2.720421068509475
-4.366504690339954
-3.7212712852869108
-10.127798092130012
-7.538592407946414
3.7347691263979477
6.487751144465675
-1.8598781606984127
-13.89400743605722
6.444568202700418
6.156927480032438
0.2374215234429688
-0.7193171699998129
0.5870681919754307
-4.230319739532314
9.121182382105207
8.50845156652721
-0.35204275123180534
5.65028796565539
2.7620518492621886
-6.738309814916874
-1.701933771254735
1.2641323139223595
10.565089826618507
-0.6580689932902678
5.691342844128066
7.728426988559593
6.136464028998254
-11.873306847946605
-1.1580156626768803
-3.073572285325181
6.552136261300323
-10.491389961636786
1.9203767800643012
-4.62141828763473
-5.774579437912376
-6.852566297914428
-1.9800492661021385
-0.5088682816473351
-7.824126194050002
12.245758330149991
0.7777382396951876
4.381274772940064
11.721550806924558
-6.379725995789787
0.9373446902312913
7.489728572375026
-0.8745521578779976
0.15712120262599752
-9.788764422055392
-1.675901130242371
-9.53438143662766
-2.8891738270569847
-13.864763842545342
-3.891142191149593
0.6599253320000066
8.62692355381018
-7.7164579860933555
8.851498895171433
0.80050315686333
-2.965777031012516
2.0163212272334388
1.8577972547459074
5.8708743303744875
5.403547042198043
-4.095885239722478
4.028286598652849
-0.23598781171587108
1.3300495460136903
6.737281289522738
-10.634470067923115
-2.9611398635607897
-0.1673532699626647
-9.300610179571375
-6.198403655030039
-8.507868079567428
-11.238261343726618
-7.987094116296307
-1.4150844873578994
7.058576517879798
-6.716318022559632
6.441742969696922
-10.907386188921107
2.987450949384398
-2.5774534306398516
0.26729930096562465
2.137642564667261
-0.9770519053185742
-14.954156137314646
-1.3749746568444443
-3.894762240480332
-3.0216241616824155
-8.17183711180322
-7.402436186242486
16.942667602332403
2.8446465803740586
1.0917115896569536
-0.9751687254942821
8.325540835537025
3.7013184307058506
-11.261425466810465
-3.463172373797887
-9.223443073817773
-2.688840914365097
1.7711733221079204
-0.8339283892388094
1.8594815404842981
-11.655339472739772
-2.6167068228640096
-3.9321280337815385
-0.5424104383641747
-1.9498306562610133
-4.759489939958302
5.639752568802387
-2.7949229877522743
0.6167918790969891
2.457027162471907
-2.2315713813805944
11.807986021670281
-3.1136279128787274
-6.448877323010682
-9.377044251989338
7.537741595033307
1.0911623688962702
-8.09324927164629
-4.528867646659762
-1.7169230201799581
2.925955219283306
-4.533502417662617
-5.259272261767515
4.985929411556143
13.457469027080673
-2.8579439026597
-12.393225973190926
2.0753761388979277
1.5604638093886378
-17.489115380615228
2.181755534603289
4.823036370744464
-9.90109722091736
1.4211971895315108
7.767090111199321
1.5623673137680296
-5.903934781841031
5.183411067919916
0.5681121156973805
-4.530891652587882
4.162815318417271
3.0265662916936362
7.7179078652731254
-11.982257202040538
2.2112042717109897
-5.991547491937601
3.689216451721115
-3.1192064985437904
3.669915466854072
1.6887110471885898
-1.7916980035860675
10.372394448565622
1.4275809404882234
4.937401819880479
0.4302869214005844
2.0880907552519075
1.9046572926174512
14.676970216327796
2.230000268823432
-7.6326811693296355
1.3716259242684177
-8.40958906467434
6.367490949637304
-2.4453506335170405
-8.378173896127409
-7.060727315637076
3.5146684440971017
-4.716391385236216
4.952768920304642
-10.89226833618346
3.1705492079401623
-8.284486080988906
9.75786013236136
6.446398459870184
-6.676244567076187
-0.7155102283889837
-3.739049619708254
1.8256286413737197
4.3555740529029725
6.914563685836831
-10.814215625063467
-1.3947936057955876
-7.924968449002409
-0.6325089887045919
-4.620616847397955
-2.9798280449008536
3.1137598782537395
4.158986701090941
8.334443772082583
0.9059748072578246
8.325636234755821
-12.23203527126516
-12.450254456840415
-1.2082776920749607
-2.9369789912232522
8.484415630211931
0.9499434770945997
-10.144215482160865
-0.45393417433873395
-0.4800476833083089
-6.4911504397099
2.82581715798759
-1.2943159335193186
-2.096922452177281
-7.055151081280751
-0.7355098328762553
2.956327310917659
-1.4796923332012801
-9.757322637444707
-9.207790441657739
-5.499527656916939
-7.563743247156029
-3.597894216308268
-2.1608238300006164
0.5325342489467491
3.834608299728576
-3.820226979573856
-2.3709466550101768
2.52758461239511
7.055037801173805
-6.451315164267742
-9.402600979878458E-4
-7.500490966000238
-4.505290497264451
0.42573332743449377
-6.848453705601814
7.640492703336738
5.1037578816997256
0.7348499930003043
4.444586047516602
-0.5407600740522351
5.207874522630854
-1.8993636639025266
-0.7756016434441384
3.8879425143433974
-5.644342570265673
1.5456234814248144
-0.488125657825459
7.252099009503676
-9.399777636163638
1.958072497890997
-2.2486042302519325
9.348658713104998
8.339967466355057
4.234209633303836
3.183895798574633
0.8273606774010835
-2.735277623557036
-6.459907388412626
6.0509927741316725
-0.7166727186351386
-7.973078616488275
0.28007228841665394
8.437313817701858
4.312701980936996
0.6223059511178757
2.4042631210582672
4.38745971044644
11.45244402888105
7.383313568273175
7.437135898454413
-8.71111169817914
0.0797217124993107
8.977776553622627
-10.44724774419907
-2.2573726477619047
-6.303045899860092
-5.215133917373845
-4.473719133058986
-6.56503517035563
-4.260153486429913
-1.9233725714798355
-2.0700625667000367
-1.7127209353094868
6.265278566936567
-2.6419781573324697
-7.216547341376162
-0.22641098128163142
-1.8301506461547332
2.0032436871506127
-3.2026156954244396
-4.0883061684197815
0.17523495470381445
-0.5569703136918973
-5.584152212050913
6.695392321244865
3.2309156112861324
-6.373911374766468
5.836641069473704
-2.034354154722533
-1.3208256806855796
-4.652345072109868
-2.6334649738538443
-1.3063272827323988
-3.3115666160615906
6.539035018401599
1.141376986022263
3.0452061869225635
-1.1773563806534657
-4.414641381672335
-6.228187977618494
-3.735613073698433
0.3688831057889577
-4.4136429200479945
-3.003805691020983
-6.752757652496673
-0.23711739364954218
2.2585048563804997
-1.6140462989437467
-10.058058130826732
-1.0965087932864686
-4.129570948391965
-0.42526775819818813
9.990876942302227
-1.0021120421168304
-8.298850670995499
-2.904264638675519
-0.6735206704455804
-5.426408890045189
