-7.953647790861615
-2.085263051454958
3.038011774878879
6.930000718783084
-10.604392200622954
-4.315367833000253
-0.6981281090813429
-0.9635575190737896
-23.8206588381054
2.0470756689202347
0.9192725338267883
-6.825248911116123
2.4705873277363772
-3.755472097357686
6.398184714056251
7.067016170037903
0.5900157038794849
-4.302692068883114
7.390845263795245
-15.108967194107276
-10.33683266427596
6.043781487096653
0.7390804039449925
-0.15120990926180408
0.7060616937502497
5.254222352879153
8.99920783693938
-0.5016281300094856
-3.0963927008024204
-0.49415794938365504
-6.69477854221067
-0.43572745093748716
-4.704293169765513
-1.1400189103605325
-8.432251868374205
2.8269703279426937
5.7235949115532225
3.3556059792142694
3.74186365471136
1.127978780089308
-2.8965807329887636
3.536665168798044
-19.506831239681564
-5.694286823851376
-5.359563827461068
8.880629973781451
-26.012281821415286
0.5917686640092892
2.551172569122619
-14.53093236423586
13.345518163461524
-5.482446910644921
-17.31585301097595
0.6594687273332959
-3.2520059883221646
0.7433255643064104
3.6958796240381586
-3.8429903974364215
0.022826459513257347
-3.914394474049901
0.04324996300464427
-8.278207827555248
-4.849706236304032
-0.33911539400625273
-0.3703692907731302
-7.845234709481422
1.5731294465043426
5.473683253296165
-11.543055064578597
0.37029469696443695
3.9246887256669383
-4.192956477061085
5.731784659136425
3.5424553567911743
4.48390209899632
10.85344611838087
14.80693621945754
-8.079310306338076
-9.463701551530765
-6.591399693524024
-5.194041276667136
18.31766023208394
-24.46609047588149
9.318809123433159
25.55027613553051
2.4903765585929194
-2.5019839454849646
-0.5845604349095349
4.456750479068224
-5.388436759077923
2.841765769230753
13.009888259456515
-0.8342404166745157
4.203193150247998
1.7445318907075433
0.5386928991444606
-6.6543603355428695
-5.9188232135951955
-4.175969139729009
-4.976668008495221
-14.025891748734203
-5.125229326178082
1.738098362292736
-3.255619782917066
14.665107546498788
3.1264498221331305
-2.643129767537851
-21.50921132376863
17.4353532011092
1.4052529199030375
-7.618175196853954
4.434889999253681
-0.9625691835080903
10.282365713068105
-6.76363217751234
-12.904222322508081
-12.308583599794275
-1.6470533554342146
-3.4865784050889017
1.8791762479911116
0.8774415067008675
-8.562842550434038
-4.993690968896623
15.97750365561899
-2.0277655683335447
-2.9785650733588143
-3.5059750105619365
1.2908435390000954
1.45484220054757
3.620319270089921
-0.2327247707153023
5.347873566501368
7.787795227315286
16.619226742731257
-0.32915879552993194
2.1479563086199693
-2.9101959669022617
2.4287047426161688
-1.1233246885185424
-2.4400845419752897
-14.652880972604967
10.289490180444636
-14.35921138906097
-8.968190295183458
5.9587479874184615
-1.7476932774423242
-1.50404438331713
-1.7092707451561415
0.8577992649086243
-35.63616453315947
3.9629321819711754
-1.700265034165546
-2.246035112831559
-4.703014098990938
-3.1777156835440645
6.947309187935969
1.2333062171511773
0.2840321158761824
-5.0768079298927224
-0.5292773526369999
-1.0188549245149083
3.689782234515128
7.278536435495044
-0.09449508125757197
6.230971067612535
0.1388049489910617
-1.1784627105967849
0.21602091173560364
0.1870276016849916
1.1101790497370416
0.8312819203510606
-6.335279943539608
13.699481687412085
-6.116460676351928
-13.548671280765971
-0.3663360663211901
0.7760134828478533
5.12080098478296
-14.076739802039908
-3.108300338221967
2.1894484069081472
-4.404282529789911
-1.7880995997962772
1.031010542834738
1.7546468931691286
-0.7023811666910791
-2.7767848289404045
8.275138230492647
-0.10004274043838148
7.264961998435486
0.09926414031097561
0.4545864762181876
2.363547074015415
-5.681747140819975
-9.532446439304964
4.896172282460618
14.954828130851418
12.349750642142011
7.743231373511718
-4.837444057601555
6.3994373590136115
-5.0405684928044625
4.915056510291037
10.472996130604525
17.406755523029304
10.70528331366503
-9.441342907642255
-12.95001022378565
-7.313528335717848
-9.903166097606265
1.6519741571214275
20.47653364467326
0.3879113802173809
-18.490945443437585
-1.1031198704702205
-0.25376006497500103
3.7369225754188347
-6.548564380767274
3.8877049296808988
-15.81571864121475
-0.619878910985772
-11.117451162845942
0.4209679420296655
0.28476268302193186
1.5935888953578574
0.08799354626559008
0.8992944278684757
0.8962221224361488
0.6903396508511775
1.580943501838038
0.43999228228084863
-0.13383296749763043
1.3712826591324085
1.1659550590277823
1.7580810382391425
1.3369285584317494
-0.9970827390650836
-0.23100612056235534
0.6794965958869321
2.2567643491173515
-0.5390983197334298
-0.02901902671678899
-0.12755733373805841
1.4542463528447869
0.1308745935125369
1.6243617078096133
0.778128764654378
1.8985210754885056
-2.266986050187864
-0.9189820274981869
0.17700907933397567
1.2995208460372685
0.959485200767531
-1.0011601837521509
1.2054706282640515
1.0714924331107354
-4.918502342211034
-19.73299972680235
-10.110760182534014
0.24371382616359052
-17.992695922415166
-6.421788655442501
5.6628841775724625
-4.1802909696854424
4.085994565039888
-0.19918646157398212
1.1557771215672303
-0.5837619820206815
8.037312489429906
-15.938199653671283
-2.4477033122997267
3.2849666668219086
-0.6755569960372182
1.4432750893402388
17.62204589501552
0.7930839080478865
3.531966687673614
12.231848363133333
-2.7792818239460275
-0.40932724010960814
-1.7015072122100874
-0.7297474869304723
-1.1702613126445112
11.995753360579444
0.6105248711497895
-3.0039482727553026
-9.693555287276185
-0.2173345786676371
0.8597647248036383
4.339689651401086
6.946398615602186
3.6774076310682333
8.474747741158398
-3.6356861179195694
-1.9631089564525632
3.7486508953089017
-21.04952562943273
-1.3712040175615245
-4.343078991803449
4.009646293700743
-1.4674065514821233
-15.520982727431274
-20.114231295389676
1.122897349815125
6.020833424084428
-2.5334080923474054
-1.448991771215337
-0.8490237560196917
2.501425203088812
2.93129556365797
-0.1364749520390778
0.8088525220059565
4.450851193183417
10.658543113805282
2.9988387108608254
-5.31531143596483
-2.1328802352762093
5.0867917945838235
0.96058592480741
0.06091044418188785
-6.295063637978994
0.6003980316131073
3.780785108133577
-10.420544797997868
-8.380759703150254
-11.42098680526275
-4.754427259085229
2.0488732483586727
-3.7982743906646843
-1.251420845825954
1.0388264880536404
-9.564660731298137
16.573472233048932
-7.0115376524295945
0.8453725646894263
17.41994454193993
2.9332432810895885
-0.7144014332750906
-4.602281258320352
-14.258772949989027
-13.622613330309257
22.216795682073787
-2.1554926434517747
-0.23682064917765488
1.9562595438317862
11.261568578723615
-0.9954937109071423
7.6795334014151155
-2.2942705080562815
1.975968490730192
-0.9305966435207847
2.0112949854544935
-4.7407087249502675
-8.835467066384112
-20.77413636569666
4.076712501196508
-7.750796279687249
7.864632516493699
13.52241826688712
-3.4586056381993244
3.8503125391636064
1.8738770984841302
-10.055701796508888
0.34050085163761273
7.920277551387424
7.643503240763879
-3.5005914563703713
-0.90913561683852
-0.12546332607896235
-10.088277588735204
17.387403863506243
-1.5231938818439061
-14.805446501024958
-6.26344131080631
-2.663286570577623
1.3229044750255488
1.4109648145154425
-3.3467221634120983
0.35947410098194715
-1.4532155300445357
-1.7533036157719275
-18.38640837187607
-10.153579497678582
-0.46803142594513764
0.6680739242555762
5.669421535263315
8.502643998793442
-4.258009231125586
10.433644004227737
-4.2947035840275865
6.051021546875433
3.8224824772105195
-28.391808614544253
-7.326981783636773
12.637613721919662
6.532528268582125
10.672336618719216
-12.17155255474303
-17.616836111949866
0.9049813290816136
5.009133932465929
-0.9240934130127015
-6.559094388434366
-1.2753817894896669
10.930366314702587
7.845422791916494
-2.402871578548797
-0.9829675411695703
1.9875158636173031
8.176916956054795
-2.5695562673567927
-2.163608279985372
1.135145324312713
5.722049255065237
2.2788098059835002
1.2641840370955675
0.27261532661709753
2.6419559303462807
2.5436112926153567
-11.855082850187275
-0.9096417025022603
-1.2272626854319981
-1.765619074943632
-1.5880984174575248
-0.7721409977138984
-2.661838290294535
3.87054279153303
18.596247698158987
-5.99132662157318
-6.238310088950924
-2.43999832387261
-4.607131618403667
-3.038013355243788
3.417449337046929
-19.268818935284386
8.706042836435115
22.052572762789165
-0.5865636941276802
2.4724494462299798
2.7982229797567246
0.42423879154437943
-0.20340613134589502
-7.071687570919022
-0.8045762679016462
3.439796911214126
-0.2162818395463425
-2.976793726763405
-1.6663621086182046
1.004554624048391
2.563558389413104
0.7693708424175297
0.37325860567042773
3.7227781740123
-4.7567887885571745
-0.2512854951322385
1.8671465646770036
21.674094971284113
-2.4926774580499016
-16.035466247876776
-2.3843674405922264
-24.342524671266354
-1.093851723397974
-19.067789114880206
3.320166943554898
-0.10213678803009874
-7.884536727373798
7.840073009414823
13.097493114210426
1.3089674024521845
9.878617389027205
-1.6386914994159125
-0.2668695807411578
0.4125173599675951
0.07505462255155425
-0.1547158386023532
-15.829520795862768
-0.3987882628572672
-2.873794256766893
-0.14910299418646805
-1.807291497440464
0.5528141054081668
6.09714972330886
-2.5741312307557203
9.342412014039022
9.583171634089672
4.1908895120209175
-2.660000939221744
4.949438606091987
-4.645216730895652
-4.6394953783609205
-1.0239890203178648
-0.8598169976154088
-2.40090374589641
6.90486992579033
7.3206524758765585
5.467266882918135
4.701539704587319
-7.7044868799334
20.454810820902644
1.411001448559963
-9.004122655150006
2.554839316528329
0.9464570852619539
0.03303550989322509
-1.678242912079305
5.754711011832913
5.205535847641269
-4.4469120512284315
-0.13260803354174602
7.35655823935924
2.1734147016525727
0.3462389115742868
-3.2238733362477077
-0.25884053403084584
-4.727486603196416
-2.15003441260703
4.601632244914808
-1.7818665663752054
-4.179137282668529
0.48986923103972874
-5.996677750541056
3.544834612926364
-1.0885175372594824
-5.91760823327108
0.6599827666867875
-3.0433182256578695
-0.2779050443292747
3.5907808919504474
-6.845996588266099
2.9009445316973546
0.9277173792339993
8.037632559379007
-10.603022360493073
-4.315367294764276
-0.6979567571843673
0.14402847483420037
-31.465179037364507
3.154713495576535
0.9239815432807194
-12.975144366773769
-10.10548883700594
-2.64777005415953
3.3190732776123952
7.065861401165127
1.678836497812018
-4.302691740115029
8.498544657888337
-15.108971164451086
-10.423282601476515
3.568503039678331
0.7391407290402843
-0.15743936486546245
2.6450257871281577
5.254727385815472
0.6009289112736169
2.915698776332075
-3.0920933335542258
6.840164615334142
-5.587226866291329
-0.429128325024887
-5.347525650770935
8.289090351088417
-4.973240574904114
2.1842944767735317
5.7236087409832015
3.355606659463395
3.7417942327703284
0.4859536320481774
-8.812473230550262
2.893968139590539
-19.506831164374244
-9.878587030936934
-1.052589493347223
8.238088437713888
-37.504738425704225
0.5891963151970259
1.9302892178188753
-14.53093428244613
12.702853395744237
-5.4707753249089315
-21.15570121686156
-0.867690286681411
-3.2520265400602555
0.7430122823099041
9.222502301743612
-3.842226706672228
-2.1662861147931802
1.7170773396520103
0.04538860278207109
-15.461420365380615
-5.492235584387659
-0.3419396050414482
0.003073042889579066
-12.84755942465149
1.8154755872792205
5.846871602999275
-11.543055064549803
0.37029457050251696
3.9247067593828793
-3.82014804148427
10.15132335973911
3.9156695065405414
4.483348482667626
15.294210849306344
14.547780893607401
-7.706099688024874
-17.714485104467407
-6.58835273715474
-4.862771707683143
18.31766116642725
-24.092853764216407
9.32232508962259
32.57201727273329
-0.4509867443803698
-2.502011893404976
-0.5821785789344605
2.3133761820856695
-5.388483790682473
-0.9109560271646873
16.787887749619816
-0.84353774636551
3.1372469033310164
2.117869746262313
0.5461222576613913
-8.013254755590552
-5.691476603033366
-1.8207396206549868
-6.335641834433399
-14.025891747178871
-5.125230240028972
1.738302906378575
-4.614093760429889
23.921323543457227
1.7674760220413552
-2.6431297674948655
-24.03093737171491
19.166604369099908
0.04627971971874516
-3.370535896482126
4.433356343544372
-2.185369088201711
10.28236466344944
-8.120599749100352
-12.904128368634046
-14.262807618402967
-0.377902320377292
-3.4865809410861255
1.873518013548517
0.5136590524895555
-8.562832815492413
-9.64979378788595
22.686192229018523
-2.0277985138579577
-7.927028989846277
-4.864922419078106
1.2865896916519326
1.3207039310078013
4.100801635268876
-4.102130906345429
5.213710598816704
7.7753607673592535
16.61922728589674
-0.3288314445761207
2.0137915404171713
-7.529743448284578
2.294557285617975
-1.1224242260880102
0.9017146850386244
-15.020445233980194
10.155336800258826
-11.815381894478907
-8.967851124244138
6.576167213481118
-1.7476933194909305
-1.6379187969447553
-3.434066436576304
6.839302460450483
-43.91096796276416
3.9624550345125584
-1.6984299796775535
0.8970919565163218
-4.703011986695705
-17.39805286720003
5.494248690621636
1.2327601137614446
-2.6119414736915587
-5.210974216066999
-0.5312505871443219
-3.7899568102739676
0.5003670290132969
11.938461559943498
-2.8658014774736014
6.230925581819219
0.1388049429078758
-1.1786861531503072
-2.556510019254198
4.4482306811395205
-1.6611129309938473
0.8312805103479031
-11.291223161711745
17.015591332941007
-8.887769504723678
-12.116998084529104
-0.3663870538235095
-1.9284536811436221
5.120802011574741
-16.848111283932667
-3.2322326407599684
-7.971967508307243
-0.8789259365948903
-1.7881080139489192
1.0333865916719032
0.5909629012416391
-0.702414489964374
-2.99430461980251
10.576148061209299
-0.10004756188500889
23.067291575945642
-2.6720902562097333
0.45056631698616456
4.366053042913956
-2.0788589459750333
-6.179263919321895
6.8985492692755
14.954778556139484
12.349750330766001
7.743398730417078
-2.8355292682812285
7.647232004414846
-3.0381864021173794
4.915065812084428
7.414504044354995
13.503396772450408
12.707669283459447
-22.512884289974664
-12.9502140037825
-5.211343587160108
-9.903164810524151
3.6491799942241534
20.492636251923024
-0.6567143803560685
-21.437389883990868
-1.1032063772699703
-0.24461399012306237
1.4954048429954947
-6.548572208299721
14.497780547485933
-11.633059572522724
-0.6212609762611613
-21.771221407067298
2.42340990709633
0.2840192518452828
2.131197388209864
-4.457592915848777
0.8875036283915555
1.4332284640560164
0.6865047227136495
1.5809434732351726
0.43998858669638097
0.4036232029133058
3.2707097250186803
1.7034163326300495
1.757469067376164
1.8293341725646959
1.9883755671104948
0.30647059223603895
2.434904366547586
2.2563865165364834
-0.007392610436347764
-0.029019504467164003
0.41074410595804417
1.478824856142507
-1.402650797073625
0.3080141022825688
0.7781153332992109
1.8987611376939604
-2.942702220674219
-0.9191021061505865
1.3856495402935773
2.255970521148425
0.9411284040785451
-1.2229861941190094
1.7430089875573702
1.0687108034460842
-7.57616088786001
-19.79244509280102
-1.7397553461898785
-2.4140074915137455
-17.99269592241542
-6.421792338913934
5.662914240185239
-6.83667802640409
2.082522939043492
-2.856910618797234
1.155775707855052
3.535660437599145
12.239791884291664
-18.595923572511712
-4.051012396362798
3.2842024176443863
-3.361837911766291
1.443275080741712
14.97071023652071
0.06766993438039955
11.014122619213856
10.967069060419359
-2.77928544168117
-0.41775197421728244
1.5149390744399094
-0.7297460611903659
1.7469614894078829
30.137815369363498
0.6111704872733728
2.2865431725338734
-12.351105758309089
-0.21235351817933368
-1.3412885505650802
3.7422294828524154
5.78245881184572
1.4775919435282017
8.474106113949697
-3.6356863364921232
-1.9631789325226923
1.5484975988074954
-27.80601010243425
-3.5711067522875655
-4.343078234063068
0.22803136503976534
0.20855660167764614
-17.72075734115125
-25.766445280057187
1.124291665138118
3.8001112697436112
-2.5334066122355896
-3.6531300752662883
-0.8341789913604867
5.81473691356836
6.200523104341069
-0.13648346569826186
0.8041370998349718
10.573793082356598
10.65857445991652
-5.39312499751699
-3.0282811658515203
-2.1330225979122805
8.906673804231582
-1.238898260139277
0.06598144348863441
-8.013800425759754
0.45135247757749836
0.4937460241698829
-12.139443845755002
-8.380568560784349
-11.420986805498494
-4.75447905067748
0.3294729850101979
-4.44386182355194
-2.9703075927336733
1.0387838520016643
-17.128155524262624
19.77478979189346
-8.730424839892882
3.7048164672809656
17.419918984345813
1.2461372588346775
-0.714399028365388
-6.319860467245236
-14.258758618771042
-23.032434868764707
29.4119796469281
-2.1555909226905703
-0.238653800856501
-2.5781938044968444
11.261544059352987
8.150379909623139
15.887584507214365
-2.2947645285637885
3.8021491719782747
-2.649300048633843
2.010806962202364
-4.139515154454353
-8.840059887970117
-24.634996493185287
4.677704316169318
-7.750794121304081
7.864631694255114
13.52258879296926
-2.8566968830659785
-3.0593633166212433
2.4748679108856106
-10.055701790741734
-1.380304918810659
12.909664415741405
8.244495055744109
0.9180245025082353
-0.9094116343998961
0.46532562146810785
-10.088277642323106
17.988384741554224
-1.2938948144758031
-12.220578904074221
-3.7539458110744572
-2.6633282120877513
1.3236282784781754
2.228333428820845
-3.3467221571262713
2.941834088523408
-1.1304202730895418
-1.7529573866169676
-21.73753049703328
-9.552508285847514
-0.4684495201304816
0.17883571251469976
0.021385897369669792
8.983591138168794
-4.747417526204962
10.433645355056205
-4.2947035842896435
6.051002726474425
3.3323795476383387
-24.255741281258146
-7.816259758093097
12.637203710795852
-1.6756921093560078
22.58906739911905
-12.660838965677568
-16.625916718124163
0.9065997868848505
6.252192880130527
-0.9240915012192703
-7.048045061537889
-3.8439835671449702
15.60564237264964
0.13034488884452222
-2.402877946214982
-0.9815140840356864
-1.7978601145290722
8.176816338850832
2.227059671889512
-8.782757938847347
1.1334391155360708
6.917340972186902
1.7895863355223087
1.2652622226823929
-0.30841823381201766
2.641649212034363
1.9644722618048829
-12.43611644577023
-0.9096417025032779
-1.2272626854319981
-1.765619074943639
-2.169131768536447
-1.354248320274461
-3.2428718507142755
3.870542790000041
18.015214282661073
-6.032631914868052
-6.819343649381042
-2.4400341319178462
-4.60713161816538
-3.10847443938549
3.4174493370469117
-19.851174702433063
8.123105852249791
21.471582134317195
-0.9683810847828913
2.472449446193336
2.7982178335610226
-0.012340313069761888
-0.20340613135268046
-7.093369259533334
-0.804089762728677
3.439795778198976
-0.7253520577551588
-3.5578272871927585
-1.6663644200029835
-0.7927031211827068
2.7477022928381656
-1.0746027933385887
-1.4237738219016343
3.722804883200283
-4.756788933541533
-0.251921032572863
0.06978180980405531
32.98764257050775
-4.2899212832652776
-16.03546728075394
-5.235718551127125
-30.883272065237225
-2.890856644185695
-17.808993090250127
3.3199443843632253
-1.7008163967258758
-7.884535887886723
6.04283453605221
12.854802314089854
1.485190994572876
11.808972540404683
-1.6389958734213643
-0.2637992464817233
5.773776680657586
0.07519144338949058
-3.756920312237156
-13.763456471634491
-0.39691011926343994
-7.071590920693285
-1.94581260945582
-1.8063691254246046
0.5528141036778568
6.0971497233087
-2.574131232444949
9.34241201230867
9.583171634089672
4.1908895120209175
-2.660000939221744
4.949438604361611
-4.645216732607406
-4.639495380091314
-1.0239890203178648
-0.8598169994270473
-2.400903747606754
6.904869924059937
7.32065247587449
5.467266882918135
4.701539702685362
-7.7044868799334
20.45481081944814
1.4110014487389162
-9.004122656894323
2.554839316304414
0.9464570852619539
0.033035509893224124
-1.6782429139914152
5.754711011832913
5.205535847638004
-4.4469120526485195
-0.13260803354174616
7.356558239003985
2.1734146999222204
0.34623891157410275
-2.116171285219144
-0.9013840714676759
-4.3542735234868575
-3.5090082126981312
4.467478864976033
-4.553174371633515
-2.176751293777945
1.027345973930432
-8.654401910189414
1.345060689019983
-2.807404057520592
-5.3166164182919875
0.17069780935086254
-3.624351786087223
-2.0749099649587213
3.590780890220095
-6.411571237591576
0.448779495724608
5.839619227898601
7.130975334055687
-10.604390729705887
-4.315366129218849
0.8727627945635468
-0.762981447549463
-30.531054729355546
2.248065246054566
0.9194215886713248
-14.914721257484848
-4.2361359855013525
-3.6391427422473313
7.786901410463203
7.0677885968763094
0.9835845420503944
-4.302681102231668
7.591832520488734
-15.108968222293987
-8.966853256437037
2.88858959861447
0.739142678750502
-0.1531642389571987
0.8445002498122753
5.254232413698299
7.0288036723499046
0.7005986251836983
-3.0960572627291967
0.25275319709313454
-6.494310444771765
-0.4400484910254714
-3.7782632067608284
4.3903099082330215
-7.021069684296006
3.8817733135973764
5.723594913553486
3.355609181172767
4.755391029392011
2.1840684882196353
-11.762905727934132
4.591456231454276
-19.506831241851298
-5.125191331439267
-3.756302751873412
10.644507352878131
-35.25162557381116
0.5906800950733143
3.405563739241817
-14.53093465922415
14.400322260340493
-5.473069564152136
-20.11161602076287
-0.6974419723864815
-3.252022548584968
0.7421826417296847
4.77600351171498
-3.842846325793034
-2.665473465747905
5.668692205128011
0.04364057367515083
-19.070246694945695
-3.7949032963606224
-0.34656499267288743
-0.4439455262944915
-19.237934882098415
4.260650891457867
5.400251026035207
-11.543055095107604
0.37029354208810367
3.3006609945307517
-4.26644207510922
6.314677142329807
3.4691810298833095
4.48382713690736
17.058587951213106
21.27272709096762
-9.279062086813706
-11.984738738917581
-6.59004332822522
-4.499724345047019
18.317663065517063
-24.539366728914548
9.317302602061606
33.4166926073233
-5.9260055724589735
-2.501998932925511
-0.5826563003062313
3.890336401332701
-5.388496997663407
-7.284543729415715
18.391414898994533
-0.8639950477143096
2.2599700916712835
1.6712955366364217
0.5378502117330968
-6.603528499379808
-5.871883835254926
-4.231655597175639
-4.469099174413852
-14.025891748734207
-5.12522923221733
1.8888608332361028
-2.74768387134354
8.495590519518812
3.634018750242315
-2.643129767216134
-30.091134797868506
18.98433146023186
3.0324064513945075
-10.825879993026192
4.434872605811089
-0.5636889191619884
10.282357119239682
-6.255730589730577
-12.904483574382741
-9.46305169889358
-2.2919667728245967
-3.4865837998657847
1.8803066754591693
0.807125279014388
-8.562837067110644
-4.285795220568084
27.622823333098484
-2.0277269871017527
-6.003881069120737
-2.998690686426097
1.292053651162934
2.9280769254395778
4.192714924119378
-2.147238135986697
6.836996413609206
7.786883608100432
16.619238043632965
2.4363144033548845
3.6375276187209415
-5.942541501175727
3.917830849675615
-1.1232842090027333
1.9683690741697517
-20.308614865918692
11.77861586683335
-12.09001926566842
-8.968159406970647
6.950064263276693
-1.7476932703902293
-0.014264871084697924
-1.7085275860427744
-1.7495881223764542
-41.90263836876394
3.962864978582068
-1.6989091404284318
-0.8485040936037539
-4.703014640283939
-9.705432121650562
10.245921586004892
1.233131633485677
2.489867112728002
-3.5877117805498018
-0.5433275460819652
-2.3172677199288136
1.6962033799940102
17.92178570726359
-0.9371566499009514
6.23097321577698
0.13880483458557655
-1.2008740924246122
-0.6283538518929279
-2.388245998393625
0.2674808504750161
0.8312804024456175
-2.969014989681695
13.883376499709733
-6.960153364452536
-13.459800948170722
-0.3657760776101179
-0.05524405052459788
5.1208009850782545
-14.919405417660274
-3.108118494479785
4.127946642879285
-4.013161600544378
-1.7881137283436137
1.0337906507238916
5.441238390775201
-0.7023732142833764
-3.2577553979539253
7.843119868037844
-0.0962504449457407
11.539767392428324
-0.7436067410823809
0.45516989309055333
-0.20764813431851892
-7.243635689179142
-4.955255614339161
2.3248033054271966
14.954828109953041
12.349668700118336
8.043986654524709
-7.409184793967094
7.007347669492911
-7.6119174100708165
4.915059578722604
15.99529727634344
16.92503206248241
8.133920786594624
-11.692662720121373
-12.950032824485296
-9.059688530607628
-9.903166096376252
-0.9166950067142363
20.47616461341816
-0.7203719744585184
-18.287087663522197
-1.1031625695831193
-0.2525249151202489
1.02932982079958
-6.548564651914638
11.463302382481167
-19.400085552113026
-0.6207488621003099
-10.92003834733535
-2.150329673728603
0.27075734689100106
2.310435088180653
-0.5709633559572755
-2.2690467433576034
1.4504951360924199
0.6902730030048818
1.5809417220734707
0.4758046691520026
0.4204007307377643
2.7342112149149234
1.7202291741110338
1.7580630394641366
3.313590428537992
-2.9048067482203463
0.1497428025029311
1.8777930760722967
2.2568072640403347
0.1841416156546295
-0.02901991044227341
0.42640805154548117
1.454254782305012
0.6454783945612518
4.734120696322287
0.7781022669764174
1.8996359559640261
-1.7255361102840283
-0.918991326266865
-1.509116518166235
-0.7415180985240545
0.9595019532133807
-2.0838795348973957
1.7597601538383854
1.0728680468757372
-4.616722743753162
-19.75346350474675
-13.570603348749568
-0.19670050738737305
-17.992695922415166
-6.421790842537649
4.783184444846574
-4.6208533538738905
-0.06125410847818942
-0.6396035149998202
1.1557770612606761
13.005993947301132
1.1999273931994963
-16.09987275103209
1.9356664431291466
3.2845951206902737
-1.4585964657591826
1.4432710632124057
17.177903990225524
0.7900350645097063
3.405847263318806
15.250626223004597
-2.7792835598825216
-0.40988481390056836
-7.817408562539698
-0.7297474471789445
-2.2568944574375256
27.618668831842655
0.6104069139461603
-4.993335491528997
-10.13371646704644
-0.21532225806961303
1.5167513799814398
10.536476143108397
4.987497353668427
3.8263556131949152
8.474745184104036
-3.635686602219491
-1.5515009491104566
3.897117652118506
-19.568957912676947
-1.2221394907137941
-4.34302904200507
8.647349410869126
-0.5780638119777013
-15.422783015595463
-31.138994980148176
1.1235696902418715
5.732656936486687
-2.5333975110911573
-1.299727905857295
-0.849585655530441
3.106014735564642
-0.15799520491417607
-0.1364886035663227
0.8077684828097144
4.593171288676678
10.658531857329415
6.021837085207394
-12.004515154108748
-2.133452775807505
2.210165188866557
1.1096007324479904
0.058043353646415705
-7.5546439813955475
-5.131148378135648
-3.55336346894213
-12.317688289539616
-8.380759725861472
-11.420986805262979
-4.639750527942156
0.1519824178759958
-3.9700383433894024
-3.1485720828781814
1.038826533314961
-14.50291471606567
24.3217934001922
-8.908691016737741
4.0650941216999605
17.420169385319035
1.7068304103147998
-0.7144001617002665
-6.498451236631647
-14.2619098017812
-19.932075893457306
31.17887658283521
-2.1554723732193617
-0.23064430964104626
-0.7720929187168061
11.261562550642907
-0.4709730824976049
13.6943680632727
-2.29461758090321
7.364234786009104
-2.82749146833399
2.0096938351970155
-5.612211188026323
-9.102178434151641
-22.03732960112625
3.3778498093062113
-7.750802173715477
7.864633876627177
13.550532409443642
-4.157278657836667
4.466926807508154
1.1750144092601225
-10.055698977117546
1.01023706814314
20.61395523745751
6.944640549780329
-2.6265205703140904
-0.9091579399499768
-0.9468126002140189
-10.088277582636467
16.68852400162752
-1.521898024230611
-13.902874903425957
-14.233989309768782
-2.6633796522512556
1.3240193900984627
0.07620888329034632
-3.346722164040393
5.503307278455243
-6.85515818947346
-1.7528700456859212
-23.75835065113977
-10.852201206077387
-0.4688419027119501
2.3362850205361645
1.286066612463864
4.357076026375588
-2.6675218290498472
10.433648950090987
-4.294703817246074
5.575939802139001
5.4117559328702525
-33.0659245895286
-5.736434796997328
12.63760997273252
-4.073256444880895
4.131643663931587
-10.593157971064011
-25.75916695125296
0.905024169651197
6.052313530922743
-0.9240921716065224
-4.967167501103549
-1.2753819030959113
11.414470477193879
3.609502280738394
-2.402891794569226
-0.9813677861795204
3.623355576278916
8.1769367079183
-2.8908388633394546
0.24536734595516016
1.1346632345812975
13.000211731384242
3.8695876830211144
1.2596958385644559
0.26617745338485793
2.5938203167926974
2.53665448653366
-11.861522047294828
-0.9096417025022603
-1.2272626854319981
-1.7656189076908322
-1.5945365828550662
-0.7512483326842689
-2.6682761635213885
3.8705427922716398
18.58981196784384
-5.986549716213204
-6.244747962183819
-2.4484151173294246
-4.607131588211412
-3.0444203646510513
3.417449337052211
-19.277604352285636
8.706042836525453
22.046166912500432
-0.6093343983900575
2.472449443289261
2.7982236866355783
0.4178001370069838
-0.20340613134585084
-7.071646192571721
-0.7829504727219521
3.4397098964454518
-0.22955295668244094
-2.9832315999957335
-1.666366590492536
-0.007752379235044757
5.237553259143481
3.6119596717774174
0.7784036625408595
3.7227780820571392
-4.756781825522718
-0.8638391648203373
2.2727365453528314
28.53991482692502
-2.0874665384927864
-16.035466099752366
-7.235291268442263
-22.797944188088763
-0.7063158918104386
-38.14683547891568
3.320901285812804
-0.3123034921719902
-7.884538027481004
8.245688704218134
13.09771187107314
-1.8053578376236963
9.320560697319902
-1.6391373422800217
-0.2666918345278996
1.4702534654934079
0.07507682773939224
3.2013660923912397
-12.771254938676558
-0.39888796136186727
-6.711576037990944
0.2558143239157928
-1.807306824743329
0.5528141058844653
6.097149723308856
-2.574131230254767
9.34241201451609
9.583171634089672
4.1908895120209175
-2.66000093934317
4.9494386065686395
-4.645216730416092
-4.639495377884267
-1.0239890203178648
-0.8598169975463771
-2.4009037457482254
6.904869926266984
7.320652475878052
5.467266882918135
4.701539705198866
-7.7044868799334
20.45481082138002
1.411001448559963
-9.00412265467651
2.554839316430552
0.9464570852619539
0.03303550989322615
-1.678242911602936
5.754711011832913
5.205535847478375
-4.446912050634172
-0.13260803354174602
7.356558239362009
2.1734147021290875
0.34623891157427167
-3.0228749669928408
0.7959627047881926
-4.800760957321748
-1.6424654844980044
6.090757932556216
-2.624554193369186
-6.750499809338488
1.0441401159116168
-6.437094803966152
3.693899654369984
-2.985669189386547
-6.616470925214651
2.2505342695465
-3.049756098890198
0.12730763553103913
3.590780892426962
1.3154240599515823
-2.205615318615691
-3.0430281917498765
0.5721829131168835
0.37808094228873973
0.34228357036883994
0.5697952330026034
0.6089860344757724
-1.373815022323856
-1.517062504654685
-1.7357004318788674
-0.8367551001346869
2.904486229216793
1.9273405754788278
-3.06007056266129
1.523893605600747
-1.0967664732662077
2.1233472007746363
-1.8543408310422262
1.826118154157683
-0.24350333093917095
2.9610444403004856
1.0425274112952123
0.9208763517283399
-2.1036996849691056
-1.9246351117283205
0.8750612519855016
0.44227255075264327
2.4971868784393023
-1.5454072918821136
0.9439248837582153
1.4414052628400496
-2.1857231793343113
0.26417260023474576
-1.3120220553606827
0.9950397124294981
-2.1151076025082647
0.7946621011111836
1.34974887197846
2.4329661798279507
2.281607296065547
2.8547219470000877
-0.6200012419347602
0.2061917755422611
-0.7116441639768825
0.39351076067174035
-0.20861442927316073
-0.24121652195776322
0.6647219268180647
1.3397734973836142
0.22091855418603407
2.1589052526882964
-0.19383006402334368
-0.48844647953015935
-0.9459992281722455
-0.09357533576581038
0.9458431306952929
0.7002748585305189
1.6668978386715365
0.9719454630781029
-1.743876994816571
-0.9035580255515958
-0.7108240137555281
-0.8239101507091996
-0.7091059618509516
1.9939802206732276
-0.3945913590108489
-0.35665812526224405
3.205760457589758
0.6401098661824589
-2.458929337332425
0.38281261925519483
1.2179925628729547
-2.6604630931935063
1.5763604488170284
2.081952889845243
-5.102729250854298
-2.102065148630362
1.1298908365742477
0.14699838540428428
2.9057001715006034
2.2594291155373223
-1.1570165852831253
-2.6904433803560655
-1.0241742671264633
-1.11651792579076
0.980399582909931
0.37383245632482826
-0.1848008760125489
-2.5882031334851385
-1.775918494327226
0.7902179381277012
1.2027744822077862
-0.2327053136032385
-1.1340705504030626
1.3637113191922718
0.04713885095612021
-0.06386399357013842
-1.9780836732628266
0.7743999824413699
1.9487725590172857
-0.03219194100662836
-1.677756297368098
0.03194959472349047
1.0563724822634928
-1.8542432365747106
1.9807803968902142
-0.9544673867481036
-0.1921275889478693
-3.813629464159898
1.4032210022467104
-0.6293509033090826
2.4969455370433757
-0.4363230559097926
-1.0180400000882557
0.4778747105517518
-1.0160428394856307
1.1013252219647895
0.9550927727829674
1.1855953459448834
0.9233179229809917
-0.8361869297473663
-0.20202843188323868
-1.839880081428449
2.940944119342184
0.012668778774077195
-1.1924678471894543
1.689154068254556
-0.5145227303681639
-3.364356772059554
-1.0645737560833932
0.5918251080479896
1.243341071500007
-2.588995900052543
-0.8378956492599784
-0.2607853924528918
-3.5592283292605162
-3.428647727597516
-0.4886364834748734
1.698090075924867
1.5719186805528358
-3.7230103366603364
0.25311618501431327
-2.3556135095470436
0.5210180703873154
0.713110276337522
0.38122779236679843
0.4130615280598377
-0.0827883553402364
2.3333265430150054
-1.6467563781487569
1.9336397512955923
-0.9659449353759766
-1.7566474038601931
-0.19160419577921758
1.1948203299239957
-1.2903457924315969
-3.8626723117592308
0.5279834178465547
2.2851510001419406
-1.5792877236816922
-1.0562929804470484
1.6268240559602356
-3.071680668028616
1.244807951004644
-1.509845949587428
-2.5122821951762497
0.6603469453547273
1.3120195435471558
1.97717831724302
1.0724575476300438
-0.779859578338144
-1.7468623337527804
0.10201418678607589
1.4132908332375078
-1.4829531635387632
1.70416222255595
1.002300275505988
2.316216178764288
-1.3217547399670155
-1.5921993924532496
-0.5370872129259165
-1.450012589401979
2.6518893226297746
1.156288483485937
-1.5562385172512752
0.6026714362309777
0.5418784722748814
1.0012268287918318
0.6781573427070958
-0.8492608276681098
2.6618784155068
-2.3280905110012533
-0.8291609671644717
0.06961474178495732
1.5219455828469015
-0.5835202287542928
-2.505864974283624
-0.3654696694934105
0.9886124693887599
-0.5014722780834129
-0.08156820863886495
-2.2774951385642503
-0.7958939043359208
-0.8031546206882388
1.4710716956165306
-0.17308883963091112
1.8951695637816464
4.068902752935715
-0.917371158745309
0.24466881572411597
-2.1409303280565517
-1.7850162937955174
-3.0184904547721505
0.5324742708736296
0.09039027715459345
1.7427984893419737
-2.3204119240447074
-0.8562195709433631
0.35256627754710407
0.14817943016074164
0.28453030950027713
-0.7194582011148423
-1.0779214672469264
-2.3318710359869463
0.2365418300366851
-0.8922089547034651
1.0585985064691157
1.456976907055626
0.5965703221006656
0.7352897006680623
0.22763762847857502
-0.8122123264683223
-2.197855722617245
0.9823986844561619
2.518964039728958
-0.96902305680982
-0.1908319994393094
0.7074751181504705
0.7092999149129925
2.1221765209532077
-1.3426480383264905
1.3483563497853153
-0.00262050164926551
-0.6040219954100174
1.412987442351809
1.7608525566328836
1.0900717065692886
0.4849060823280289
0.4136859561431993
-0.10443114888000853
-0.1980397155648399
-0.042132116588266454
1.2978953127453592
-1.2132181815986212
-1.2967119199863446
-0.3629144235956535
3.622384185463688
-1.3252715047257748
0.4723000948327199
-2.9078966607103327
0.33567953156274477
1.6733517997492533
-0.08762753649470836
2.03424178589551
-1.4336472290004167
-1.1698912817802622
1.3251239038248803
2.593839213007866
-0.7395339867482158
-2.0843972443234904
-2.544275103596126
-0.10047237468124331
3.0544394397598396
0.5117836133343577
3.2729174192105703
1.1930018377767249
1.6375135281669513
-2.921544094598124
1.6683271409867324
-2.5941993412127484
1.0986046359560353
-1.1350404282104996
0.5871063323815477
-4.1403051584371084
-2.2814789536152484
0.18635260760226818
-2.6483653495120874
1.147825571821702
2.4261122016862067
0.24444329171024495
0.46609857668458243
-0.1833082500621657
0.17581065353116626
-0.706275834964891
-3.6973387527405346
0.06335946264539533
-2.4011648064434956
-1.9741150989752383
-0.09359936136212513
-1.8983432648634784
3.070832762746717
-1.4040659641896445
0.6487719877860851
-0.08850224721906906
3.3061050101768594
-0.8567045670946829
-2.289212228900063
0.16497198979599167
-0.8603469419764155
1.2443571606514
0.9706113464776283
0.7565978077555119
-2.073905968066767
-4.4858007667464594
1.3273715800107129
3.4711464505201257
3.426920385230656
-1.4331199706790991
-0.6685235016402864
1.5234437684435933
1.2173302697470183
-0.6932789992680384
-0.07889937116329555
2.0576208679293897
-0.3441646522764584
-2.9281632038530607
-0.8518935579094313
1.598962115455149
0.17327748542660293
1.867717185975195
0.13618830069777718
-1.3865947179068616
-0.19390553084400394
0.6320661444943327
-2.7842511657789952
0.17346590436155884
0.6161558308419148
-1.555245328083476
2.4151108204023894
-1.2591464285477851
0.9061386894855502
1.5859981116133697
-0.3399330720926077
-2.66851102134328
-2.987619555674606
-0.5610329645932771
-0.30924742997801163
-1.9372677918319847
-2.4691652191461864
1.6232217102289679
1.0650146052829041
0.8308860380164587
-1.3756937005839638
2.287465733212099
3.4039732202920954
-1.1752022335474792
-0.43955626958933475
-0.8074502300042153
-1.0039667548418134
-1.7760126780345267
-2.1430026488703127
-1.8541098567503833
-1.9078796702770713
2.318825773556252
2.317845066716236
0.12569081167404061
-0.2724255838390249
-1.3836755031530423
-1.445977384205513
1.96882246083282
0.11899668977570313
-0.5852624331154117
0.08805773266930025
-2.800247547763482
-1.549656374951412
-0.5400051186360348
-0.3308938171263552
0.17274162451073066
-0.6088844497591216
-2.040814772101846
-2.1625134966013304
-1.1234943814250338
1.8665864137645294
-4.126503045188066
-0.44406408215923093
-0.16306143845162194
0.1821291865896118
0.6081441538446125
-3.9289009300101747
0.16174627708552042
0.6469908706003105
3.1587928288689846
-0.10816672787668545
-1.6245513571445531
-0.08697308341160868
-0.3424753271605466
1.6275427966588596
1.0021046917092693
1.0330730004916622
2.746468541248583
2.838613405870705
2.8013599029714165
-3.0628929536494875
-0.9003589452251065
-0.9438125302488894
-2.44408124613171
-1.1244464003201995
-1.722896842464718
-1.3510508785212494
0.8092772887733628
-1.0117015492822297
0.8550385884742635
-0.05981268153952576
-0.42358620803822217
-1.63709637113556
1.5086655409715972
-0.38396135379065754
0.7135372580910131
-1.2705845337782995
0.9442394587148532
-1.5161922867395534
-0.2802484763488816
-1.8153969925812923
0.8392479569945813
-0.9747715031262297
-0.9439599004888863
0.7745324335793029
0.5752146761853615
-0.6190641831063202
1.5680066473432763
0.5670092241534421
-0.9255946013237913
1.7877287564155366
0.9388428188882113
-2.7578689550060465
0.2549295640872816
-0.940004886784285
-0.9967418660559767
0.44181164953716917
-0.2962692840904208
1.9974488487999988
-1.0247052557684238
-0.3155918719011034
1.2860880024627845
-0.04604938986885438
-0.5036652550287016
-0.6200979195475905
-1.2504051863225911
-2.7508428331195396
2.6455857028993233
2.9466231043283746
-0.4522099875853964
-1.0313550946638423
0.2523939047505177
-2.8998901966441712
-2.9340827551633275
-3.982210093217888
-2.262313681327678
1.3338713408590281
1.072331000292019
2.8590878309683982
-1.0533940299154911
0.48012958618603296
-1.9222301547878384
-1.7775876275962148
0.19794083262585627
-1.4488775806811938
2.2177893111413707
-0.002909422215928286
-0.37119930944213103
-1.5975272377371135
-0.4857045477825806
1.6368560541526065
-1.0495099790038145
1.8317779590280736
-0.8844177294661341
2.33756877598874
2.946822006297064
-0.3204696619903734
4.116276763290706
-1.0528155611230072
1.4606723824475703
2.1364830705910625
2.006881453811733
0.6116640971760666
0.10444700472390255
0.22207185726005566
1.0329145999466993
-0.13757392303516813
-0.6500166712607365
-1.2516394558981747
1.3296677864359117
1.1247341904121877
-3.741386099869614
-1.1874239277473888
-1.816570386552017
-4.340986864182347
-0.14087336757782662
0.8561048225780284
0.4241659482665633
-0.6920054265768768
4.229299843472559
-0.3627529416788089
-0.6253680594958873
-3.1305656266778907
3.891505607226017
1.356906939622149
-2.8780889542534176
-2.439991256645051
1.8365089522664417
0.9534951701165844
-1.5302547318473962
-0.17808446773884637
-0.6199312542064013
-0.1727171769092218
0.7990313515565488
-0.5965763536610384
-0.5192173684632753
1.1368173607171785
0.44560401832393537
-1.1613218260671776
-1.4682622591680237
-0.568753517331626
1.1613344484131387
-1.7651030382897048
0.46301181118419593
-0.447074075773165
0.227085395403092
-1.3884035100614047
1.1889512729564997
-1.2031622915147175
-1.6603397832875268
-1.6860250375990826
2.13188599282936
0.6032654050241298
0.8483935243611554
-0.24023042835078373
2.0490124149251105
1.835119448421231
0.4214327902579873
-0.09742393150696751
-0.7844979868237661
-2.002116112332966
-1.9848339492340081
1.3357716839971325
-0.323685405564412
0.23979249969040284
0.13727271237133706
0.8926181013559497
0.8063541593670117
-2.0065465001599345
-0.9640994127114109
0.09365562623323044
-0.4543472520357094
0.2516854756387603
-0.10055731709716866
0.7238169197377649
-1.500961614519994
-0.6786287499479893
0.427868029629469
-1.626829299841351
1.4994643408552377
-2.053334668226309
1.114555709526139
1.7633798613313394
1.0458647576517823
0.22777352639616616
0.5783776991565178
1.1970111488138908
-1.307692000387568
-2.510305076500893
0.5653966953614197
0.28684016872014095
1.0699362945431545
-1.1626273599994454
1.945670161261225
0.2678710797292318
-0.8680130003374734
-1.160866778754434
-2.7299916442843766
-2.478887153828803
0.5922009884990415
1.4774389213752066
0.7758335275672832
-0.5272265865242406
-1.1201113204196111
3.4994562284360784
-1.1254140858014303
0.6333619950824795
-1.123368637386904
-1.3593380925054337
-0.15321185540429796
1.0670080456072397
0.45295723023403134
-0.7825855132996467
0.0019308239276791845
-2.3987004991809884
0.897776354816191
0.15869564785794818
0.17211442866464635
0.6124838716499773
0.2023053077982131
1.2500093413471656
-0.8634331759776391
-0.9860994775347285
-1.2328442707645422
-1.2059226657053745
-0.5568741323235425
-0.8848343502038037
-0.17307243651080031
-0.1716088926101828
-1.5281153932512332
-0.4456963350580655
-0.5986277505885629
0.4405443462324679
-0.503499461096874
1.623668379782037
-0.06152349618136349
-0.9235102120824591
0.1345935592750693
1.615803712799976
0.8373336349977603
-0.9963051397867817
-0.32537687809125265
-1.7038824642682884
-0.6220120063674187
-1.303882687277514
1.594848273778233
2.2270590446880747
1.1460034774983419
-1.0425339823158155
0.025687044042606227
0.4655337556157547
2.1320879365694476
2.444360684970404
1.9253100627037902
-1.1240099862402089
1.5615316074076215
-0.12246416276024998
-0.4247033398061153
0.37336464672367875
-2.059510236428308
0.4555739735798227
-1.6594731764633432
-0.37214196239245895
-1.503507126750415
0.33033096389222266
-0.654527165324262
2.2922850963044628
0.13148639778851448
-0.31236782775804545
1.1946443992237452
0.5654409825937236
-1.798512338444576
-0.6646340732645117
2.844235373852225
0.45168380351495624
0.3554866532233207
-0.44665947156880803
-2.5987763832085324
-0.19685807263172608
-1.6958961626583253
0.4577465575556941
-2.7428752583810425
-1.4008599302000866
-1.9258171051288036
0.17231244995395464
-1.7404219648622334
-0.08467367277227202
-0.7141411584389752
0.22035073250583734
2.8919624338925454
1.1271679233702996
1.74438992851351
-1.1852508176777308
1.6567123522811547
1.193921309937161
-0.7692814259053564
-1.4119041229455014
-1.124088755330256
-1.6042433219665537
0.48451085347197514
0.5314866537160697
-1.5334568344605164
-0.36597707886744624
2.4943798682062215
3.120841358143521
-1.2486172540384426
-0.5914544209943603
1.4133672124905692
1.0875269684057498
-0.810755469782972
-2.3768840133935267
0.9547048576250206
-1.3128615870102265
2.179996307893073
-2.0624113096642507
-0.17667939138428404
-0.4495886065776983
-0.7451950167809721
-0.025362710172538418
-1.7144411208490564
1.5077208440000789
-1.233927454995284
-2.1617920140535456
2.0959915306411285
0.027333689391771828
1.9375508747785295
1.177687874730913
2.21310519338949
0.33369127759226647
0.23914499336778786
-0.4501713048800713
0.24302217327216422
-0.008833141288223632
2.0136341672837768
1.7187643143975844
1.084695669656104
-0.08270110364425637
0.4392165679585064
-0.6548168884436267
-0.5511076468280528
0.1681728287165435
2.64267027567931
-1.813744966879306
0.9724373309612695
2.37466706197806
-0.320498184044215
-0.03586908194360564
2.1543951733444455
3.1634703621169
-0.21869131631766767
-0.003953614051128843
1.3256351582947363
-0.3829336920007764
1.2502606446005817
-0.5815479873037323
1.1920173724062815
-2.8325725035173384
0.29755694283079853
0.9360990760277743
0.9033410603961993
-0.5728287273272384
-0.8484349210915235
-1.3496338392185316
-2.499537241208326
0.9209496888939136
0.9756900277212271
-1.9574345935570336
2.019372562140427
0.2623428531757346
0.3195697650081794
-0.16628216336854126
-0.6847382500780449
1.316435989653005
-1.4173195742267521
-3.1805750899356
0.05860043920654828
-1.049014881567212
1.1798242098653506
1.1114617318531026
0.7853319459322952
-0.6153554158482631
0.6209298066605813
2.4288047068604284
0.7402487046584398
-0.5738255174106803
-2.5828524200458873
-0.8050723662671342
1.562499605299422
-0.027125228901201386
-1.0051959470631837
-0.48717025902452626
0.5424878295664898
0.19950703055871863
1.8986821549317214
0.8536814121259758
0.10301578441646327
-2.503287943529787
-1.3657449645657695
-2.3833451682894835
0.3720071724301264
2.1074373633991663
-2.956017548602248
-3.829680058987482
-1.8758459949705786
0.14058060867874458
0.34624802698694057
0.25995193291915836
0.14934559095233058
0.594196167886091
-1.7542602147929556
1.1796280776665065
0.2556620290202803
-1.069295585331314
-0.8952455040537458
-1.0613516172842044
2.8162041641014555
-0.16551771221222703
1.6891600144672947
-1.352424071313112
1.432117111566916
-1.634575358495117
0.9767229904915964
1.5314692489637283
2.1028484546777784
-1.3136265988950342
-1.584260619705437
0.9157211272185255
-3.880653291103647E-4
-2.305089151519827
0.2289364465184771
1.2888575958439674
-1.155448844245275
-0.19725703370620212
0.5172283209164945
-1.7033933027090318
0.14129131398594247
-0.36949900225658133
-0.8078175009702079
-0.18770382877585132
-0.541106570761489
-2.525403913137945
1.785400232783264
-1.9119241425315716
-1.2290541045838996
-0.3761587243032176
0.16507615117200417
-0.24307056519781237
0.17351082577768603
0.6239183853751095
1.0386645237009917
-0.12416923562112928
0.745749082438584
-1.9459584048561498
-2.303293585932102
2.252191506090061
0.27562448954681446
-1.4699940079720037
0.45206859046248976
2.979768532587405
1.4122390309651123
-0.23118649716493234
0.8470536810894206
-0.9791046006266938
1.4582437525831746
0.3679533062158476
0.45288002486316575
-1.2018731284989561
1.893277579639349
-0.6630757925946279
0.3399765658224528
1.7897470394724375
0.5885147367598126
-2.327671611023705
-1.1678934143050408
-1.2882977808219809
-0.1029624699003659
-0.5944480447189224
-0.5317301268732711
-1.7954681423899983
-1.8608821996843337
-0.24224014826105897
-0.735123202819586
0.11323427534452794
-0.9915386635649049
-0.8589964595079228
0.16386886364784767
-0.22010696714833136
-0.1455363428079587
-0.08605703630914714
2.117343337970777
-0.8945751578436109
-0.485241819849616
-0.24981360103156608
0.7489566393021677
0.49773892099500977
-0.38631687510191737
-1.7377733815753704
-0.34625754742811077
0.8666155088522135
-1.2889461885552755
-0.6145075309210709
-0.27515118467217503
-2.458156576137971
1.5794181839793895
-3.9681383301504902
-2.9464109922606583
1.2829184324566054
1.8856672489902142
0.3388205111384908
0.525201104409358
-0.2569530977590994
-2.4627450813265743
-0.9272181665759552
0.9724237995988337
-3.1318215905124687
0.6185176149197419
-1.731137628862436
-0.3739765179864451
1.574149633334659
-0.41282121122767507
1.632876477260333
1.2315192674971123
0.9094803205472817
2.070627425902575
-0.9361657513708048
0.5644301483460579
-0.4450102608818239
2.629727036648589
-0.7924071968134658
0.5990600298181077
0.14297275622169162
-1.4128112100625565
-2.5426758177512627
-1.0599735382517594
-0.2594907823016793
0.7852323586171651
-1.0221274070153736
1.2325007379961155
0.6758435255025336
-0.34773472121798715
0.952607011166931
-0.42888280714658855
-0.6246219195008765
0.9949426753687636
0.22175253600628525
-0.8954297582500146
-1.0173252194059277
-0.6045755518409648
-0.2714942909779112
0.9496416606924811
-2.1498742798181776
0.9859996095010791
-0.977864617213545
-0.03275061967724622
-1.6085687425587833
-1.7759515513697068
1.103655482179646
-0.5535298284110883
2.10081063784889
0.35456334391407973
-0.32709067330238634
-1.351364834299271
-0.03872609784258519
-1.7134403427963463
0.3763823498631921
-0.38607826072948664
0.8383314652776235
-1.7369692076065308
-0.7945657497783143
-1.2157890957907753
2.606825447187541
1.4615928899563246
1.0708824791976714
-0.6080420814857371
-1.0810747400130418
-0.27058825022832045
-1.7964054661783964
-0.569822928430312
-1.4715618807174593
1.302903030931516
1.9681597161607791
0.4628228550519287
1.6823524631881885
-2.1501003756299086
1.7165480744014587
0.7711592746266366
0.3175467702478221
4.321126342517887
0.14384144065223123
-0.6401743092798861
-1.5972187126464432
-0.12868256794494418
0.3204901694969486
0.9918146575782637
0.5323685345509842
1.414585035733023
0.7317242988710948
0.7668601620599677
2.0026612351916375
0.45086358453850534
-0.43021592388703306
0.7387744372357371
1.8974599392048206
0.4985558149114239
2.443953249372085
-1.1804383511396601
-0.1236662827265941
-1.280716830247897
0.2703660542891059
-2.2752264995421516
-0.429235615339506
-1.229440235946643
-1.3115219873002242
0.25080915076119376
0.8354784193633891
-0.3024391795234689
-1.0724961322436017
-2.4458281528384207
-1.483031520549166
-1.5718967061835611
-0.5517408629213647
1.6705615406322627
-1.4245371725501865
-0.42403532280761225
-1.0690817130633121
0.5011806829995898
0.4102598424582311
-0.9979102187524463
0.7990438646465288
2.2926985533110638
-1.0193845631815175
1.0388001365259028
2.270003665348899
-0.5248841633660396
1.4370517870294806
-0.14156595215503803
0.7920997896774554
-0.7107874054313201
0.07256221995410156
0.5139219925108097
0.3217184665626753
0.44025402689312476
1.8688058783923014
-1.385192917294766
-0.5816607599228024
-0.8335707610787878
-0.5800891114809495
-2.264520922090591
-0.6147404128975794
1.0006330673107109
-2.0711281881324117
-0.019619059540641054
1.5697465570596472
-1.512889775785447
-1.189036410737487
0.9068101294745036
-0.8778522556744055
-0.07244959153440597
-1.555375452502137
-0.4044072143443797
0.37195299153688305
-1.3279827455597537
-0.6018874873558494
-0.49697529761074255
1.1715792926607234
1.2314045136732952
2.0654224358540945
0.7594541173353009
-1.3818448426727117
-0.27838533663183906
-0.6199396716484179
0.08039988077661203
-1.7402630257346683
0.36141126483312447
0.9385388315469029
0.060093107760269784
0.8886098695100856
-3.9760254492980422
-1.1630362037223467
-0.6947524031023931
-1.3666822522521274
0.008987112533440558
2.180848352696444
0.5068369410735756
-1.5461530688484393
-0.9616295194453277
1.1174543127344039
-1.0270514976792695
0.3995096995806235
0.3328104932760847
-2.112740241887229
-2.0781705530583587
1.5538432042201542
0.26893147634137426
-2.2202477099606446
-0.662641166265336
0.37086328656768586
1.9406230629367767
0.8075563134073757
4.774850643686077
-0.29486648398329607
0.7896182256755025
-2.8989307757627563
1.1501411340590875
-1.637719224879406
1.5262470716251013
-0.3858809059033841
-0.10174826745070202
-1.294245322590989
-0.25927212255512744
-3.818757824667634
0.6558684809924235
1.7093601234821332
1.234404959178047
-2.1605408988406305
-0.6784186430486799
-1.007231327424591
-3.1984839735905357
-0.7377220724414767
-2.653825715924253
0.16022415871859716
0.47328024817397035
-6.557473612486901E-4
-0.5898849764923899
1.1087821596829546
1.0118083725451017
-0.04308502941609211
-0.44107115464395247
2.118356782443441
0.8511167204046123
1.3091740730575354
1.6069342442784602
1.5117350241075302
-1.540433146753371
-1.0303569040549823
1.4363863558029393
0.8217623872289265
0.19620017050928087
-0.6857709683223558
-0.8755553268127844
0.1260216908279848
-0.042783988055590416
-0.5676901279546106
-0.4912904431183706
0.23897501632934579
-0.2695312280062862
3.667235135971589
-0.4051676709067475
-3.9748524187779783
1.2880841490296446
-1.844950149991663
0.3494015849152593
-0.5558167257878877
2.3216342019093767
0.37802437000466843
1.8446349384386376
0.7039480294496973
0.14263865775147203
0.11680284949238678
0.2078619536813351
1.7435831134098463
-1.209765572807222
1.1134694277059989
1.4159430827747865
-0.8868394720333845
0.5728680243403337
-1.285989988361959
-0.4673542652638355
-1.0513811093506886
2.1982329314090157
-1.0796237630362278
1.4092917440374184
-1.3564791848678657
0.06188362710255789
0.7513621582458794
-0.9573160651108187
0.009796510708173091
0.13054336584452858
-2.7769832332791715
2.4033630751334703
0.610562525173192
1.1855872373287506
1.3826500124146237
-0.4821014339181993
-1.426147217544934
1.4161089048509417
1.2967983936333896
-0.6793663734900045
-0.7435843761246876
-0.45693261917788536
3.322559247476884
-1.3497901323364039
1.079505128394676
0.09795308922644773
1.4793637635431856
-1.2339580231958518
0.7726047871201217
-1.454443151076836
0.6276172103874215
-0.5612737695379252
1.7783949367110963
-0.7520234028128688
-0.06601506309305552
-1.7413962872341127
-1.1015280002189298
-1.9956875700630257
0.40306094651641877
-1.166415325273083
0.6430584895242045
-1.5874524657754396
1.9177727248959706
-0.33250263281915027
-1.4383877868407584
0.12086081866289833
1.0216729934352737
1.3289291392002194
-0.5422137919915607
2.8272076720032198
1.2775039775191255
-0.7552341835370209
1.075038184877704
1.9354352101702426
0.562790809783391
0.0073649836580045045
-1.24613391237258
-2.043283678051297
1.724398392652568
-0.8461775880507644
-0.2798959436136068
-0.49289645272879545
3.337990050211631
2.0013913602851057
-0.6960795911284011
-0.4564612108533082
-0.4671326553841573
-0.9530893075002824
0.47905246456074246
-0.4009693433803418
-0.3665127732747505
1.8050927641429242
0.25892595287415543
-1.7571861980968055
-0.44591926216299066
0.6763646963729305
-0.03238153327956425
0.77399700796826
0.32309108473179166
-0.5517493789258876
-1.5343324184982905
-0.05447238289384788
0.24496258071930296
0.6512172012919564
-0.24143519033212765
0.9537042958313439
-2.181345333469257
0.6202496796700654
1.794387000595388
-0.4647720918892912
-0.3109488064987645
0.24565393177815
1.4792115924668432
2.4706065717301744
1.9259144458530013
0.6239675612792412
1.3518647491784903
0.5266389547525241
-1.0754513061689797
-4.285560472121003
0.08821098487628547
-0.7867936453541771
-0.8427210744203312
-1.8498371669505969
0.4467670595923787
-0.7656546947005511
-0.5053691566456473
0.22828933665698725
-1.0009895051924265
-0.2689328731435549
1.5614791374328547
-2.2620039192436208
-1.4504108187391893
2.460146574721634
-0.28193130886687856
0.468203019012921
1.242267641002669
-0.1764477820111484
1.647610203756033
-1.1114665681365727
-0.5957495359032078
1.9667781265375466
-0.06856734769726655
1.4967150229245676
2.8861658741616942
0.4712890275643314
-0.24622110154358529
-0.6823071246075331
0.7403768446969384
-4.357650088118352
-0.2424271746098857
-0.9493404452722185
-0.9413229889365272
-0.5168948723589318
-0.02190751146959304
0.5911984378940539
-1.1394812160311714
0.4129865299324346
-0.16043843954898013
0.9539341682846189
-0.23850621927272805
-0.38290176737821907
-2.050788810728101
0.14833767387644953
-0.8967533427203765
-2.9782095263768267
-1.5215486198569743
2.6830212459193676
-1.6240186471961098
-1.6433852199009507
0.3935115156509537
-2.1005168921759543
-0.27634575164045955
1.1385167015195878
-0.9049896582372149
-0.4198159102410373
0.6239045369635958
1.9276559012613341
0.4104178397012585
0.5551990130672202
2.9115648300538535
0.03969641617451742
-0.6952591360871576
0.21272396363464113
0.9740028220616785
1.3574435069415043
-0.34398462297115934
-1.8969616689980995
-0.2708044207391031
1.0148808550455262
-2.2206364483011276
0.6251630362653571
1.6276994749652887
-0.9677426404306158
0.9935705412042709
0.7575724668127314
1.1246054360186009
0.2503216832298025
1.5697952115723155
-1.9732015325519865
-1.6863993356841205
1.5351549545960943
0.9221882847843755
-0.7924972552882044
1.9725301548510619
-0.7095772863077172
0.5594875680414481
-0.8531447005016531
-0.07974674859967222
1.2517850301664986
1.411086587089223
-0.28920945812396015
-1.2861908306561214
-2.329493514022426
-1.6662568177050017
0.7822003958802499
-1.6271845504197022
0.6407212809559235
-0.38561642033758614
1.517413086488969
0.5408419871957842
1.2392840712109199
0.09975999154718052
1.8097122775372674
-1.755821997091255
-0.41245329214999643
-2.8988530606882925
0.5887195049062366
0.39391734385943195
-0.36616889622680765
-1.4359426744132482
4.531724455601836
-0.2790785491470135
0.7486239904644983
-0.5608350825991669
-1.955434988922599
-0.5907301735038676
0.17468919879521502
-0.5045478730979729
1.1274616714549663
-0.07748559409045419
-0.1651125379247026
0.31429831783355966
-0.6090240271031961
-0.3992984792731818
2.015632375820787
-0.6142021068098649
0.10607009921029764
-0.6488401910679499
0.3906231114591462
1.3816283090701527
-1.1703066722042277
0.41618318299630697
1.4109885496759573
1.4327557843680574
-0.35764328123000055
-0.34125848297489697
-0.7121224980083873
-0.7599008463229999
0.9592551264212229
1.5127641746872504
0.9608241851417505
-1.2569993278429787
0.3372955316902919
1.6949631007251695
-1.514470494287002
1.2178427933108469
-0.699814243713039
-1.4071518897609576
0.10893780106471375
-0.08436589802218401
0.7531145703493349
-1.0164297623666603
2.702529911759811
1.3631543240903117
0.30802891898999396
0.30620540494078635
1.2076201048350552
-1.7423135864302166
0.6096261024711116
-0.18350421674673342
0.856463914897569
0.3403238414896296
-0.5371960836120914
0.4288537025940412
0.07596058822165447
1.3381301404942472
0.6624431234747096
-2.066081974072663
-1.6892164211228187
-0.7484644459021838
0.8384426049149478
-0.8182666703389035
0.796877501707769
0.38661459988389174
0.39594070054758573
-0.6731312120584034
-1.1430410868247645
-0.9913372223224448
-0.6724438340031912
0.7314174015835104
1.6661013435905279
1.2726657890471225
0.6332341261817447
-2.280313244822458
-0.6722407839487798
-1.2440295886677997
0.4930338675428454
2.123968755839483
-2.0439652785204006
1.178651696192079
-0.6993632072662987
-1.4881523176919598
-3.09508019481053
2.0311265022880187
-0.1429143303384318
-0.7048671518089458
-1.2748413126849922
-1.2459886522923798
-0.35537136875104874
2.3034984129317353
1.2864409902118632
2.135159076172279
1.6075099350150694
-1.2474857650601032
1.1339641525605195
-1.735906502510314
-1.9356627095847954
1.3238897035703752
0.10916856658223047
-0.517629918948336
-1.1594120074327283
-2.7191406172561874
0.6948825986974916
0.7301693771869318
-1.0214606617124202
-2.0201778701202917
1.3412337928261155
-1.8484161225177391
-2.927127944108678
-0.37952711738323697
-0.4242826316661966
-0.5761712373197804
-0.24906498952274408
-1.6536452375006467
-0.08819816062027398
-0.49739085755751916
-0.8003323524971181
0.7705236793754565
-0.4576277770784932
-1.552776893525151
-1.0467721089495494
-0.19754053970185842
0.39426780412300944
-0.5343774239888344
0.45079825582141575
-1.2496782131858926
-0.9095958211053125
-0.007425814853835699
-0.08074645149116962
-3.0072279694810904
-0.35711260124526456
0.6082041805580655
-0.09744074889940639
-0.8034346112548799
0.04402182512754714
-1.026744619611816
-0.8826766636049805
-0.37701040560228194
0.5881222297488069
-0.3822465584972969
-0.08566885113114911
-1.400420141572433
1.1305378838752684
0.5602536151093781
1.383101396483458
-0.6982105576309212
1.216815231640109
-0.0872853150380906
-0.9843916928249222
1.0525683449493144
0.1392224444092189
0.6482018629634717
0.5159529023964499
-1.2411375257534671
1.1373982959859905
-0.749455523892799
1.1267479113173287
1.1178025378558627
1.0304401810578758
1.1967815943779865
0.3284181347102319
-1.6212255561386215
-3.1401316794413585
0.018115213219778412
0.01798416116173684
-0.128100433083453
2.1484042847581746
0.15516160973392248
-2.3685034656602633
1.5362167929462456
-0.41856862709403125
0.3326962459577716
-1.223129766430665
-3.1716700423462734
1.8821335178132315
-0.13534497526855055
-1.0541520041634784
0.9653226604023842
-0.06021693317936737
-0.6729395881581702
0.8365525951285082
-0.7362188006751685
-1.6334774719571248
0.3203505974303094
1.3935761297374314
-2.3200643687299123
2.0705173376214123
1.6244803171405726
-0.06592281213440504
0.2964131361534772
-1.500146450631026
-0.8241088731227113
0.7113891738995672
1.8478912522559638
-2.2732020231505317
2.467130535647562
2.983412349325803
1.8951232813265637
-1.5403084437364865
-1.2474205895484949
1.3247087938755515
-0.1019938252226331
0.7146728633534168
-4.214871584310133
0.6016577766146033
-1.5151426521517304
-1.0428101788159274
-1.3449111336622614
1.090895364870268
0.2343941088538554
-1.601427894840609
0.4629652095389701
1.4681517476970454
-0.48288271162371726
0.33159925169038323
0.38569232134144765
2.4901530533066554
1.1792422256586996
1.108985616269262
1.7262193702235165
0.4740266189754928
0.05582734505357554
1.9167238844859984
-0.29259080059240744
0.10885658242317829
0.05171309911931841
-0.531614966194385
2.9864771917257373
-3.1180063884320446
0.8599929891962672
-0.20217994245338736
1.1038453845556562
-4.230515387960244
-1.0640898303403736
-0.5572939506560233
0.8051863212626647
-0.35677844533565006
0.25803955475792323
2.2037918863919836
-3.9472867819430224
1.6868521136484596
1.300902333720441
1.2601633804303953
1.0919716007160127
-3.7905512866437854
1.5051992598498627
-0.24101292906088873
-2.9897705520528746
2.0311778464244195
2.0453455527124946
-0.6841545104193575
1.4704707612375045
-1.8306232940814164
0.6401061634427001
2.469852301042512
0.06615585938209022
-2.576553424055823
1.3236393732038714
-2.4479304317777935
-1.2356695262276178
0.13194828699328204
2.6178601899765828
1.5743917982357964
-1.3946701841161968
0.0569339107183263
-0.8152459637043855
-2.8559449171428457
2.762427371175787
-1.0859393756924378
-1.0763141828630036
-1.7479538256299239
0.789044678351573
1.7183959704157488
-1.8661323494013478
-1.8134270152316652
-2.248316405078785
1.279121583415956
2.6694813762146268
-3.5767829195288057
3.2934125664512885
-0.5588075435663398
1.5259731023459862
3.492654200024366
-0.18999605557252663
-0.23287154288914436
-2.2822796134030994
0.7245591298828534
0.7309766762388397
0.7255585706158878
-1.7652764056466974
-1.0108407685561749
-0.6566218594181056
-1.8263840230794932
-0.2073449014071759
-0.09170252244757848
1.42266197593694
-1.395406844057989
-0.6250017152493194
-1.5652587122823796
-1.5631678775343387
-0.1453008060173304
2.006362295672148
-1.1315105983411788
2.2150925604479212
0.838493814700184
-2.1238492603845027
0.5965357221769301
-1.9499945250647825
-0.12373326470902186
-1.4784929873337527
-2.523968566300555
0.34483857795505635
-1.642428340911018
2.104650519036614
-1.387086930270421
-1.0011672759592474
0.3151419922847687
5.732013146907037
-0.014422412143454438
-0.7767868836698968
0.46667755078149764
0.06036293929985458
0.491152364143202
-1.937821888006418
-0.1649053683931969
-2.6132325499806557
1.1436166045570615
-2.291528661360357
-0.04427144131422007
-1.9357061478313877
-0.9560678227527335
0.8431279016179918
3.960484787396722
-1.1108529716984301
-1.2082855494682614
-2.2299121950714045
1.099086857479039
-0.9536646130933675
0.19927642888561956
1.0402232956264532
0.0023151006522991392
-1.7426410077810504
4.693423059413973
-0.11103252450798357
-1.668108435428992
2.3330505784014535
-2.096972743622499
2.5547447741233604
2.0602523353106434
1.7789884890327945
-0.04916356365992509
-0.11615875560370696
0.4600442679126415
0.1820805611894596
-0.19781007641463125
0.0672432235540606
0.38837272655679556
0.0029698649254587804
-0.06807248879441556
0.03724480017053983
0.975029623058713
-0.3364676149901732
-0.04469529454391779
1.7680023824524052
1.2727251824265933
-1.5347937953980624
-0.14052970453025485
0.382516398525141
8.181695775170724E-4
2.6740963582233777
0.21528781354045945
-1.4028985496448683
0.11361080645959826
-1.4058245884306786
0.9063130098835444
-1.1894899542567678
2.0331474592635854
0.5739328125072817
2.2783735455312195
0.023757961703497612
2.6791926053951203
1.0800706842587529
0.981147827653973
-1.23727940831106
2.651127773932445
2.912985190383392
2.7844751686144757
-0.5846501211360192
-0.726244257880783
-0.8720166795920476
4.990961844358422
0.8392312173346983
1.441186635438834
-0.9573942164399152
2.262156069026401
-0.7800931864154618
3.638339751986282
2.2698459495309575
-1.76821373395592
0.11064919531833395
-0.12231551825495157
-2.1009155398671036
-1.2741001794224363
-1.0409946710887956
0.9902502539166448
-2.0647556701266505
-0.984026260008108
-0.7715784798433558
-0.4048928688234945
-2.4454427073443257
-4.088377212116812
-1.5013050293029915
-2.426767101592391
-0.28566872735514354
0.6356251705278781
1.4911666576763511
2.7189115473045917
4.102519584793447
-4.343924099104251
-0.45065858172657086
-3.5008061332582106
2.095005032336387
0.1299587951344773
1.2554716057912587
0.5410618185362076
1.8139321309044418
-3.6013538484500933
1.818984136355428
1.7674407838830846
-1.328798364567775
1.708629688357209
1.4055507576889672
2.6651831972984743
-3.4237219427807823
0.17908308976843013
-1.3939618701185799
-1.055847683006339
0.3352804545253352
0.48059916740813996
1.9679461494189512
-2.9306367250097844
2.1032108635501716
-1.5929276770294578
1.0517810247553792
-1.8902269467385193
0.16690953407631937
-1.5447485768810836
-1.3449011650086968
3.76079939752083
1.6880403615883468
1.9229385533848171
-1.993522547891602
-0.41577780369891715
2.1728517763786863
-0.4112184076410083
2.791399283964526
4.705241132902768
-0.20203054145118032
-1.8230705990223304
0.6400586655682171
1.0348524025442931
1.1935917534037663
1.4036129266363102
1.9022321538703097
-0.9043889824257578
-3.2748348974474615
-1.5034130736787663
1.1020365663702656
0.8915428643639328
-1.945386190654547
0.641163958258403
0.3658465718829411
-2.319193625260033
-2.6225142747762695
-1.0129932133871027
-0.08329107793164105
-0.4345831354649044
0.8760684893473405
0.8077418063865073
1.255484507712895
0.37664823094834504
0.2326967630850284
0.775473985388144
1.3003971621209478
-0.1330910708391912
0.43125106599902646
-1.1643315915567019
-1.1073020626095396
-0.2525535544875585
1.2205616245795459
0.22276448095851623
0.9402652223392812
-0.058062979530149994
-0.2798858995037596
0.45854855475767875
0.9099005531348945
1.0216489627006449
0.7599514028538453
1.4399016608031427
-0.4475203504947925
2.250358361251119
0.9447184084162804
-0.8479843967614868
0.22628373683407588
0.627048778832606
0.976143555039974
1.134291080345352
1.240624168630393
1.5822812954309995
-1.0954689812562273
0.636778426321444
0.8627264599286452
0.06277428637609156
0.34447537287370084
1.0671030796544907
0.1307802753449266
1.346315769116667
-1.146613507239469
0.23928187967469672
0.7452932320322299
1.5793408503490451
-0.9984737843866061
-2.4160887241135076
1.3665697000189425
0.3579659423644541
-0.1032295437009517
1.8207542255528766
-0.17363094018453853
-0.4637473225441503
0.5877276325018417
2.705155713234296
0.7935901274444096
-1.3527994009199835
0.10592618995531124
1.66242196299167
0.6922500421055625
0.7706257422431659
1.4822413047942087
-1.5613249196669479
0.27735947916411896
0.797659180860494
-0.27697235838206935
1.1763275497242445
0.28426771510863624
0.9204719853948272
-0.2709855287894074
-0.6829853575433955
-1.1085995964332576
2.7096988222588996
2.0658263175415557
-1.9536518621412697
0.7941698077874334
1.9655205271134617
1.0270119878503368
2.147129370184115
-0.45507378805330945
-1.4725701455246154
-0.7123500502636321
-1.5387452698643036
1.9726223232343838
0.08147945825614526
0.6311017970587581
0.5104434580552726
-0.45633485872204277
-0.1729784175563371
1.325716338094009
-0.6970242039209367
-0.0546749652845211
-2.7746021969487806
-1.3730480285064959
2.4429457663664778
-0.41880683288695864
-0.2712741886684203
-2.590296879596307
0.15686035761741407
0.5969256914184147
-1.2211079130997162
1.7579417004549105
0.7975489216442295
-1.7830152100181593
4.3345904535758955
2.5778868112486997
0.6481298323529011
1.772220869951669
1.0200705554619887
-2.556898858635014
1.0845693091542583
2.0537133099856426
-0.8278049149527628
-0.8223015032021611
1.5316585231458868
0.8364356640342699
-0.04197783434832346
-0.7941703065217024
0.6999379532640305
0.06544979221671862
-0.7442144195523107
1.1057424780209444
1.8022342324820848
1.5850532049240185
0.6171402082575032
-2.123139738925445
1.282664452629887
1.8143443042003131
-0.9643311539199133
-6.154339248504419
0.6169897331507507
1.1420955817466472
0.8593686380801234
0.7356549091097921
4.803142243524468
1.0941095124572324
-2.405499071237776
0.604020408592475
-1.135878859094818
1.052035945552065
-2.120023362623072
1.064231328949167
-0.6569785945773059
-0.8909113237916368
-0.3090038639403322
1.6210528975812821
-0.9762991251290629
-0.3674785478626533
-0.44622684270408164
-1.1796773401983813
-2.4758499170476114
0.48120171521150107
-0.44070829624207924
-2.249234897070511
-4.140579486858653
0.9330041765910957
0.8947266156798467
0.677145053293597
0.9743696881689168
-1.1820682760688719
-1.4947444024499097
0.08531153062219181
-0.4996118050794111
-0.04217714714385814
1.078919895557207
0.9595723874066411
1.7728008567668754
-1.567126449295761
1.294805226012663
-1.1288007752790863
-1.9498234596181672
-3.7618787405736134
-1.0920751643873399
-2.628616820202655
2.9223517927077913
0.0028474085477109457
3.2342069289406674
-0.9984525257442193
-1.4770170286495943
-0.5563187743778107
-0.635248758071038
0.6597923476363544
-0.3392376455988319
4.2887791413844925
1.151952602017671
-0.33545499192769007
1.1415245089875425
1.9212315380674967
1.6094669523197387
-0.7839252571526376
-0.26789393785968113
0.6760086355581264
-0.1124729034556437
2.1853698398728327
0.5721351474086509
-0.0859152363396305
1.4854929979765323
1.3196256811123923
0.29977384818098846
-2.779790441878431
-0.28448004018479583
0.39676091039022016
-0.38288832934950884
1.833566021976867
-1.9803512638995773
-2.1195298781939003
-0.14604108068884797
1.162648947313777
1.1315628083890084
0.28262055978751266
-1.2490632255545502
3.3682663193014046
0.8000346323600261
-1.1764459106529905
0.9768420206879209
0.3550917009226895
-1.1825403363126485
-1.5925187977621118
1.2287088887881485
-0.08305812113028513
-0.8594288600776757
-0.21961486552043952
-0.1274147080483663
-0.3630385040934656
1.0501389203037403
0.5771714066374592
2.368443167946563
0.8856707705101323
-0.454801651382404
-2.0372840838918274
-1.073038993119957
2.502474437534184
0.557882222781058
-0.5052919953105335
4.525629741748311
-1.5442768088036714
4.256611154861737
1.4263242425285745
-3.3215443347811893
-2.470268613228989
-0.5047421773843018
0.35968968439204024
-1.5588934118944084
0.5286663531102146
2.8806792031090844
1.4919475342038868
-2.595677964672535
-1.7764397961105658
2.862931928139274
0.5429325261315061
0.20610005660874478
-1.2611146796823691
-1.9863942775000263
-0.002471652169924931
-1.4880985178103099
1.314748530115522
1.1805724789859449
-2.9315356155287
-0.7113309315400649
-2.2325742504628003
0.6657284140109428
-0.33368830145571754
0.2194390606129461
-0.5928321180235258
-3.901984957225415
-0.29267129412680765
-0.25786361060457585
-0.03615771251879658
-0.6413874538274814
0.3468777208517594
0.5631530024535197
-0.6904924157411935
0.020310341527457188
-0.364346261902242
-0.4624841083193511
1.643011370824142
1.0848964540928014
0.7013218873766226
-0.05118760672700822
0.5018596636438811
0.28340296137141424
3.6065830065507405
-0.2830184352636414
-1.446566172911148
0.7392069798562787
2.788474751006127
2.7784352685113025
-0.5435006171867912
-0.42323942080706334
1.0975162953088071
-2.423402157611728
0.9868886651700102
0.3130481775210667
0.2507009303397135
-2.3145191177800424
1.2673961694375033
-0.27124382677306436
0.9477979493050974
-0.052310720456750816
0.3086020684738845
-0.09541895059920087
2.879372374248449
-0.2647668821091523
-1.9505111707492258
-1.26905517265205
1.4891294794767331
0.7582723783888372
0.8204119869975802
0.1565765579937129
0.4485945510535652
-1.489045462000693
1.069038818299712
-0.4151340812858991
1.9660594814561114
-1.1051815880122302
-0.7882198940031996
-1.5991695509618722
-1.8518729294716114
-0.5731105567213834
2.854545753044855
-1.1680615208200225
-0.6857811682944597
0.344502063616059
0.7099430815224493
3.4323148243917445
-2.1498667966660503
1.8371926828580563
-0.9831478432311762
0.42573433947170497
0.6877849010765783
1.0600454936098638
-0.5095151225514795
2.77204788135258
-1.0412500079924074
-1.5674108394794966
-0.957404835528605
1.7222229352987615
0.30382175940442563
-0.7063667635549155
-0.10553753386648085
2.237197510563992
0.1904094345309983
-1.6035300496987273
-1.4080475971685742
-0.8939099453065844
-1.6654254630422614
3.002824957571463
1.0970898418306634
-2.3233453163417144
1.420252219413632
0.7732613139404197
-0.29597609448874335
-1.0306480308617532
2.767492335244169
-0.30436825542139134
-1.1618275590228238
0.00647105982056928
-0.8276715599297321
-2.8586880412182407
1.9314433810763139
-0.07965128698308536
-0.3328422243111666
-0.947649068560336
0.1177858971032203
-0.1408708236785915
2.5517799467470796
-0.983448683709504
-0.8178151445477506
0.5416480203045778
0.5618288405489945
-0.9526861155174285
0.7661426898892186
-0.9979220384686998
-0.6058535895336071
1.5702565591758473
-0.21517864739981205
-1.9492258034941092
1.192743204786354
0.046607365355503486
-1.8348597316418067
2.2668802292704493
-0.6888353368775738
1.2511572954833783
3.949776677915775
0.03006110136431471
-1.3230885041102818
-0.6651523797935637
-1.8186465307996824
-1.515100337668795
-0.9806988963508889
0.6679944233446078
0.902033021406068
-1.3084276119575382
-2.2605422848055947
-1.6410039587953489
0.7866360960019452
2.5726472396778344
0.016525566643617384
-1.1268855328187029
-1.3080365465266615
-1.150977427007766
-2.0070654055830013
1.336160996091293
-1.1518026932207883
-2.2947476803369358
1.1269915759268991
-0.8679185658682093
0.27422386360055023
0.6756867550900622
3.9193497812573708
-1.3365717502578527
-1.6095322080194
0.9315764251397196
0.5810004834781174
-0.5598992957077272
-0.7315358837682753
1.9520038818991143
0.9400985926377662
-1.6620478159832568
0.0402562299933476
2.2900871167413457
-0.175134492679362
0.4819344436918449
0.9629986334986023
1.2545400682878785
0.840086336983936
-0.5667907001164113
-0.6447021460826007
0.40025083421163843
3.5264153353130308
1.1146670285753346
0.9969570020688474
-1.6055106447939231
3.105540860910587
-1.0070385028677757
-1.047264296227028
-0.016767007782521715
-1.144877168772818
1.3103301281886335
-1.2629757697603818
1.225185249865509
0.42648224197258594
1.2537959069052709
1.1824270699296306
0.4072205945511304
-0.5165127541192807
0.8247892649450169
-0.27533707091784104
-0.9359010296247493
-0.40203153185565693
-2.153646397624851
-0.6505204170332551
-1.797974371809732
2.2434456561040914
-0.1258569352570022
0.44699581665058097
0.3076225472001901
-0.25571362371638845
2.628262295004283
1.4346111826874934
0.5738034002098221
-0.5619983703962519
1.7513705302015194
-2.240567535331012
1.9508608043716171
-2.610364778216371
0.11305788148972531
-2.503384392021292
0.5279753456067852
0.751546444951935
-0.07430713158979639
1.8438996608989304
-1.1452502229598776
-0.212203358502393
0.14771484030972729
-2.7729523072857405
-1.5372324529113561
-0.07597127667397452
1.3020700284184548
1.1699102567662947
-0.39548168120635646
-0.28428982467712033
0.05542460802837007
-0.4725348694380042
-1.5194924726304235
-0.7860918378992838
-1.4921002342641443
-0.943216045876996
2.6273332883096594
-1.0879623224891466
1.16357086935948
1.0488834437007866
-1.1346033264998194
1.7813128340541007
-0.7102700703495506
-2.7344217033232647
0.4522863129557364
-0.7874422730032565
1.1704409452433797
-1.074142851318956
-1.681665067342028
-1.5887351064984918
-2.8614128615720156
-1.5648075967170292
0.3913438877078517
-1.1282824360487764
-3.256801634310108
2.266727760440907
-2.5920990854677064
1.492732848851338
-3.0691801903180043
0.40079393420356496
-0.7967334509380211
0.3651579139080495
0.2204949052155635
0.6650212601169915
-0.12256500130940282
2.9333323132263827
0.619129910534088
-0.27671423699660425
-1.912551288464281
2.7307509691020213
2.1642883079931723
0.01622954158544687
1.8070276277276232
0.2571005396682705
2.9524367691267597
-1.1375420772054416
-2.5637263079970865
0.7910080682992106
-0.22984289563557256
-0.10509090842706312
-0.911221252229774
2.544142579765714
0.32940989863381176
1.7631315428633045
-0.35184089331723734
-1.0593872274761522
2.1805425635119966
0.9016113607677854
-0.17081055083142885
-0.18718275074180046
1.4663873171213384
0.3187080405776504
0.7329852640110144
-0.967701687340253
0.33536745228457476
0.3070001135563704
1.1535572987313838
0.8220578229975355
-0.6951959221048074
-0.7652739607427506
0.5177575463861039
0.39536445489275546
-0.8981038666277426
-1.5577922500107437
-0.5684051588368383
-0.20577912808677232
-1.0505261729114683
-0.8802903761100664
1.5698156837136281
0.8992573825671379
0.48886979840924505
-2.786533092614848
0.5080298753303094
-0.8592044864628109
1.0398838066822003
-0.08576761739765197
-0.5298254505403199
-0.07547923059039204
3.297921590243717
2.6194830467438064
-1.269857708183744
1.103481447416845
-1.5125045442814065
-0.32952734944340045
1.171492571886751
0.16244568383160105
-1.334198129498155
-1.7373632933224608
-2.688851249701164
-0.07095141299212177
0.8671628970701887
-0.3306062687189104
-1.8975803286396105
0.8058525623871283
-1.2483553860839243
0.3438897760154996
-0.27832518822140584
-0.7423204247131808
2.0445472355809122
-1.926792100095912
1.1307133381661008
0.2441158160648885
0.01520314178311801
0.7524614580314027
-0.8209104830049102
0.4526557925424832
-1.4477887217921606
-0.9127777129055793
-0.9580628401048215
-0.3795085946454959
-0.7430600545417464
0.35811219736442296
-0.29889418492512626
2.1382247076357452
-1.5827845020570843
0.5617336066042478
-0.006701045134715638
-0.42750735098380055
0.17754030941853674
2.3376850371648077
0.4606329852032887
0.24955235478260154
1.1786841229473055
-0.760578792042081
0.4016930152627145
1.6619290498545698
-0.48325059566085854
0.18496966292926995
-1.7159328574174177
-1.6310346073908115
1.0864652181152674
0.16162610111551673
-0.6033849291374213
-0.9519619143509945
-0.22999300753162516
0.45000694823842474
-0.11649127512516003
-0.6238057833849375
2.2248492985605943
-0.38042558169385704
-0.43509531984849736
1.2252220374490987
-1.761446765531665
-1.3472071256652969
1.8183150280228904
0.9087853092939664
-2.125906080763451
0.5668406143909468
0.41885727903961484
0.8365922952196668
-1.6269390157874997
-0.5690355014336395
0.1694904948001157
1.5699398572271486
-0.6855342672808373
0.02950836534128257
-1.0900728047886528
-1.0793840687224492
0.9349487242099196
0.36564199080955884
-0.9472828205292672
3.441085226157277
-0.9538618601228505
1.2170341435253356
-2.6600150660534014
1.4830028676945952
-0.9884136439880475
0.06557595949750743
1.6295410798115662
0.5592311333282618
-2.0474626394215836
-0.06252500411922549
0.31067840838628796
-0.1449807841648687
0.24394717723593984
-0.5328256295978618
-0.3710087201291854
1.289151440686149
-1.4150217111717416
0.22186577656162917
0.4886684040780363
-1.0712025553712712
-0.3261270664259596
0.212277989003888
0.7130687381875344
-1.9369326789102104
-0.2452744977205317
0.5785323325299982
0.1861329673196093
-1.279795755929076
-1.4922336710891895
-1.3865595583640553
-1.1645158254218018
1.630435237022019
0.3184859106469021
0.19804343020106507
-1.1011807738583996
1.1113420345566933
-0.03404265715396656
-0.24315759598179196
-0.4027130883252527
-0.7356842609207533
3.071994969580331
2.2127069879861248
1.4151924336481552
-2.0422494176327834
-2.2316072859840737
0.8672333619161728
-1.037762855033671
1.3484109347007123
0.9638022339531763
-0.7413480427013611
-0.6487821626648059
0.15820862037678515
2.978012343769894
-4.118764439114346
-1.7041383129639343
-1.1920823663499391
0.7446678993247721
-0.2155286627250255
-0.5469905737825855
0.538602429097662
-0.4471742292220684
-0.18228128132017699
1.8597650176406622
-2.704427356348461
-2.480896189021934
-1.222463402602067
-1.226867675932181
2.119304863253628
-0.7527286635629544
2.2130357632025177
1.041822236821286
1.1740142341041582
-0.6265329041110907
0.8566598556455499
1.0247731587856521
-0.47155002780020083
0.1606989271716161
-1.3277490858686956
2.0693861644677582
-0.47994145855014103
1.4946781353289516
-1.0591121874752196
1.048649564506345
0.5786535942275409
-0.15103045778710933
0.5937938267797693
1.152355709149566
1.1166254367487345
0.8480194107514059
-0.9514296224921076
1.7743948638261824
-2.0042530949832886
-0.906719728559095
-0.6557332970007685
-0.37498312319687155
-0.12562581794147343
-0.7616234014745592
1.1125953879355337
-0.46488101181929037
-2.010113207544381
-2.9088138267480437
-0.8890720598284063
0.4484917012905775
-2.2406369942772875
2.3336612673362764
-0.1372468120553729
-0.5666122470562525
-0.8860961980176647
-0.06480880420672107
0.04367103810318162
0.5797047320006476
1.3506788986488314
-0.37568264648416
-2.5749732847809965
-0.1790162673243616
-1.3461462881453496
1.1867039615360075
0.3713772521396346
-2.2725678844343022
3.681828553072548
-1.4066965552671122
-0.7169834071508754
-0.28460357725315755
0.508699416595699
-1.0980913342445902
-0.6701545293535234
-2.0341324829565335
-0.5023285618048619
0.8148509579366211
-0.15453447225666675
-0.9469387772705244
-0.5159046076352288
-1.4317701635006808
0.17841651672142936
0.2356452048401198
-1.634122408911608
-0.9985239628410167
1.00536866620668
1.408864341318919
1.7999022149810466
1.5417656158332438
1.3094700183699122
-0.34612942607885927
-0.3795747834525997
-1.4882925635288233
1.7928095316004893
-0.27680269885231495
1.0629324091777332
