-0.47307953942546843
-2.4103352740922235
40.11565106203152
192.07051778707878
-205.88774385513102
-490.36080318517054
-101.37110867330712
-574.3485775304385
-18.9760361577154
-834.120040972524
-656.4935322114866
2816.550175429438
3592.684539206193
600.1346567031977
-2322.783085894322
199.20405088641434
-81.6598556803964
-1576.481610363271
-2252.3830595030076
-616.2549600907687
2028.582656253569
-6405.296257342393
62.37033332028697
694.0257762118747
-52.683463735796
-832.1231833163521
-1438.0991493847155
1861.3692903909225
-873.6210611790816
-5068.202496131787
2634.0443394940958
2463.154919677271
133.49687909891108
3224.3769479250027
943.6223017782967
2990.9336081390848
1986.3531066182334
515.2549358067444
850.542524040106
576.2915137544853
-17.625547539373283
1232.7222056066023
-176.8733740275546
-1705.5495457921847
-1145.2751046995543
-560.2072688795251
-108.11307861988736
-50.6679957222905
30.548579318729722
1.6742965592073142
-0.37749128179909963
55.01685411543912
-394.2128811054835
-2668.79540896116
-3805.1463009393574
-335.76853406812603
-1344.8294384475305
48.898160483244325
740.1645624109157
755.9031861545781
5129.931901598426
5234.57596610145
1829.821747591422
7165.796687984476
2038.9079167052437
74.45021488390631
775.8364160277276
2895.026588018021
-267.6916727172536
2444.2756243065924
220.4933927380243
-1327.0029160043564
-1821.3563200824253
-7.548002739466061
-2797.113794779011
-6957.084417883335
-2774.6720569172835
-3031.3050417695686
-2728.514525269855
-2575.2760433864055
2963.694553317534
149.10417164437033
2422.5093511603864
1952.084655369212
865.9031337348129
-4435.772983515828
-1186.8403313290332
635.6969327648884
350.48495842152914
-45.68416585888285
2973.605375690806
-674.2326112156054
536.6343966382208
2877.4979435042874
1304.983012316571
929.3253833376335
-43.597927685163064
2.3384156169646806
-0.8029435998826104
-0.1604789519027342
-30.293755929602963
-256.87093863940476
507.3389612209015
1709.1958008561878
91.87668782719294
808.7646324765024
3.158110090005671
196.84312828409418
1033.4841440498099
-1798.4846566894298
-3317.578438741602
-553.9534814690409
330.57096862883475
-1191.5356842034262
26.51296128432381
1147.8426383931596
516.0234269088191
-1461.1794155394282
-1785.2649518383387
-762.9957466999975
2289.0141464140115
1659.0524981931965
-31.537933693053382
1715.34388937055
2628.044756291114
-2610.402825601381
-780.5462559883352
1791.617757343784
2026.3262532662686
-1261.426432130088
-113.9284851382633
-726.7446104543941
424.70911147160166
-616.9642321864892
2377.8004363872114
3045.757133570633
4.202893885461741
-80.74495411692237
40.87675401655866
-1786.1212752356762
563.5478373616539
209.3053261993125
-317.2331244912921
-1480.6735636395313
-1551.0683474870996
35.94248322128823
-0.16797394076633287
1.3722233894874787
-0.9358224193057534
39.01725261577283
-150.2735743039042
407.01529661182616
-360.8815268282498
185.05652315593878
34.76635102127592
0.6692609510421965
12.120273627174834
-737.4376351463403
673.5113539644273
-141.41331555818076
1373.8440285883435
-2544.0893271056984
147.9847680934143
-68.3529678165123
-1706.2415636007565
-2180.764327909984
-1783.211636362147
656.5989561352128
1712.8191939951155
1589.415588721365
471.62772684767657
20.60366691327308
1393.2623882697605
1522.239004660728
3561.7515330145275
-193.79343887358485
-3064.182281156741
173.89973014960228
-2319.7397549709226
-116.31545934959516
-1707.522789274616
-2020.1168370705195
-2657.421939496208
-1404.659084273818
1990.902411159419
-689.7471322062413
-800.4978058958333
82.21026458534428
344.7634672172195
-210.21790446519995
1295.6080177561553
1054.6407299339678
917.7975973877733
438.6987326277111
-15.132265050377246
4.958952917669628
0.016673786832983848
0.36659736967350054
-126.4270049789838
-156.2163788790809
-925.8382942261507
-377.7674819439099
-184.06315096063474
2795.5036457305105
-13.191861579058097
-663.3753533223411
-626.5060765528547
2158.5241316413617
-1140.1691227154495
2069.710487463675
-930.7036787316426
1690.9530144568114
-95.52381361875199
-3066.930202667657
-3722.399598580912
-4870.035092918242
-5838.113040874773
-9638.085219128317
-6069.292122528708
-1193.2609086603882
-123.84991561283947
-1934.1083963388278
3426.7746848211086
7849.514749161952
-2255.945584255597
938.8509538316672
1628.213362412202
3124.0784667622697
106.70763429579239
3627.363776448681
3713.8438304121555
4292.620436453386
1019.4145175799642
4994.446329120808
6008.635290812616
1248.564767724026
-91.73657826703727
3117.1107589965736
75.18813568872662
-5465.810601247046
-2089.5994388492995
-1706.4619058456337
-1629.5636015643324
12.294309594428254
46.209306939591
0.3717786062204492
-0.6589298090702437
-168.40845934557066
-701.3429490514501
-2134.655680018261
-2073.223660069437
-228.90702375714508
610.4718276053907
-33.986106313259555
-449.0510820926339
-4440.675982102657
-13417.645293076333
-15135.707599952053
-6382.335648394959
-10586.230483237608
-20.172859392348983
-62.45666510673214
-3365.1337392003124
-17200.287259019908
-19918.10033059181
-17807.13632459943
-24063.865855511292
-15473.521511089642
-3955.0253480976266
-65.41500409824941
-3893.3791180380354
-12556.07223300004
-12518.807839690611
-16869.304996609313
-15041.759666524356
-11789.225242243963
946.2874936701456
90.86288167789992
53.215728141621824
-9827.64017648262
-12308.527641807485
-21524.429058619444
-21775.29498904945
-1374.684227800981
683.2907280463688
-95.65818449127521
757.5960720466653
-881.0037194278543
-8106.551488307591
-9435.120820647377
-3539.290003440803
347.8605659672553
-5.387525131004467
22.656135415723682
2.081454846610947
1.2130270020982803
-222.37023147813815
-996.6243715475217
-1933.7926261388359
-797.0973974928293
-85.58007933013174
1779.766253065262
10.043333660435188
-494.30106450969964
-4107.793506700456
-12424.95328451115
-18149.533679378754
-2331.7795367227905
-1524.9632107219566
696.225865466961
-25.620004211784988
-1413.9669761486846
-7407.672928257534
-12924.715273606957
-12886.021645099421
-20148.852529414453
-4186.896641554551
38.18593996763325
44.36858964061781
1440.4635355135567
-3007.5994118635886
-15223.638221346628
-11443.629878415812
-12544.073762409616
-7902.552473652121
-1106.7314800953966
-37.55946668383985
-1152.0878230172095
-4091.9738318514333
-8481.252847302152
-13162.941261560156
-14476.18886273691
-4297.096497843521
142.29343465788995
-110.54305343131924
-4660.82238674246
-1920.5246285697374
-3585.1667337808403
-4208.951010382928
-3581.812756668044
-1694.2740704359428
12.362306086903903
-33.02376140675233
-0.06769196711157034
-0.9754188194674924
104.14676175522754
-483.92665470128543
-951.2231143079676
-2441.2364801295535
-92.22527498078198
-1866.6963781469576
40.11465696850675
281.8470472271951
-1524.6924257858325
2634.480180044002
6774.016816750428
-339.62485619503104
3965.326891143824
1153.597060073396
-36.12043773931735
185.14764737447905
6518.908119019645
5881.409198883508
4924.640101923346
4495.952164917431
2390.5703859738987
1148.6237786742083
111.73609717741827
3113.906569269404
168.65997168312424
-3459.86018378772
-8028.052009283042
-2924.5008568891462
-2602.761479942604
-1716.7989051634115
-149.11236196767115
-2609.131356089178
-1665.8767938916646
-2962.3738594683437
-4437.59503928591
-1888.082652519542
-2353.1134311603155
-1074.7283298777975
25.603445625981152
-686.6085200230667
-14.85338083691916
5706.313483036402
3819.8054856097137
3125.40077480859
3420.725428392292
-2.515868396274518
-26.88672263581796
-0.11796443017100415
0.3125090376597098
-183.22734015922904
-601.9657906654012
-1942.1993923228245
-276.42433516457646
-130.2282842832085
831.0188219583454
12.149934650487983
-654.5905693801216
-5579.497221777557
-18886.94433087429
-23669.903821995427
-8062.805137500748
-8387.425782468152
304.3009465969014
-22.868333185521767
-2320.2261811530593
-16137.556324715324
-24047.959566248344
-22099.561852592567
-30025.774920490854
-8712.741790646685
-1057.3865842321725
-15.235280476733337
-1711.4001608325461
-14083.946896768412
-21550.942878370868
-17998.769045324992
-22936.549317489484
-12315.995169281035
-760.7343423259732
60.64281140931751
-1853.8180890221965
-8169.637017488356
-12463.041725428588
-22471.68143394738
-25258.237078624923
-7603.391641847875
122.69559480916067
-143.8055664712802
-4649.395730761374
-2855.1502748502817
-7808.3510548247605
-9267.604806012743
-5617.888607932055
-2023.9142937753438
-19.417909166676942
-24.889416276718304
0.5328935141733354
1.230046353062162
-12.806226014627917
-253.2240288207753
-87.82056802689836
-875.4673547066029
12.23569735348952
2004.8791033762645
16.81544022109875
-351.4744256088878
57.48016409124948
1162.7024160268695
-1801.7887576517887
1937.9677931881643
-3324.855071677141
2027.8351866792138
-49.78718788208495
-1467.2102684786803
-4679.471037197344
-3053.6089775956207
-363.89801783166854
-7219.986604531639
-4537.506641929344
-297.606904627662
-107.61111694514744
-372.95042880058924
1549.0261236376648
7859.343200471351
-2188.3124123510197
-4606.214543297993
2833.712824422771
114.29454090693584
-33.37061098579545
715.8217185503197
-2863.6416697688423
2973.3673687147566
1415.9047121940182
4092.6163011207027
2010.5652397262395
45.2827960270853
3.718683019535929
2152.8924452387396
171.1330324894023
-1220.814214058564
-285.5700025759661
-1099.5784941008333
-888.8591251521415
-28.336098758459244
30.273663998327457
-0.5384246082849364
0.7927480255477587
239.00701842246528
1217.6729791144423
1796.6735154871226
1083.2556164455302
-11.625437158643987
-206.91844215945318
28.48490676149809
-1290.8706314579963
-2108.5520707953615
2781.889373643862
6475.007305703541
-3100.0746065214303
-5833.529208365069
3419.247971484364
-137.61057105513288
-2487.4911031929114
156.5153255138841
1941.392230209601
-2240.575719174822
-7162.524812073323
1079.9601986930895
2192.571249133701
-111.41439617440032
-501.92184597218534
-2037.1566321164416
8043.918227665506
-6035.5472972714215
-10980.415343085248
3958.4493272075106
90.17049642239824
30.573984032410063
-2279.011672935201
-1640.2540460077407
8392.742701203819
4071.542930810747
3163.8141964335678
-2963.771137334436
-760.3400124406929
-25.688055562925143
1881.5077104704271
-960.6131962897185
732.3433403520429
453.3945200759192
-720.1191895951481
534.9561469488111
-102.58802909730784
36.41108079860443
0.6350762246134274
-0.2887292192083587
-13.160050878400009
-477.1915511618038
-2159.476971921452
-2937.179553916878
-216.9336277933325
778.0710646164955
56.02375842000266
421.8011680675843
335.3393593501276
4329.091835462771
2829.825511336162
2253.0111671415975
3792.831027638294
3175.323702542396
28.652733482112684
-778.2179455979791
-1219.7914837108315
-3552.6589717227516
-1684.283618977771
-3055.855516359855
-4412.739944260917
-2484.548264611877
-89.75565003382818
-3676.641635538782
-4366.539514274988
6154.142809437823
-2676.1156948013236
-1774.0864401826116
-1926.906146792824
2524.7612116246637
121.03282746112373
2623.5066433551906
2013.7556725726067
1530.9961084897075
-3589.677360221884
1952.1564943106573
2913.8529424513035
484.27207246823093
-57.58801054853719
4647.454665672224
-707.6645983870744
-1371.497852378106
1096.310614806528
358.02935693034436
265.31603707867947
-22.25834002374169
28.513103345474686
0.140954104745343
-1.311114390452097
31.40981162223014
53.92587699162901
116.28549571522034
206.97621853404743
10.304011089078958
-1634.86643213672
-32.485785154400894
-224.32711498608154
-2713.4977395267115
-6264.903894373574
-2029.4559192295749
-4859.237919986944
-8731.793799549763
-1724.0099800536282
-93.70141981010185
-2394.076849575124
-8543.069134908203
-5758.03306841741
-4791.3724500602975
-4900.789919427016
-3788.059645991986
-666.1134260068966
5.501553705216305
-472.49669807356776
-5001.580977197584
-2600.201530277824
-7473.872263749582
-6887.19347200918
-4704.274555776665
-1147.7424551028987
-31.782850718890657
-1226.3402368443922
-5446.652183120002
-8189.674196147957
-8995.37096272477
-10162.946325172246
-2117.5420207559955
-392.29867721496294
16.677854107877735
-90.76425684011109
84.92518934838185
-2084.3878051175975
-4636.787042922936
-122.34840059956154
1795.7725891868558
-5.027220140231464
17.087485665404184
-0.27227406379494284
-0.6333028456116307
108.86251172584866
470.7984774029006
-162.9725639292482
-2731.167025147843
-221.5750193985827
337.2216174740838
20.391613908790216
-511.2621688368755
76.92905682286757
3395.2403591774196
3379.2835232006223
-1655.5931222268048
1506.4536327941914
4130.98744281066
97.76789257603303
994.7019218703343
6133.78279389823
4674.509042768038
-975.9498141658931
-4755.238703240767
-6256.988309429972
-2957.9281672467437
-80.06843363569988
-5190.480355021172
-7033.334351253829
-2816.946818155042
-984.158262565915
-3100.788129683347
-2183.767598584098
2719.115061061335
169.20006879455892
-2280.329803089862
-3416.059872034767
5664.508123037651
-991.0082867678194
-1790.2115634104473
-299.1203460046958
173.28652092877994
-112.04927469929326
2377.2382458477773
-320.9014699399307
668.7889748352299
2034.6617306335268
1066.0986828666507
1137.0589139918472
-90.19871528808754
15.543956039650418
-0.006114935420155044
0.3550120999669327
38.29557867648955
-839.9410758199181
-163.07669261819362
-3101.42858764252
-96.9280939296548
514.5497999491741
-47.054717193517575
944.3933627528991
1569.6711752490237
124.22737126785661
-2559.4183314016036
1909.271610174842
4228.813710758176
-137.01313521891564
132.50187227077075
4336.088379048626
-27.041818258232787
3304.7221297158962
5214.116984756173
-922.7937394602973
-4083.3597673612117
-1192.0855039700211
-75.09297650551913
-358.8043267757088
2104.0531505781178
-3575.341259567127
-10081.056832536658
4085.64222673745
576.7245623840573
-1530.0252257619272
-165.5117279612157
-224.0423952935862
-8403.92569666033
-3149.1771205319956
-575.160721558166
1256.5352037188381
-414.437067078194
-492.44282745645137
103.60661339004008
4553.761895265328
3152.493731263436
3803.342235798662
2304.509272709321
553.6717260268299
1069.3901059008606
4.996538081643872
28.094746221297935
1.1787830582794414
0.5933494508938072
49.96920264465437
-688.0426346316854
-1332.6526961374532
-3645.2251610460594
-89.62210217869175
-1493.122392636031
-7.837175132899315
1056.7453930505776
3013.1422134993027
4308.222097741994
1772.8050665511655
3732.414593204638
4881.574227769502
-874.1180924382354
153.47623968219102
3240.8737954889393
-431.3813232106004
-2032.267188598349
8846.670108387993
-21.81669637199171
-1724.2329878654527
-1453.0626065212432
-48.81285783392721
-2737.0292979204355
-5713.028468556779
-4265.888577988289
-2730.5231875094687
-1706.507470152724
1826.0497138787348
1918.9136754612061
57.47437224609436
4157.2739780162165
-5125.843150810853
-966.3561533268222
-2072.942492785744
14.957068522453833
1126.932897825772
387.3046260514851
100.33546823472726
5175.151552027736
2192.366166295228
2344.9386496762904
2384.3602323738214
1115.0596462371248
348.12261727881634
-9.132019531582888
15.64151080730335
1.5212497475444962
1.219936178477138
-91.55697870765019
500.4324176079751
2725.358598369528
110.32371449166045
574.9517323340101
2688.2311990268777
0.33670802245147124
-399.29809724998796
6112.099280597333
25672.769948582554
18397.36923098103
11994.4900533164
3741.3477448149833
1367.030545755039
-42.917798763138606
-1886.6540532900956
26760.895937377252
25419.937372914526
19238.672144282544
33246.27911433304
7025.996521181491
147.99421292216928
169.1999684991031
4184.998036319974
23324.977329878086
26832.175168826045
36976.198753593344
22723.608853898873
14450.428468217448
1067.4465142094966
-138.2190647729863
-3043.5550413390656
9160.115420702388
14350.695764119797
23701.76562936604
35733.419613405305
16515.93158544266
732.1945293241363
84.17147633317035
-1994.6886491008165
463.57793304875855
5027.9855710205575
12591.105857389157
8384.210797813152
1035.0714670184723
40.15273890194449
-10.63210844878442
-1.5189163418267855
1.0175937228002576
117.37218470107459
517.4596828744964
34.86864231572786
1335.201843290186
-114.49431090777328
-3062.632372491774
-52.687553976726015
253.963718887586
1913.5564279413804
898.1224686973501
4696.4527907137635
-1632.1919196303418
1747.4246989237674
-3536.146410431691
1.1646839353378595
1134.748650980099
-1430.7405020644692
-1191.438382497781
3612.2685474709183
169.9695929622296
5320.027892662385
2166.4955265596486
-5.946786241702236
-270.5822553882644
-3201.638798728746
-4413.75746022202
-3440.79292285933
-370.96941543719146
3490.561820241199
2263.6194180695347
104.39908247105716
4979.256657455023
2269.0311444324134
-404.7324980479693
2207.458940813123
-173.79613169438642
317.7682546278436
589.7189381144581
54.18617167527574
670.0041294244886
1177.97466258896
-1272.4283204432231
-1503.8044518703887
-927.5638312103644
-173.6209201785986
1.8265439437195081
2.7041611577438784
-0.29779772600661364
0.3502034336975589
46.89353415825334
40.949260694444554
250.36445514132532
1188.1287558549323
73.7274912596023
276.81933902135455
45.943921513411674
709.3814287784114
1645.8803700843584
669.3657489242195
-2120.0753709126534
608.0438479273653
1284.5286964439636
-468.22854490894275
6.504274904133695
432.93350760496764
-3094.2080871234357
-6238.391862764396
-2861.5006783265567
2055.2415506568195
3442.573895319883
1606.9790286102937
-80.09998791258774
527.1759981513115
550.1720400365386
3528.870269960281
-2851.623685488592
-538.3534304278501
4101.572745218514
-645.1256296395458
-38.67592170700185
2136.473492412579
2538.085837492723
135.71507770477143
1165.0173810473952
5519.358960828765
-99.88046702377437
-393.93798289506316
79.35155121343183
2061.0823935466856
-30.46456643916803
-685.8853456513667
462.0082550337521
-1634.5519549640492
-2013.5734293351754
32.73065203808165
18.682227465391794
1.5479101426511366
0.3870837384619023
43.711240510917214
-284.5296940586424
263.8190348130441
-734.3925034225227
16.624700250634465
831.0427769918149
0.11993643768084306
712.2784886317523
1746.8530558762384
645.3890983328279
-2067.707319037507
299.81259783550576
-1418.1544509595874
16.440635442545556
41.26148062714187
1641.83898751272
-5131.377688923459
-3887.7180475526357
-1508.9833125118823
1250.7188661866733
-2712.5368841432964
-1245.1729713953953
-140.94712739537923
-1715.7652622745447
-139.34787323074076
3972.2014367808456
-3382.181347330666
1366.8935249222789
1320.4174289631828
-1202.8682318543601
-69.38417575519746
593.2570687565734
-4356.34364019419
-1630.630107407357
31.07445999110577
3196.580628294412
1002.0195464031335
-383.6342548010161
107.49730441205739
4328.986674923186
1234.136897018579
-241.02719289428472
88.5914609370664
-424.0328803095165
-367.81480923890865
10.404543668853986
39.94153528305919
1.475551142069163
0.008528207415390603
-53.72306302418137
346.3263746583572
614.7202409621099
516.4153249162312
76.7676964456973
808.768599953637
25.972215207207388
-708.3081077760062
-4150.576493877783
-13367.33142974318
-15293.19633072888
-9516.450609204918
-10141.396417320386
1495.683282174136
25.34076644833442
-854.7146050447719
-5900.923014882015
-10224.176030569155
-17772.28692073807
-14611.548634955578
-8630.994675542823
-1834.9219760940773
-19.89056004090094
-2439.5235026481914
-10779.214991200515
-13289.773857069002
-10347.833436557103
-14352.65192233105
-9749.196490952061
-2337.005002977396
-17.30739870264678
-7443.618327328733
-10932.305913068858
-8238.489809212315
-14923.351449352725
-17029.80494776888
-6988.344378338142
-712.6482852095686
-109.22845504807701
-4338.982560971657
-2054.2062514924814
-3128.7108735745915
-4611.1084508617405
-2194.1660574009243
-14.826781649003369
-32.06383711179479
-29.263448014107556
0.6504762715253931
0.5347617331595512
286.7202028895851
1768.149030760298
2373.7500596828568
3541.7994425842867
-12.904519530911523
-2701.559891204735
38.880470034292514
-463.5897468855906
676.986282971192
1849.4452658802231
6853.756486755741
-5251.501511987601
-2778.413843648398
-761.3176561365698
40.001470849097274
1305.575087714435
3567.237996342366
1392.4470734319505
-626.4756454921559
1586.192047132762
5722.654769750077
3375.220363728515
-73.37670071871396
-1515.3502605954238
-4960.64748187091
-2562.79457483447
-2111.021206611775
-6177.864217739108
5370.231283088751
481.9198329759831
106.5842052491602
-692.004019428216
882.0000883149111
6629.797396532995
4661.958938610221
2712.379509958108
-4977.552622147563
-795.9532908134895
22.085224460220335
-526.5639654070497
-78.34352564695014
1202.2833156720724
643.953220262737
-382.7725064155282
-779.6457524506346
-65.54453296148041
6.018854057653777
0.37927884554971913
-0.4481088225842911
-127.47566091170997
-615.9984912856255
-168.03942883664186
-2633.5031598572205
106.85015869278251
977.4247527517773
-80.11239180207596
-8.99607554837624
1159.0088425632293
-1341.7725965706866
-9468.718425753827
3883.3458309942866
-1347.150100454012
-1683.4247564886525
140.10082629992044
1937.770659465749
668.0110975831573
915.3059053737654
8793.363557059467
-4445.310122005669
-6478.719718342036
-2023.7272721915097
39.578803776943595
-591.9542387117856
4.3624568619341915
-7111.621417925471
3784.2629007740275
-311.337741051215
-32.21067885992567
140.70574707543688
-25.219879949185316
-424.16408172466765
-9663.58105115444
-3140.9293531239923
-1768.0261536783098
-2845.0656807881105
2266.623646040627
708.7763366232882
51.6931505204251
-1037.1349993529077
1434.7865122721464
423.9266784762408
1047.350027474807
1215.5810846061086
-78.08602352175846
-20.04946493546966
-10.85318354703019
0.859836715035664
-0.9288899055956998
-160.19538657966385
-390.9240269516825
-617.9560442885818
215.8278615788887
7.938783883519075
800.5519739235057
-13.52712380057964
-767.5849381938182
-1201.1785420133024
-1835.5650604551063
-5337.301802705439
3089.9164743879865
3328.409919159252
-862.7231339757593
22.5088126631044
-195.07663088185288
2317.247134653151
789.4155511911692
3554.8074374843263
-8360.5204702699
3746.5944182482745
2352.772459853915
96.71763575409437
3093.398193241228
4042.8232695266815
-7159.514627940214
1368.0045977417612
-3378.3425570941363
957.0751309253964
135.64958675259348
-21.702233011291696
1129.3539977950682
2071.331741043948
1515.161551817059
2059.6109140458607
-543.7550893551614
-643.9401121709565
545.6321416986978
-53.0295005829652
-4693.565096157322
-543.909631487227
-349.5891206661226
-139.79912320286869
-1046.0130663969815
-1652.8208156087126
-0.5272829824781808
-37.03238925275174
-0.3427367490690415
1.141551651779407
-59.05848126344434
399.59249901791
57.2961273579424
-37.731374640262864
97.98624186602648
-1157.0491669301944
6.285958010644937
-184.0506558940479
-2606.2222877122667
-6151.026348218857
-4539.981896624597
-7298.7036323431
-9812.38603675455
-646.5631971178267
-39.66272099723052
-2860.839652509003
-3828.5326857549503
-6288.008181535805
-11582.56702556321
635.0642932660847
-6870.141197698314
-3267.0010199167864
53.83436530799584
-2666.1492428382926
-9036.221083171975
-5162.1398771888125
1159.2392661127058
-5515.581154195007
-9415.464373309931
-945.6650221554255
20.73429232813704
-5415.493017525129
-5034.810260279541
-10274.897624002171
-14477.427595931304
-13232.670557765847
-711.850737551248
-214.527891322728
-62.0581857252199
-3141.1337673833077
-1820.079936330481
-3566.532768467426
-3736.5606775627134
1478.596478602884
2324.153773838195
-0.17184068851050976
-17.696411348892283
0.808923591062747
0.32507382012896
-51.236818307320824
-860.1557309301298
-1303.2031192769905
-1116.7681880487985
-109.37129003463119
-1047.4683824600058
-47.87590207168039
913.8150670267484
1378.768764035433
2347.323658215226
1071.8256535538524
2972.7455176541976
2536.4433176652515
-2320.46851492652
-8.819937161703367
550.5293900146999
-4346.83158457819
-5006.215685897614
2706.813469794553
-902.7052134485501
774.6584613883905
96.48768346150855
-20.35294074008267
128.48392923765223
-70.85351526917628
-1424.198974578969
-3911.880813881704
2119.803625583781
2769.3379278695606
1905.1199497565017
10.16355960803436
5865.328885817566
2204.0690834447923
-1978.6175328039724
-1051.853944045076
1288.7908341241102
3409.854175436603
623.8984407625413
95.32619758034411
3702.5964820038453
1318.835356144861
-2133.294620815363
-440.76606980768605
-628.9216351052376
-632.4802174131684
43.87464073615844
25.830772020028565
0.03345178613628563
0.2047602700763056
114.55821489912188
368.2975664224154
1126.1202006423734
550.5282452776188
17.39825300769627
-3078.935244021434
-64.41166725325455
-125.27691791298842
-730.8913838404801
-128.7528477243383
5795.547109051158
-2939.2101646857695
-1533.6162714862796
-3395.7273018008914
-74.498343903077
-376.70475728823806
1698.988393218605
4734.805418452531
4572.6860463486255
3002.1338908928433
3281.378315147992
1796.075955907564
104.38521290177614
2678.271431746825
1805.0286669832344
-5172.194621973321
-5638.097911832004
1092.7505747398745
486.8077300270606
-316.34293049660016
-75.91990809231244
709.6916328078775
-1679.896841970563
-4575.09982251019
-1375.1892451883084
-3159.4343728474414
652.8959730346895
-166.27591979432955
78.05377678704926
-458.19959868441606
2036.0014036479124
1737.392864658326
-2032.5537525716536
2189.2807446708534
3188.022147155399
25.650429142358554
12.950054912413847
0.9012773601521479
0.8077963134156981
-55.18054546289695
360.13458859706714
2090.0170740347335
-891.8833899256772
369.36969299634796
3287.9726036838597
1.8482316789753137
-252.36882806752502
5663.198675686913
17270.575387428366
6913.9112025049435
7656.220776755343
3499.3772219587763
2490.0070463672196
109.3693588979844
1640.6812871781528
20522.242137140453
15487.133973585882
11471.035567590385
16215.794248421027
505.37596143741285
-780.8481403624847
47.70301731421001
590.6311176364521
12064.62758894651
12270.592999126073
21080.749760772076
12673.393756131425
10722.959944830987
1426.1360117582835
-52.373954985898756
-2932.882730185497
445.37324606838746
12930.613319688247
16167.979863080493
25040.36557932434
10441.345350130947
689.5856382586776
52.74134122190575
-293.4066972646688
825.5265658720344
3573.640677263277
9715.347883895056
4415.7935499127525
-848.8314680856728
2.2489590572131384
-10.215568649977032
-0.7482310302560321
-0.6553024406098686
81.76575244078809
12.451048570991594
29.21145583414691
-415.9523697982137
72.49109664669633
-1962.780868671215
-44.39720373594622
1289.2194078428108
5161.471422376952
722.5002571078464
-3003.838675327671
359.94505627320194
2619.417933663908
-3518.281888115074
221.78324038942282
5294.712056283584
-2321.901064852094
-4356.377730748095
6112.608074873268
4064.610667272304
1465.1067951026396
-696.3798462391189
-34.21801533375092
-3276.8661517590094
-8024.801164013468
-8139.818969602035
1276.8929958342178
2133.922888692122
4283.824970746764
1612.2754084866501
102.09314442566412
4472.813218361823
-2958.2917637026117
-658.9050977264756
-52.19437141807781
-193.34535560547
169.25874706978422
572.2068803244805
120.94299059246423
2564.7119269758787
1819.0223033113841
-959.9272955376484
-315.15367416622524
-622.0858169697464
-1765.069374938699
11.645916690817593
2.5169778118711386
-0.3168959091447576
1.0191249972255771
50.52178062338273
-730.3509176566197
-1408.7829591902653
-4542.328682591352
-309.8639997064061
-40.80205572900104
-15.66544224211798
-61.543749473917984
-452.5761216019123
2176.497409204763
1455.391865648015
2012.6738745465175
3176.1746797967317
2355.748051847468
78.98284615029742
1888.0393724434207
5573.84429885111
5916.578291457412
4501.377667165018
-2650.0444912964585
-4778.54229559206
-1958.598142256736
-9.30043334997307
-1539.332147391665
-1418.828225540647
-7240.92203995061
-2710.411893556943
-239.80512663165032
-2686.5604726822544
1185.100018989354
18.632501777169775
-727.9012007893525
-4813.809360536159
547.2084704754328
-2092.772543258098
-3119.7341975641366
-324.80134023919135
26.842669482513035
-56.82131155213887
1584.9618897310374
915.979780195913
2346.800572451509
2684.5223578414148
2050.243058181644
2057.7395637329428
-49.589355047902146
-1.2284810234730577
2.4190173365929453
0.2632637379447812
9.469306969041156
1212.1173616142883
1391.0431109934732
2634.7159216881482
33.09529923763882
-76.60887544978921
-29.060599105785634
-809.1753511585722
52.126238466971536
887.1039779258573
3214.515605837338
-4603.174472237978
-8608.377217917108
-592.0630923506104
-96.41286420740762
-3414.3443493670393
-3172.382164183236
-3632.1113088180264
-8824.6308444554
6.154446337301703
-3097.4865935027965
-1041.046382844819
-68.45251004490167
-3334.392709600169
-1979.1672586357108
6295.144464766847
3720.747351801433
544.1941802228224
2155.8499816466974
2076.964275653591
157.9528113287181
481.7777959587001
2588.800366016504
2512.514509610389
-389.0502340960133
2452.3423926716637
4193.940469162746
565.0788614207191
-62.44709945614391
1212.791714577983
87.31924166961365
-5845.280759426948
-3875.15861712492
-417.90819524964314
-372.310287790084
19.636524015724348
40.5738003896059
0.3394450375072176
-0.4720599478108355
-316.55663647448415
-833.4193853697078
-1169.4217661390576
-2423.3071218034547
42.67623180121624
3148.038738388327
0.5713507059420136
-879.4262476797727
-8637.034449353154
-28195.968485363155
-36104.368121879226
-15116.598223556924
-22189.47997352466
2224.5984765754442
-12.238853517983527
-3774.7550821204995
-21378.555106602
-28059.82767434748
-36751.38655851768
-33493.587934939176
-27249.433762055403
-7270.588936134024
-69.4202239320953
-5359.928926568404
-19027.723548553444
-22810.53350362165
-25336.121501009144
-26501.85601026329
-23842.121500326586
-4346.732871756643
-96.88748069419016
-11851.340142027077
-26311.878577962172
-25307.232014492813
-38477.49664947414
-37279.622371565245
-8129.916712297386
-675.2285546730097
-172.35976588114877
-4671.25051257827
-2750.543023818284
-9106.094853388597
-11573.072095679803
-4247.935271770092
904.5315325600358
-15.956091945525758
-13.678710634284093
179.89104626133786
-905.5380313239499
65.02653255378813
177.01141006091953
-198.23101437902733
-1151.0860350286698
-528.4101459797334
-576.9340040181663
-1289.2757762358576
256.2268342555849
-577.6569554834472
-726.5830979860363
-416.46390849425677
-773.2577683201164
-77.31190276737378
126.70353178954412
2410.5372101407784
-101.24441351206116
-334.40050424420565
-54.61142597529532
-1085.8516666802632
-593.7155783916581
1095.1467296621079
715.7513302587244
-766.6020301350557
54.81190267291601
34.38874218458877
1514.9163659952449
378.6837508748393
-188.8369526224148
-263.19181658760147
-2000.672145368925
