1.0142160481825597
-1.1692652787685442
17.39442258432144
102.27024592771774
541.607612365275
458.9317967760094
-148.85130752451101
-4243.569599709002
31.137006994382613
211.76215503817286
-271.8779093463036
584.6086032922747
4891.240768956595
-3784.2059986557906
5855.3032395449945
-2937.3248708458163
188.20218029925124
1724.0521695394898
3159.0588890759095
226.2919785151123
2228.3262239088967
1308.3655034486583
7066.138726549028
1654.918404725878
114.77720084729242
-345.7535020847826
-2411.553462337226
-9075.03352853555
-2080.397958375412
1253.4008952866402
-19.833886799833937
584.1712815539528
-86.54329690811963
1456.7558834149934
4569.254327471273
365.2336003627441
-1660.0733506474398
-2532.897802207318
-1047.2653705672487
-236.02927508028407
-90.86439168534312
-2589.4557620615283
-79.66471555901191
2003.2442957507865
609.7674654612491
345.15128843472615
503.3920359823786
186.8112092646053
-50.0578495280951
1.5081668145056146
-1.5711863523163463
-46.10367204267809
-724.4175225886319
-2087.5598750429654
-2012.8492643548755
-226.86374012545554
2752.537936225009
-66.80614022634731
-825.2125147156187
-724.423561366277
-7580.445989204464
-15904.365370261983
-2069.3487734690952
-296.0237342720443
1007.1034927177835
-50.877546511458384
85.6831233054378
-6255.32106681944
-12118.590836345304
-14300.599350918494
-19472.511581950323
-3567.980002030775
-445.6578188555732
26.665236911733654
-866.1447800009256
-2613.0146094499155
-16803.01227393375
-7444.699324100287
-10028.940105218233
-6161.683562011111
2165.645340781553
-74.69306884598605
2534.990210058434
444.7472591056359
-5275.471778038805
-12890.244373842796
-11694.502829424451
3047.05299957102
1696.0799196535254
-288.5752982467751
-2650.423114410991
-2994.115333973754
-7763.436354697634
-6210.867290381862
-2674.9125211042347
-1491.3971712764378
-77.99690492467522
-4.556678206485441
1.2046248162321733
-1.2589330492287842
312.01209797760123
1539.017378648596
-434.9870515643748
-3550.898314001471
-201.71522901640247
-665.6365194860683
-125.22396714796638
600.4552266655477
2897.711195878197
4945.456818920111
-7578.84449353864
-188.79800078387402
1898.1546534059523
-3921.262812916334
246.44541958622978
5370.071123400621
-1254.5986206872024
-2628.560927879508
6277.417913796307
641.0866473711103
-3388.46598871421
-4567.983774381969
281.6602560833411
-6393.95580029215
-15124.403825285153
-13939.427607423504
11046.615495469596
649.7526513465381
1031.2833007709971
4088.110340017399
253.20632637761074
6619.923449179777
-2447.6413875799344
2976.0591009108784
-791.3745558119654
-4014.1534506831117
3372.2548773631624
2387.8931486459446
43.235378766686026
3625.8214897902362
1821.5107547740304
-5344.44295375658
-2093.307395988797
766.6425081701651
-2022.6866710651354
10.03815396791983
73.45864828468795
1.036719528925611
-1.1429419135429741
-174.35216267449962
-841.6687469816179
-752.6280867485382
-1285.0654051596441
-11.346215618234456
-1062.8209798118792
-69.63854747462901
1630.9012978550472
2817.9487842378376
-588.4878536393023
-2502.3643767954604
263.43401825075404
-2117.040876868698
-4550.451435416125
137.23726596100067
1153.6031064187555
-4164.627925774589
-890.5250720327374
7770.704675448338
4527.701933978667
-972.1794161298737
-1480.375574194404
-25.250971035016278
1179.8990601713874
1904.9734503169054
694.9973648393976
-7566.578257131795
4408.4551734288
2984.2487990457726
-2971.0673052691873
42.63914153457794
1905.037681830079
-8727.743664931675
-6961.079727330107
-1338.6249109684047
-71.81061948740577
-3600.508715643109
-867.4377998012135
274.5576492309356
3055.677658596267
4595.064511753279
3566.824214275988
-710.3396283417745
-784.0001161951167
499.8270401204081
99.32730927578265
-12.741231420363135
-0.6816925830908281
1.44459366590938
5.835794969628843
-194.85749028054863
-918.4070997234788
-921.1467473468161
-60.961170686782474
1152.8705610073182
-63.62387593063424
-786.0625262899819
-3532.169753128531
-9980.935139822168
-15941.125994822063
-4867.572918843742
-6667.6824329490155
-439.1217717399852
-38.93229087413976
-1305.8013461698079
-8216.022449233586
-11661.240035256464
-14870.321390311203
-16618.002249392808
-6176.97040103092
-1551.9580245104999
12.977970914105784
-1537.3427879622568
-7395.132107303916
-15619.910223461957
-6306.195460967119
-12982.046221981367
-7955.828005495369
517.3347731954734
-39.10053106117883
-835.9941508842259
-5428.492888217818
-8143.433446075121
-13848.878037351225
-14722.707266077901
-1517.6741297334781
705.0228928614272
-184.42809934526682
-3080.0036588111125
-2267.0434614187375
-8148.699533957507
-6826.332669535721
-2326.4091002319037
-722.1027474928352
-22.694196172097975
-9.983986770218802
-1.1452149598727974
1.1531782796885097
-99.54167159070201
-788.0019804332418
-2544.1660802289452
-3240.3301572763844
-322.96153911738537
1176.1174447485905
-3.1325340633820917
263.50687196912827
-1710.8630069549079
-9505.632086175057
-18993.009989619466
-5373.764945421451
-1778.1592239144395
-181.1631316754691
1.7981669650574728
-489.4999830432498
-13740.319780288773
-21140.50134665601
-15320.369209373837
-19052.065744612366
-9735.012389855985
-2331.7561355903717
-4.222485395510068
-2688.917859267774
-12440.607707170022
-14972.659092167833
-16046.683498901437
-17099.00810556623
-9094.919947937766
-585.1085368783206
86.49618756058075
913.0059619820132
-10035.288712411919
-12387.516121658678
-20070.012521338573
-15313.74070834935
-3680.537877080131
379.5941311075655
46.70525396662082
796.9741003858543
-902.876647428066
-4919.5974147971365
-5424.940772037503
-4048.3522052617277
-1652.0194017075553
-50.76295452408073
23.089114236678515
1.0357659747383876
-0.661054222507622
-70.1523371798119
-325.46391892715155
-802.6313153593966
-942.1413536893779
-20.46703811892741
-669.3164933456591
-62.709553029298576
356.8771433073889
-3893.5705619935547
-12512.28207763063
-15323.516594559273
-7430.981260134329
-9765.445415474596
-2854.3130596546753
18.44464906977943
-2502.375615125151
-13895.047099927118
-13831.255458140364
-13050.01837333816
-12460.321121877834
-10304.03291472242
-3086.8568744911618
-42.46845864664424
-2156.3282728604872
-9109.217809378242
-11435.967341439244
-15230.452650799543
-10933.784227594033
-7544.392605324347
-2066.5480063075943
91.36814322501476
-1092.5724043273576
-14916.360974117662
-15550.03471862963
-16549.82889898281
-15977.163936963208
-6976.515087266412
-552.6801587618171
195.47214959280024
860.6342917899966
1077.4405634971083
-3881.619123854253
-7204.132723926726
-3685.13345311576
-10.153411091157981
61.5775516912527
11.773972175065762
-2.124548809751666
-2.0245383054652133
156.86979160385945
622.8020789459097
-1114.03650567711
-2926.939832290107
-360.81367617904067
-683.773793541913
-57.484771304110204
587.387077493427
1852.9827891912444
3095.5780726412236
6108.637714909797
3.4104268230222785
1073.7322493410804
482.6832743718617
-127.5268379457997
-1990.1668739111315
-8533.530841642123
-4618.513093267707
506.46808324110077
-5529.159657216148
-2937.2384137687186
-1283.4253947514062
-66.51621859000113
-2660.461119049834
435.8798831745445
1178.9390850604634
-3910.8399898993957
3163.4294857134178
2885.2734190573574
3674.0555752787177
248.39078260217482
7311.4956525368125
2539.059883098573
-819.1030254826404
-1020.0644958974885
1011.8603346685273
5884.146993450971
1846.7181275999899
231.2726807973809
7251.5732461883335
985.2393880928851
-336.11147776507306
-3708.9875750391675
-2982.0049555121027
622.0302884064138
17.13930250597881
81.07835584456444
0.9205593638560309
0.09578093796597897
302.1045180240714
1793.7632104284016
1308.2113462254572
1353.5121354495384
222.05866437555406
1006.5920026675675
-72.27582687483476
-333.2636237515209
122.40929522322645
2688.239165871069
693.2572935692239
-1508.2808617516514
-8588.38453729848
1152.524340824328
-153.21511485473394
-2097.579439317823
-3902.0698135201505
-2363.811109258175
-4675.820443810591
-3138.641232050585
-5618.309667790928
-2121.359264115228
-33.10744499653965
-4017.5733394537547
-6493.954739261722
1820.8250657435378
9232.338098252336
-1340.0492397854825
1815.247512394156
3435.3364584878354
196.59474319238254
539.2283280892295
2244.846526925802
5164.296470840609
3732.14685230374
1695.6714749147106
5298.667939124057
1719.0866804322616
15.753653329691076
2567.657542877084
-1139.510538897473
-6514.535751651998
-5073.993127688648
-1782.5344695341496
-307.34712030547973
-121.42934823768915
92.28566710164277
-1.6475297012087933
1.7687822362560968
-38.82596113178312
-42.197791452399116
2156.360548586643
3464.75614874319
248.45033927321919
-2418.6577007625924
-146.56835800407256
844.6103113195098
-119.56770521999748
334.91329980200106
-1879.051378222683
-1901.7729373715579
-3527.9098421478984
-6381.714013949705
5.803932827629612
-612.6604384911692
-4953.145809743461
-3599.5446419279847
-1225.7242506926555
1125.0606057982807
6687.420185436654
982.3203789338718
-17.84591729419297
-481.54052678678045
643.416072546602
-1370.7213877502666
6067.838066037078
1671.5978677768233
2768.9091285965487
700.621447588502
5.03702003378664
2698.3239723243464
3930.191388115111
-2597.0314468362403
2529.2984027519524
-513.960674850849
73.019546985657
554.3661405922904
-47.239128400730344
-789.806022905559
982.9942147105224
-4771.2799366554855
-5225.951433801893
-1387.5058572806486
-956.5802284921706
45.09130894256966
6.501644684828976
0.7184204318930016
-2.035324268948228
78.90176440364898
209.67067901830518
-1669.5063805560299
-4736.699391850465
-49.21998594246399
8657.069278569477
146.03173972792115
-619.3838400030503
15021.607327412554
24684.68063654068
14206.25151490936
18144.130135616302
-2169.22368260391
7952.7183702916345
-304.9041308761996
5150.148643267034
26792.502261938884
23653.460208581746
28863.828216343976
21021.451801391948
-632.7568997202419
-795.8276291177998
-107.90603011940614
6395.86862621893
17680.830168075594
31608.495148390888
18286.479232739515
21815.361902189212
9781.419885557498
1544.990671477218
-232.38426143414458
-4376.002124790008
5199.2323015029615
17641.946728966992
27090.72396734131
31373.712845686303
20355.27747186326
1836.3436438041424
-443.3953734645777
-1312.63196784501
-3374.3608133131447
3418.7657696968427
13254.516741859517
9284.867983388258
3219.4476894999334
-225.75063728357276
-16.32213834124947
-1.980442194809348
0.8677413581223141
244.31548674831905
896.386531468259
121.01847156661127
-3137.587139627239
-121.45322944718318
-4037.521691913555
-57.4903176747893
-542.4022701970625
-3087.6405166577124
849.8487993413686
4546.118067990491
-231.7594292003591
-1582.109092813348
-2496.1063537494974
82.87110799119786
-1280.8507694222285
1513.3503120731914
7875.240429554535
9996.377979515659
-622.0122525305251
-152.1531503147196
-301.1852546850947
54.681524184520306
861.7693620683729
-1996.190005320968
-8020.082187108446
-2259.761800260139
-2537.832867849295
-1166.8509399869652
1548.1328154011055
-68.57401073761675
1793.3252977816226
-3735.9156249020225
-3414.8620464624655
-2786.3604664048153
-6809.848106791504
-1491.9448451948288
-389.69697684220137
33.502619170117505
1047.5266464465537
2313.7556042564956
1604.9325034601184
1749.6580270714649
3916.639415303501
3085.3573020636222
266.8473894354994
-61.03644127346927
-2.2026868228360086
0.6179342288249163
-69.39650962710654
-397.18128877400034
-1340.2233609766802
-2919.083897610702
-151.65939621669648
280.2204121427686
-42.38518946869873
1333.1598091539577
2239.5212046573274
2943.4223239156004
-1979.2868060758788
3354.0521759114213
982.1436603497374
-1436.154066197113
-77.58796176311249
609.4392641851357
-5976.695777214669
-6763.894204787148
6236.6689011333065
1326.0643401957525
-2040.7703950334273
-953.0190589075993
-69.639608377501
1061.4268669652183
-2442.0256173277367
6238.734046629083
-3439.79244426257
-4795.11729726099
1770.305695533506
-1321.7043081075603
148.92661297250285
2422.4769479706297
-4707.288806479147
-3908.4426986771537
-602.847746236837
1650.9462880004348
-1280.8963199660504
-380.64598554246305
251.9496185522107
5150.973139016095
1976.6826690977227
1001.684916734956
1266.7032654404936
-352.88120972946
156.81429719094416
-68.47226815756443
42.91530096056731
0.8079766348481923
-1.7802914718376823
92.45125368972523
736.3608513416577
-2581.582677095867
-8553.905317174827
-533.8046584559819
1620.8857659342284
119.86638729095112
1183.3291678353107
6083.9865623199785
6850.690183849347
-5257.836983385424
3133.1535840900956
6644.7605201428305
644.9286771572265
177.19829910472484
5195.986922748156
1502.4165432340224
-3066.6601126903915
11673.847016305443
2929.349715124903
-11805.648724344303
-6436.923885298984
123.72773523144623
-3802.2648884754353
-11058.109668708617
-1278.9307424203637
-6197.037122994089
1884.32784169869
-2213.28145522762
852.0347560868996
234.15477781349975
3035.607470466949
-12042.868618057755
-2766.543463024963
-4867.716286368082
-2348.8688620653256
3282.419169019966
1094.5894979503
307.3119857998392
7388.887843386516
2695.9751821118775
4851.962385565755
5530.232692183356
1183.1763457075026
560.6394430620276
52.40025431901486
41.342454653756796
-0.392538114582648
0.8787786735111426
-158.14929465063125
-759.4750257466013
-120.80120740101877
1024.2315379390584
42.85365175653344
-675.1619828466618
-73.5145829559063
2555.3267707719265
5026.970638175855
1729.9502236061655
-2757.166668467733
-2503.9444661662465
1552.391662862639
-5210.674911922209
76.99474242541677
2096.1904495665317
-8142.765694244449
-9568.62114457523
-52.780931057590486
5934.638903650629
-876.2436156339477
-1861.3842233233665
-13.160386425095062
-2994.203023956571
-3512.729465850016
1714.9389549389368
-1346.6893426178049
6801.871016051922
3802.3200976257317
-1214.1219266573853
255.42362125896148
3922.572359772408
-1417.592981497469
-3788.573642122855
-159.32732881118633
3674.966762054565
22.04474768196676
701.0011652044143
333.66282380138165
3821.192012232663
2797.191585482688
440.5650369099473
-4421.241008138351
-4649.688187321557
-1972.2134314263449
-20.347258837669035
71.5903218910459
-1.2335778593181748
-1.9722125594302935
-14.728914455102457
17.220590936032202
-247.56919981343157
-174.61296264484625
-221.28839586705186
-2591.301987001742
-47.753261226096065
339.0503492125365
966.8071985657859
1273.2765571608847
4358.56194646324
-2117.8328142051564
4537.064759875138
-2500.9603337836807
33.99141014481611
85.67961573010916
-118.71040116873225
-3299.9866476015623
395.9234782384221
557.5257288776686
3947.917985263495
794.3538924844939
-3.1886272454988323
-1604.3681721359976
-1526.9430103906209
-5251.5491147791045
-672.686634430635
3036.0582659460943
353.112924028872
2240.4113763339246
-2.8892621508274323
4576.124785176871
5534.8571493584095
-78.56795040254191
-1379.5849104276551
-659.1669412224327
2737.161594569343
1013.1229074221063
-21.47689959247095
-145.24098022199794
-667.254447519137
-30.575092923614434
-2167.4797951793594
-1442.058840515716
-81.94593733381582
105.7794328669772
-5.99947372357762
1.435120304330485
0.03996970929908635
-28.693656547991974
-277.63976092734777
-676.197036152436
35.21062330793749
-97.17180228390835
-120.72167125984258
20.8650438549183
-119.94971721423633
-2807.688518665887
-6580.987456419005
-7895.430172515872
-5604.449362069527
-3067.6358220983643
373.87318797189835
-93.20563531394251
-2372.9395688883055
-8972.235978103094
-14080.232419552476
-15979.179278095471
-12361.191218609085
-4807.686441928877
-623.2374414441035
-73.31812609221568
-2053.663578821339
-7833.803962867808
-7602.866065165668
-8637.713859429465
-11671.37577355483
-5908.729630238426
-49.58383483298317
48.40844005778087
-749.3698076596877
-2069.0816646235667
-6602.935022765457
-13223.39913486736
-9330.294971960506
-1733.0004019195774
199.78054397166113
-7.403092462838822
-677.9103156472894
-2304.252406410847
-4811.597239280925
-5197.146285742104
-3269.37803152213
-645.8834064102552
-15.690201087339927
11.723680604349397
-0.40409223834238295
-0.3906842307379396
26.36830717140243
21.12496159439681
2772.750520553763
5327.016852369656
497.4831063389545
-1895.464161040723
-204.6809780220194
-744.676261897037
-3784.1453113127623
-4349.137414960594
1640.1000222135342
-1451.029406685499
-10745.565353548576
-3855.9396901192267
-189.9134158611081
-4861.651683509397
-4139.832121761262
1691.6574031070106
-2231.609150393691
-4087.803870542189
8248.155540909962
3964.88728437815
-110.16139124222028
4167.472059330323
9957.049558507108
-233.96218004956032
4005.9495816090753
-1612.8197459064245
3227.2767739824158
497.4950642421343
-187.09125299943918
7.937056132868923
4958.352880165877
-1991.4943819389846
5058.4215420837945
-1521.33544255018
-427.83030074733506
-355.97516709280507
-167.03412137347277
-3322.9111967077233
251.56154949495905
-5023.95281347611
-6825.160573387556
-771.9470228097289
1337.8250157608077
64.04900478484956
-33.68770965921336
-0.3941864949476399
-2.2528719797039
38.996831775877105
105.11139439983077
-1859.979227524231
-3301.00647181857
-218.53255971472012
-955.3410868010507
-16.69851136690722
-435.813898000256
-8540.303148540419
-18237.40416664674
-22377.06652646655
-12193.30362438939
-16244.733943674568
-1721.7837128029382
-123.05060978251137
-5791.893378487837
-20077.839331528587
-23952.35843894499
-26711.2519686284
-22872.07081854041
-19230.91243240151
-6211.748411010734
-137.6112169421636
-4446.583237906708
-20962.825277641386
-18925.79370644971
-19534.123465406818
-25138.66173366631
-18029.093045573547
-1867.4466901186358
118.37593744992799
-4366.190398852058
-20818.21293675116
-23389.81533020124
-31639.033208772627
-29411.957766497515
-7691.356780637325
-162.8505234277473
102.73100401451289
-647.4469222629239
-2486.534988705049
-10244.372777336617
-10583.651014103814
-4384.516377429061
1463.3397479318044
133.534036176136
-11.628526898397986
-0.302381263985686
0.5522214466393591
-28.183874914831126
73.72655501307368
855.358086125113
719.3142114775884
98.73463931458721
-2904.234940747337
-40.79530396478319
677.156925766898
285.0622674216275
-1658.7127807567674
698.1853131624914
-1533.4840630952303
-209.782109196321
-3100.268906706304
210.58021221101876
2385.6995209384077
-1667.93763043356
1308.622698384739
7101.437800761102
-1866.1506676182341
3506.4164400209247
2110.0245320106533
164.10063063943977
650.7815215459746
545.850721221542
-5243.883022713097
-6645.466913932248
-740.6023686175962
4580.438130695995
-953.3312564721023
10.588194570707646
2028.0947189303345
-2721.0695103640305
-1196.6088286570878
1601.643779081883
336.5448848745329
-5604.985719374331
-1147.317681055407
206.21885061639836
1312.4990531641995
3985.117005546719
3945.1895283193357
1933.4394705168847
620.180525113322
-780.179001676686
46.65127848571644
6.559737406666898
1.2077040416576315
0.25036504439990287
-10.384744457514897
163.96255772042636
478.9168465208085
473.18965516820674
70.86798955519164
-1117.395679549848
45.53405387975511
108.767511278803
-2012.096611658617
-4080.3360733909394
-3721.9710308260746
-3946.1667115795126
-3413.14596574369
-556.9041085744245
98.598808576065
331.35436568010124
-1232.5671688322818
-2198.154654224884
-2033.6125926194472
-336.36167216714654
-3498.4394126847774
-830.6711397307015
46.19894802952738
-1034.368674634525
-6435.847105934969
-3053.56985481614
-5227.488341745881
-4814.99040757628
-2753.3575927263687
-2078.7571839703014
24.055451817308015
-3528.193849846406
-7711.537247709904
-3644.3729886362958
-4371.787316961844
-4119.359245411004
-5622.596718044038
-1166.0411627223707
98.89036182343135
-799.2807716953423
752.5507308498422
1203.1378646961214
629.3959561963195
112.10525212355007
-184.2106640585264
22.002555261813814
-7.965652888231606
-0.2620857823110094
-0.2901356338367685
-33.406462103566454
63.95677866675958
1486.71424767594
3292.161016674795
349.85386644301735
-597.7760147328714
-69.35750215219734
503.1579302942759
391.50420651869206
-2776.991976327085
-566.3710397546457
-2111.4748988637907
-7701.70169211753
-3346.855158396645
-46.03244612991116
-901.7716563814844
420.6188285701772
522.0769532004341
-3613.291422744864
4173.2464641186025
-587.3826283737561
-767.6289640701848
-42.39551666882446
-656.3436027402993
156.81742273965338
989.7538303700784
363.7780885824966
3018.278358700185
2662.1680366389837
-1433.6883172609369
7.309832355789147
-1783.660841919145
-2945.3449616684175
-1554.5690663547134
1658.4798913114196
33.385428684340596
-447.27756047081135
-414.3601228808451
79.05913953974012
-1443.2589706092422
665.513265124923
-1655.1443063093334
-3946.1617718246657
-1397.6860475557178
212.8650001209123
33.4636204582318
0.20702098963187401
1.690490274880462
-1.3565021059557154
-380.63002836585486
-2560.689806281083
-4002.9332094160322
-3870.679526701107
-53.76754609011272
11881.267158298711
-115.41158062431326
283.8183774276197
8799.231139601947
-4509.031725153657
-34953.26340030108
9415.54523124247
14.658991738805218
3981.8971452640244
60.10585904060568
7358.810062654743
-8887.368625960902
-14283.193426278285
2700.559643477769
-23199.825440465014
-7406.80212458905
1049.7937003950958
194.2956365261569
3380.4676428431226
5292.449962880424
-6098.543438958931
-10987.399567483713
-10377.066128850653
1848.2453345303277
-1523.0733744591837
-110.02952281192499
2427.5536948434137
-11909.680921859464
-1006.0056905986665
945.2762654919197
3077.7589819620957
68.48884771886503
773.6772598459237
-209.06282133271233
194.9441930017068
2378.707997921598
-3053.93431231236
-739.793371151111
-2777.5517090120698
-6822.3143820239475
-589.3162700827146
87.73936796575944
0.03626113587141267
-0.2625429565466825
240.54605508094355
1458.6095757439452
801.9125934207643
-1261.7478064136064
-23.82055561211446
115.64340111039603
11.882154132805733
-269.0175408764121
2045.144467664584
1511.932841931666
-807.2138307805039
-707.3791781167745
1498.4926752427261
2272.1500865893618
199.56645703173263
5110.271148962213
-305.6844892808806
1195.8766966825115
7812.361903990356
-8509.399656898508
-2464.865650785231
784.1294385738379
330.95863813120394
-2460.4739050195317
-6079.998234312427
-7024.872854410362
-2512.39595807878
-2150.228825887664
5148.495987818391
2794.5278571842746
139.09238426596465
3139.402029664573
-2109.135110495359
7563.584409432565
3651.0190828958944
1313.7304295595422
-402.5786570183859
524.974091500592
155.93538251163073
4607.73507928079
3480.740232777849
2830.5865966795036
3526.1935724570326
1132.1334946818172
-2208.870959088505
-160.67952896240195
110.70768016273587
0.3720013017207357
0.38177632168571646
-122.45501846577682
-810.6943387874868
279.08933858477315
2034.2843847108338
91.90210512615313
248.12499168337786
-71.60513116580587
206.81384686054986
2084.8570458423023
-686.5224593637953
-1903.5259466178798
-1232.4333992654974
636.5648303275316
-2107.390605882026
16.358322770610613
1198.834141991355
-1010.2672632698528
-2560.847000068038
-1279.9628074284499
-1507.7404296753
2798.038694867781
1753.4807535356776
27.878419584853493
-75.89573123386161
2910.467059552776
-4044.6432444095212
-458.8412377290365
3161.608156411405
1687.8036974652514
759.3911496285955
-99.78291783546842
2167.9202173432827
3912.531366768263
637.7655131012434
2472.8078156101606
1843.9502178962853
1437.3386532226505
747.326873014421
-126.0816134617082
-1853.2564907829021
552.0552693280998
-595.4455827377594
-3473.6611667689804
-2107.545824599306
-1515.7186979074368
-58.616207759908534
12.22059490062173
-0.025636751907665425
0.5456123318432622
-37.28274500260144
-264.0126778712612
1720.9365795092965
4317.46005279148
379.9542656693657
292.6187109661966
-56.57218988257276
-733.2015378284891
828.6339530872776
-5086.622451277587
-4543.125724900485
-2848.4656030983824
-5738.21986198336
-703.3960897489768
133.09473081905895
2590.8102077693725
4007.997087316263
3999.286052133758
1513.1552598998471
-5161.28996123116
4636.5365149295385
3609.630146804317
169.0081821999338
1884.8687708789937
5755.639405703404
-7158.342852378926
-2248.5325171106615
634.5844266222923
3799.565219181585
-411.36789715176116
-200.57849640583166
-2226.993918933051
609.6222727824921
3344.4703388178077
4958.551269087569
540.8120760491079
-2019.1178531726007
-668.3416220435677
-254.74220340256434
-5716.10575583289
1200.8180642899194
-295.3551850431188
-1584.0225249111058
520.3308160759186
-1714.2356513689247
-107.96204358206096
-22.752466512760737
-0.8102854819461215
0.36747801435863003
260.49615981054563
1640.938905827815
2019.6660790104575
3448.211975425696
313.95556325351845
218.1544804757322
48.007001489776
-1156.5582514968557
-1639.278602486452
-1365.9802299158055
10411.805529598467
-2564.9530907956373
-8126.215350345422
7276.869647988792
-260.0559003813602
-3361.841161718697
-3765.494269025123
-502.19710181593933
-6120.851889790543
-13898.6314074767
-2316.4159287340326
4403.630188721895
-26.171175711223107
56.83397765590683
1994.9313202560077
7493.168626170359
-10409.697576151057
-6450.837896432179
8284.61177023122
2428.138800568562
160.4156366265595
-577.6180826670568
2234.1854515749574
8279.439559355398
5120.006937230911
6516.922634948257
90.21141107463868
-683.6966409746254
274.0879449366122
5795.660162913713
371.9010527941967
2562.193382785695
964.0583220309483
-2019.6713557587138
-470.1093326488594
-225.52172989598452
149.51433203525787
0.8253343377264701
1.0029279338438417
142.2423683617651
1339.0771033743624
2925.938852091107
2524.766235240149
11.802052443184472
-9432.391308688724
110.80124539493912
528.8634533902299
-5001.93269709476
2656.136328018711
18587.51284552787
-7744.836106698708
196.57073925955024
-3721.2650110339896
53.5689824657411
-2821.5123476654876
2712.616416671959
-196.95694107711265
2541.6070235049674
7797.3960194259325
6018.943764918535
2332.183562708464
-48.312284228803776
-1172.2243900449512
-9751.353175259954
233.53880931802306
-3371.9848340592134
-4281.97596778904
1295.0379804262059
-329.2536804019078
86.14554588654731
-1863.279383902973
2735.7405033261775
-893.0331072493215
-3400.4552465952816
-2261.8592061874115
-5940.770287711324
-1955.0871746475414
218.9195174478697
-206.61368576419608
529.3225769935949
5045.775935149621
2666.8488388573387
1746.313785088112
2976.6055623378456
277.02845294735204
-45.11953378472731
0.19005838734659045
0.1634307116555252
53.65321884058686
731.7267926967487
2037.8464483312137
4115.098138498216
582.6892439605972
1484.8059916163681
-23.756280714995896
-12.170556836954683
970.7673274771336
-4773.252399730741
-3035.0662091376475
-4663.599026297637
-14397.258683718677
173.82177651429353
82.92771255948433
1068.952601050409
-281.5735076552498
1851.3262091456252
-5199.843822990663
919.3129404342706
-5795.526015049436
-1740.1525253716404
104.25311297752602
-2638.243600588866
-2824.8784613237544
-93.211768809274
-1915.3076748105168
2097.5469532209218
2990.1952901756035
-1778.3920344011663
104.5240135550985
-5530.073502992936
-8562.023749256228
3118.48730171232
4617.528918496465
3014.4159507896943
-2675.531995321646
-794.9213863691108
168.3143288942072
-1335.6594868420016
632.6368375700443
-1298.6287408750932
-2717.587905941927
-1359.415594958716
-1294.2398211334873
-102.84408428895135
51.33677711544651
-1.0010372320039287
-1.5416999464694414
152.82167118477741
614.6818605623288
-2098.098308602629
-5997.951654953908
-318.78835092523656
3940.61974628285
86.96314889466083
42.95965050932511
14227.32396457291
20510.925467524834
13226.392187781821
9957.156703990078
1592.7815928551947
1986.0522664426485
-78.79474983091849
5707.650624107473
26733.753992479946
20735.50453656682
22546.373491793976
25068.80285418168
-1511.9147004960496
-4702.425018821054
-52.7748835849027
1691.1338239335253
10702.284467208252
14063.215291146797
14829.03208607599
29896.500709450615
4823.113764105281
3451.833759719319
-131.25797911436777
181.43726692345743
4822.056032099239
8671.998867600267
14233.93437323553
18177.314303921266
21685.270927799127
3250.1255644137455
-355.4353986436432
-1369.281889986721
-3353.408447765607
1695.0597775006374
7821.128065364734
7943.690733709737
4652.3319765336855
115.95846119273726
-64.39458745930058
1.1432852128207982
0.602531598027857
59.541964469818645
444.1882398791338
645.8322241679807
1222.5146377348462
138.2552611443427
-279.4228520515192
7.023977907951358
-219.4483312341922
-2399.535955408399
-5580.712129738625
-2796.8611154561763
-5315.856689747882
-8858.079777847202
-104.97956162378101
-70.27345663365122
-2545.817011203591
-4140.832798916024
-3730.5018217587676
-10747.995241587263
-3401.6751817951754
-6689.306845949137
-2154.683823208643
-72.4152152079348
-2085.463567524736
-4621.051172671916
-1657.8742066528648
-4168.493430031713
-2116.3994023393434
-3659.2841973958934
-567.3774307877466
57.318914658156004
-3069.09261371767
-5308.425443480717
-4807.191858342862
-6552.426790063587
-5991.101535647454
-1213.1631279544554
-62.66645505673958
66.80588084182618
-428.4643581206848
-1287.85742448042
-3357.0613992254375
-4435.810709875446
-1602.7331681141961
839.2542857200172
48.82886939862157
8.279883364658971
-1.1454803244750777
-0.3194845808277138
224.31136399227591
1488.3016087379183
3996.9368860840286
6425.883052237898
285.0133734295307
-4288.710748545222
10.591444900236407
216.79517468065467
-2745.643553244484
3305.399011596197
5726.172182452837
-5848.533056958719
-2108.637857973714
-1331.7967079493174
73.75802516586627
1183.9086359968217
-3363.943520814012
-8082.730431809059
-1549.1495956990943
-2803.3078604980105
9960.61000360648
4821.250988931282
158.20086647711054
-2819.534271284041
-12098.54644798569
-2369.949959985229
11989.429829707708
-10637.011257641592
6257.520048775833
1264.9701247932098
85.68708046006998
-662.0485800026744
10694.573775674327
9939.073532660186
5459.949358908251
4871.469811030122
-5040.209264933902
-833.0605274197217
-15.74554518877695
-1204.2393452604815
-616.5778679292202
-3885.9387218938623
-865.147311290538
-377.1512670530118
-3196.771453835993
-205.95996666105498
79.48901445897728
-1393.8853838722982
-716.8243810852315
918.2465889998456
441.8967738695516
-741.7242926923287
-1931.9394957891063
-1262.9810898620105
-528.2423853154968
373.95325134763505
637.8298032180259
4335.713883111489
752.9978110252231
555.6087443811583
-210.62179123190302
-798.2216851832493
-1132.804038660179
-2009.0062814999378
1636.7379911600387
-2902.0564780631184
371.1123170530595
-707.9016939397419
163.35167926106126
3361.763005389991
410.4641732700014
182.0114639829655
1134.8068206094915
-925.4569354564961
-2900.7151445712902
172.1352063365812
2141.2947820626237
-1085.136325236826
-758.7247257262155
