1.0298692922718913
2.431636468895636
-0.08249282821906412
-0.04363546726719007
15.517480501348363
6.689069566113
0.5734163788526112
2.009102399425049
1.9308450783434215
0.23777418330024236
1.9184239174794022
-13.801763399668207
-28.9157728739886
-11.279214902465583
-2.2378553005095405
3.733059141696461
1.6490563604094983
2.7006988222769848
-9.127209772972774
-10.682222799097861
-12.543299256876168
-0.794214571573418
6.334508100111371
-0.7871776106865341
1.3578542387836066
4.206712816782229
-6.4114810090968675
25.731672810377038
21.095172672902528
-6.786714997661605
8.478280813205963
1.2582529898063795
1.8326879016303763
-1.8979357583998897
20.41729377171641
4.4305985238897385
0.7895817204930635
-1.6294098050938965
4.066970070133358
2.273529381842573
1.6910211905765806
2.513022589116145
1.272795139898644
-7.245081713902815
-9.603392677566108
-11.369527047798014
-0.3494200062588902
1.2137947532650528
2.3667849551984452
-0.18876659922738723
0.8332565159512919
0.5892790419028812
10.735519097874155
0.2958230726910833
5.344437155813231
0.37896971092687187
-0.11145788030809424
-1.2413503256527616
-3.5537156138676482
-1.0570784494590095
1.526298180349789
-2.9463538464669456
-5.070063454760259
-9.07994815116991
3.9046737093593253
-1.0167861212551548
-3.429677581210433
-9.592958068612264
-23.056136785696694
-15.633426087694673
4.224958799149447
5.539256114044192
2.372918119753092
-0.09421156496369586
0.4026878581563671
7.733942458948439
-2.556492839134085
3.8914567112420855
14.968382684623254
15.38485201326365
3.485839607221158
-0.44525510457692014
3.530952493688715
19.951323477953288
11.544550398922555
-13.951318578071811
-17.490470521112428
-12.211185303408538
-0.01599665789375792
0.7169658939240702
-0.7813556340104719
1.2434061855462613
-11.51607522571122
-3.5942370714742493
-1.7779165579279155
1.0636590640638794
-1.366270448945831
-0.7122132526733549
-0.7661237894084363
2.055368884183863
-1.2899756725368892
0.9710836635956551
-1.9733467768673356
-11.88520253924128
0.5084900075710798
0.4231760239817211
0.39123504490078204
-1.1061918446202597
-0.37523011354433267
-9.934004115102665
-13.560859344197972
4.700024206262056
11.108777073435409
0.23884564936327807
1.7352716333319413
3.565134074911387
9.03574544509411
10.115341052829404
-7.219117266098244
2.2437509573277055
-0.7965643531274083
1.3919641989086653
1.2171689941503747
-0.31402968332999687
5.26459356888259
-15.230251604269817
-2.6934464019567157
14.965335856259175
0.7234130932543729
0.040702354846256734
1.530216905186456
0.680591853895004
7.617301648074275
14.38415899627255
1.6609733499999273
5.775139887142355
6.431037299911569
2.8525822499775693
0.6747881888833718
1.869414655234993
1.283989412534036
-3.2074977852536235
-2.7841374295639243
3.684775209180613
3.5258660164251583
1.3149366689165618
1.4706858142876482
-0.8179784316677355
-0.9708235254784255
-0.4968951415374101
3.700017634554657
8.000258529207859
-2.031486340965759
-0.29478636233617966
-9.977152925408427
-1.2210701648830895
-8.64177186851024
-20.788012479997107
-1.1287988503422095
-9.357504099538492
-18.30436082676257
-12.33637347342093
2.767359813149578
1.2801497397745565
-3.426597933841083
6.430436570177138
1.6315583009196875
-8.170157219166335
23.014866904686247
8.585821696455378
1.406224345138431
-0.4689919940940132
-4.65498558351867
15.94474014163683
12.292044142702776
4.752561826308648
11.204606589412526
0.888595229729699
3.016482545007394
-0.23057019458190187
1.5768705647015837
-0.5157255439923877
-14.359775168699922
-15.200587195532426
-4.721287907076874
3.754816112820148
1.0862698424571224
0.1131775259097096
-3.5004612325458813
0.5786884674829446
0.44375968083516554
3.2466084922270473
-11.821670578795995
0.5416762525895602
0.04713467182032687
-0.17525252543423714
1.5609347975567962
2.577540344720271
2.3763995447186774
-0.06671684777496355
13.800879627259839
5.411332417750562
0.7968991276338617
8.834337395706322
0.6514209708516087
-2.1527837764167144
-10.881105795908066
8.845241588030488
6.054507655226398
-3.9344467303590527
-4.284573680960157
4.8606920897850365
0.8175609000281835
-0.8237117884604034
-14.810117982984288
5.292089461773254
1.2770396722754318
-15.68618400057508
-8.020483888239662
3.635375874427275
1.461457518603245
-4.216409434363265
-3.6013274455543036
11.591744688468033
17.933149104306928
-5.336496926510951
12.767825382082115
3.164182351590033
0.10285933058777486
-5.478134595999387
1.4346698062343106
-13.312484376117714
-12.599414539011622
-10.557984360892135
7.663413298808887
0.5543907927312853
-0.9030961009940038
-2.7998550459882514
-0.83281181476387
-9.73318530687872
14.859767876574576
-3.124618901666284
1.4347854818650654
1.1966882574238316
1.9066031093839442
-0.7564691954844263
-3.8219652660067736
-1.1525209689430362
1.9807659713846004
22.578701893091598
6.6324965311304505
-3.9984552923584107
-1.380063665891968
-0.2596925721246044
-0.6122525125720324
-10.884034592819917
1.2412559935094614
-9.286438496813359
-5.06655986976865
22.18117489003586
-3.0876182382438944
0.1838181769839951
-1.1393465773840636
21.779494482960946
9.152346491829135
-3.4833047355177245
-1.8211623341874006
23.701253449514102
6.832306938896833
-2.1988788045365784
-2.1873943623984258
3.5022743847545748
-14.189869213795246
-3.858513266020701
-7.483102368591307
-2.1945458173125685
-1.0799773023193007
-2.5394763131489118
-11.223121477767316
-4.260751313999107
-6.841715011481832
0.6958862995093605
-0.24351808034793704
-16.401813944716505
0.0948306268728356
-0.6741570479044554
-1.9429987698077011
0.5030440826928343
9.532500023092812
8.9883085925531
-2.2288853378111444
-1.8925519111546814
-1.839159744878845
-1.7964192741899099
-0.9712582670516524
-0.8200792142411146
6.9760388646278
11.332083690184577
0.5064874218708617
6.0823637199812195
-2.6921709012682213
-4.159151833094762
-2.2136275174639057
-2.5537167627330866
-2.150733237042627
-11.781805665582764
-4.512171314600529
-0.5776659549156783
-1.030304337834066
-2.90028578647201
-1.222740166809077
-6.681713392541672
-20.472370229959324
-1.3912290143786679
-6.9751741681520105
-17.895572138987053
18.261648625693446
-0.858199890362273
-0.751185718171258
1.5811169479175227
11.561338552809886
-3.400948213990273
-0.896820984392161
4.364771210105926
20.975480142964983
-2.090734643901951
-0.747087803642652
7.483012922804474
25.345009118855867
-3.4014099457331293
11.161089622621606
-4.129945941217461
6.401574348542704
-3.125056707300065
-1.7478597888983207
-0.6759284099615355
-2.835996324446287
-1.532125169429109
0.07284477971744287
-3.9693236362688835
-1.4598706161377477
0.9737941053942142
-1.4393494102661897
-1.6549569837633924
-0.8236528627545753
-0.1558581271353665
4.054967524481353
12.078111351409737
7.597201930873376
0.9089539936889449
-4.816593906976447
0.8419480742804836
-0.7049847854283694
-18.263240537073877
-17.591445228177975
28.159020935108344
-2.1535912052889463
-13.582362023661627
2.218936106728092
0.6396182781937313
-2.1012100300463072
-6.706825413294922
11.864459006835164
-32.63794355385309
14.505956179263144
-4.07908795136979
0.8080608753832486
0.24453385205953254
2.9340100934332916
-2.401907684437464
17.331700323229935
1.1487994251383111
-6.477211415494763
-9.568083814656218
0.44509050970944325
0.608367911701783
0.5656298187171636
-7.21817872963249
-20.181883923275286
-0.9751532763743593
-8.152092311731543
-6.492152234606512
0.4593713466891044
2.1673366648069305
0.3062214617835059
1.6221916914050478
-5.667256727471565
0.5933412189317069
-5.557789365929338
1.9047235230205641
1.8802573678376695
-0.8391508961915178
-1.2443439524474003
0.6431548816560635
3.296601979690798
-3.3246249647659516
6.4945884310912465
11.654112112696533
1.598457757385252
-6.223934732718439
-1.1768690639024055
-2.021253202123411
-1.4456307560227268
-18.442929652122704
20.082731906662758
-13.455090363989651
-5.224005104207762
-2.126805032449936
0.6423266745725746
-2.206010528762199
-3.1928899545945804
1.5268199680600365
-2.36115671126156
-9.616297809245154
8.137167256313788
1.3155903954421784
0.9487381694134747
-2.790101017452909
8.351651159576008
-3.166440294411893
6.1222129422408935
7.376533024581974
6.745700574737095
0.5871213176145345
-0.16834070862844355
-6.051612168662332
-4.485206844123375
-3.1355396972374487
3.552372440104729
-5.586760499537883
-5.750813681259406
-2.457856871144767
-2.1608134026393464
-1.1682325957794135
-0.2676160838319821
-1.9988960539551088
-7.6887405547658245
-0.9574543186242938
-0.914617814236894
-0.5055889923954764
0.3577220513916657
-0.3024441932295732
-0.34769853139931955
-1.2452708467324245
0.5020039339588647
-0.050124285867859525
-1.0606925393973607
1.9786930137397671
-0.5948877686523388
0.15143463853357983
0.7054562573157586
-1.2042040543422425
-1.5710567689995405
-0.15342110380832505
0.1962619895465396
-0.3320484085096962
-0.007339589876541322
0.4660950859977266
-0.5225009983150537
0.04921700920065639
1.2034742056436039
0.26134495089424314
-0.25144549529570676
1.2560066939545071
0.23405556077259881
-1.4320917196542025
-2.631143380851941
0.6396233628374476
-2.428716877893612
0.1846886037368386
-1.056645281890943
-1.5454271879874002
-0.42689548623643425
-0.3567188424022119
-0.1859123810474643
-2.2030933030798865
-0.5910096407238757
0.33440455611578573
0.9512554875678727
0.6585704596561717
0.7378933439176796
0.6450325091094292
0.2407336365547488
-0.36805197872804457
-2.2666190023432686
0.03453967741894991
-0.7044080055150554
-1.7548647332587561
-1.7432623670109242
-0.15016532942187252
1.812574125215754
0.23555822949534638
-0.09184941341187969
-2.9886111368321426
-5.196551550135303
-3.3109712959241104
-0.6738060451139524
16.312077637449466
-1.0493566305494775
-0.7197162321127065
1.4925685761552585
0.42738607413735924
10.774737049352208
11.541824437450655
-23.383366131160496
-1.7966201476292172
2.2902899357160025
-0.3431533036039196
14.53817780984526
12.003229897151684
-26.81814189985239
-11.403168691418516
-9.874147785448518
4.733384565437144
-0.10433321029366127
1.677097287130479
12.417903450177834
-13.439068688355544
-24.819872400993145
-5.363784290719535
-1.4316110415927097
0.1959840197407071
0.17988469899067022
-0.2633143553383101
1.8372922053224046
5.8156957509209475
-1.1888175860031338
5.777067771272672
4.296541362121705
-0.3418557322394573
1.6293287575553501
1.7919820357258827
2.1386309928408638
0.013205462101496819
-4.366389793729378
-2.833305277706503
-1.0540823951365017
1.078306389485998
1.4864080009744267
-3.289237586713762
-3.1444363697091005
-2.97555642549769
-3.5761356706837155
-5.401921455776655
-0.35145304663691496
-1.5781742114038249
6.501934636109136
-1.96109884509644
-2.972046192774162
7.164897465504872
5.596125322839325
-5.389822646635237
-5.723248299988475
-7.093841934755354
5.678613784966872
-3.167209118454548
-3.823253591972572
10.749736808121687
18.36680064527851
4.107374032625163
8.301855754753348
0.7393166232306497
-6.684406681946952
-0.5508506661227929
-2.329627213233026
-20.253543707683953
-6.879070092617796
-14.082870523237913
-0.8996774643505745
0.8706017210131537
-3.4980485397082677
-4.547743299838976
2.009628405461351
-5.224747819935725
3.1076267894892133
24.30664204475466
-2.665126933300199
1.199938329386281
-1.9079225019744308
-4.051946753034457
-0.7688368981706637
-3.0923363356513622
-6.7600668678360005
0.49707093515973066
-4.9211577423982344
-2.359708770371022
-0.3504914741968277
-4.058803679005518
0.43957271416334676
-0.05455381991118188
-5.111617779627996
-5.674461658951741
-0.7294324692295704
-2.2896738222471402
0.10206958207057859
-9.73394889566942
1.2559142022874759
1.5214239880005753
-3.670757911767851
-12.004157113260408
-13.401199460835313
12.24960463823816
1.9896350249172423
-0.570359563686452
1.0177178511440281
-5.134109723826392
-5.0352318718111535
-10.367436978695443
-1.363981597697521
9.089406057222762
-4.883072565675419
-3.9750001079177992
1.5872308479850878
2.4535700435276815
10.814361803220251
17.293418544592463
-4.814953981453499
10.009221523105863
-2.180278869211646
-6.458104599190669
0.6366624278378407
4.186620168179473
7.48038850581033
-0.05934000207093451
-13.464235154476365
-4.866764443904062
4.787388426056071
1.9390419197646227
0.11944098404487147
-3.121566569447741
-1.086332386238907
-8.59216472373487
4.895098283948522
-5.467835067658937
-3.4230036961246615
1.8675157335185868
0.4196215675634598
1.092552249658131
-2.734200790116044
1.0746349237109076
1.484089357989925
-1.3238083107373262
18.996090423755128
-0.998242661776094
-8.032442822304693
-1.3337663556740562
1.8446185767032446
6.399682211162771
8.48352701618808
0.008935100221269199
-4.950434882784567
6.023300421439494
-11.738439633875341
1.1364651350914734
5.56824663762295
10.286463750476944
13.86537614729476
-6.805383924240753
17.315582750777562
-0.9280699840192892
0.6717824195797697
-3.2929028953519737
-3.1875226685757845
9.318587127343022
-6.3818824614666925
6.622678300798843
4.900234588997263
-10.883896128002393
-4.363104929435558
-1.8844188861802733
-10.826240066832696
-18.581204659858848
-24.313349895907756
9.069953316911297
-0.37117588760946796
0.42881246871411943
-1.3067619359621516
-1.9770460110104575
-6.687849347456216
-1.0257633425356185
6.90902286695083
-1.7539614747894041
3.3779140701654895
-1.9558585407632783
-2.2024215064986192
-1.164057235672023
2.9145388033147106
0.6032088170359827
2.2290028456471553
7.765880654825198
6.00548774762646
4.406883211917324
-0.17843459018657423
5.092599740244378
3.4606175571196798
-1.5191080429877908
-3.404344688196605
-7.399190458103431
1.3583916116262205
-12.596653574499491
-13.820538069146313
10.617910130270026
1.6333006908299226
-5.199577252728837
6.944028491438771
8.333769095239875
-21.68728905514296
6.553625325240389
5.282983796600806
4.005410670305407
0.47407729810536975
1.8937112428780516
-13.862035705882882
-0.1420651432938955
1.4512435264929142
6.012416066358901
-2.5780263109878017
0.6212719925563901
2.2957739570935574
1.863892247756312
4.713853844986751
-5.136511177402565
-9.569578666770848
-15.108069537351183
3.1366091465691865
1.5969351305525425
1.4031753989329918
0.8004940043454468
-0.09817686311535527
-6.47255013501505
-1.3785485615130457
-1.5305576547862871
9.092606093020432E-4
1.8227693295436136
0.889338603831762
0.3591694561381897
-1.0122225143351415
2.0056236011855697
-2.7900598360408098
4.85477843667528
8.532158003362548
-1.8267944283895217
6.884775120403896
-0.9081611408291668
-0.6356607414352387
4.672168170687605
-17.709225263900734
-20.520483938964723
-3.2176622434483186
-8.840086497426144
-2.440676804865897
-1.5767080718787487
2.794732386715661
-3.0948531237414847
11.576102771988083
-5.050201486889545
7.480553293415276
5.4705411686508025
-1.6914898827231735
0.26564402345405586
0.26152904589485365
25.019142738718447
10.448965751899214
0.9278507454839894
15.013158366002042
6.774356705364664
-3.8003797517451106
-2.824866253626558
0.8846366351961003
-5.644655885529325
-10.163691022326768
1.0294303343366389
3.0026422994106308
-4.467152730716808
-0.11143066145509797
-0.27454737610491803
-4.589613682712845
-0.8723671569491206
-16.063029008741058
-3.399678098030183
-9.654872255012892
-1.0034123373005808
-1.8599004758090882
-0.42851755022916965
-0.5916210665349994
0.7728953957778105
1.4689293873464448
-3.3717596681879844
-8.640922905164846
-4.681657590028867
1.1911460675283578
4.203528714372376
-1.523431703296196
-8.424215861709317
0.14147269764602
-7.277483761783235
9.13910677450636
14.769486219465234
7.025833595767447
3.836538864375195
0.09673628144466083
-3.9175979512366603
2.6766656116838266
25.724022405639296
-21.256939995455618
-5.2668775362440465
-4.119967693798805
-0.7324754134982576
-1.029833360261621
-1.0279942016156685
21.70288236300673
0.41878374211829544
-7.505127693312708
-9.312752576675326
-15.648518296955356
0.3351869943434557
1.377541964050006
-5.081640532937063
0.29146068614769727
9.077265230382224
0.978632683499757
3.3773946054719035
-9.808418589387465
2.0887099731931595
-0.01277266062730578
-1.2353616182404412
0.695359720038047
-7.74055485804488
-8.071873397310503
-5.762273360728047
-0.18941348056556878
-0.25430947223012096
-1.0736589854674339
-3.0265625742705193
-0.40153487079977673
2.2541554178756096
8.019841035892012
18.977132467282985
13.005279155660944
-0.2520765046660235
-4.645469864796643
0.5273591583267015
3.453452023956533
10.047564570752852
11.324445324718837
-8.54954516050235
-8.626819081877867
3.77402696437662
-3.5453200169005465
-0.7576913738027865
6.669789912682576
6.008179979458291
-4.041596128072929
-22.16659070362798
-17.353621048940845
-4.139702862995511
1.4315462546053832
-1.6897068842997098
0.9369064378655855
-27.007326661215714
-8.007587545059055
22.25316882058436
1.9169721486618456
12.927317095997799
7.001795300774209
-0.5637662872648825
-2.8194465331937155
2.9472047165700346
-8.67397439404776
4.05556158853825
8.250387137915427
-1.8858958387895144
-1.9880808265553085
-0.3552016400103643
1.6066411933929983
-1.0125478965656158
0.8948024765135215
7.73440679657543
-5.684897008479209
1.9541715143808653
1.3817252824399067
0.4767116727272726
-1.5640901509666927
-2.2162894631506704
-0.9643578089161682
7.849113210993009
1.8469023333042858
-1.4752378619504904
-2.0950232245179583
0.6979097200674258
-2.5542396052127887
-3.1484660272842837
0.890008218342539
8.000555169355222
-24.094552691303736
-11.029539515990079
1.2157945061254003
10.3166826229874
-4.500903053579976
2.5982978710387084
5.023473850070251
2.4743961425671617
14.86392929668488
-0.3374425302305668
-0.7342365040054173
-0.10564985535195069
-3.821860852449524
-0.19815501687604475
7.505998106690862
4.047056994575826
-4.466294040800486
4.428248882185037
0.9450924355585766
1.0061602782274857
-3.661371618801971
-2.962748814500786
0.029736541364736867
14.792357515623301
-11.666421742474705
-3.8999718898166997
-2.2990092777729685
-4.662706461932891
-3.6756362236672886
-1.8178414158959142
-1.6385087719102223
-3.026005161239174
-0.845591305398371
-6.933738937943798
-0.8684293689176084
-2.1462077655064036
-2.032193462018077
-3.413391672523905
-2.8793752880387444
-3.6748555409779096
-7.351199751610661
-12.834721648088346
-7.897165097760457
-3.3980956481978652
-6.332542515668032
-4.9227070058435185
-5.838546022879185
-3.7397818631522233
18.373815408928813
22.234199330762962
-4.200295166642768
6.384726055507394
-4.31027452166597
-3.6729408918814297
-2.1499525075871038
12.023530607779206
-3.514177064065966
4.281189828193589
2.235329354451228
1.247177493147478
-12.708917591057116
-1.9690990056808182
1.1760081339974418
4.091610781681872
13.849766096027043
-12.010112995107484
-1.0333751803895304
-4.264544592797232
-4.713611071665786
-3.8015973595062285
-3.661274660152722
4.868679106285457
-10.529836379168334
8.518932439460803
-2.499175682930735
2.9401707836570545
-1.7765880775286906
-2.685967552137262
-0.29506049473802004
-3.125385210725262
-5.441508980257322
-5.061763997553517
3.391951275198249
0.39875772173266827
-2.1269422769996913
-5.125724091382079
-1.5479842026627086
-2.7418375093154554
-2.4665496434735883
5.509723086926676
-11.615737747090366
-5.767334492855226
-1.0403478109404727
-7.62808862775727
-3.0211924859065484
-1.5274905941135835
12.448992154699777
-15.429478793542184
13.13060552944702
13.084938404106891
13.291896981553228
-0.9269630913140937
-2.5717404986699983
-0.6586321343214275
3.151480516150004
-2.2085198138259843
33.03954771653783
1.6787040651326133
-2.192755931784936
-0.41617752881220904
-0.6492923860404294
-2.853436934604329
-0.5058337231458758
-5.575241428297593
0.2847745541937481
5.317731553475529
-9.019568959876574
-1.209499519805568
-2.9086614733564775
-5.365823672663046
8.0391057055152
11.372520160324337
-2.448404043247212
-5.433184875269271
10.453128771963927
-1.3202259161666705
-1.1526106264528715
-3.8664308013181334
-2.9066510261129097
1.8476379462367643
4.954070702554698
0.6219032139808737
-1.1641738489787312
-3.6529595364477667
-1.536789480882405
-2.591108868018591
-1.7993452669448173
-1.6438032382908487
-0.023023044766655936
-2.443894270662438
-0.11913367828956191
-1.0553351403356839
-3.965614756119841
-1.306563547122863
-2.559450005368241
4.589591461582055
-4.641295623666577
10.313268169225042
3.9079313555942066
-12.403236304735001
-4.335200330241567
-1.5480362940801833
-7.046345066349174
-0.9507890935203764
-8.94532389537318
9.243766489738213
-0.18399937977706762
1.619474317906888
-1.6323368737506272
-1.8166095851998565
-2.099811205582145
3.250356519674346
-32.072713518285724
-19.50107300711084
-9.450093341492172
15.635013426097279
-2.3373939012956386
-2.8286561482790478
5.478069681687241
4.997491544668776
28.105817125194157
-1.9629710580326838
24.208817135635375
1.048426034989382
-3.3672718500435725
-1.134243137143839
14.73692353603258
-2.6582549587927153
-4.363542741592545
-7.098114724519781
-10.046279775668271
-2.795461649668098
-2.3609500001822465
-1.9028416144686406
-2.5303167773810284
-0.9779873755682678
-3.8891701983491105
9.033691481068741
-8.344415788358507
-5.536582436589269
-1.1458678285492252
-0.8914943758846445
-1.9029964954622594
-1.802038927242876
18.369472960358504
17.620316508061723
9.893415598443273
0.026165558505230557
-3.9074709687914364
-6.457582490569985
-1.9856582353060817
-3.222789029713625
-27.728040627763193
-16.85944663464844
-11.682978707217703
5.0423031638293505
-7.899322661867899
9.569869802394669
-2.8207849658511956
-3.242481497797798
8.239783802328928
6.656763689068122
-0.2672533336902312
-2.67841182392769
-2.919184740590779
0.17074161206375008
-2.217750092085804
8.706121637036048
0.2989489681641228
10.482005614149491
-0.3082381358814944
-4.7406401913468015
19.53062695835711
-3.2650288114435875
-3.161919773574207
-3.413658863689912
-2.392577877920084
-0.13981235920096047
-2.8112391632734255
-2.3539718298196752
-1.8324664719387849
-2.15684438247658
-1.2266431149124797
4.48779767729057
4.4290709714568175
-3.063366937067761
-6.52330260627637
-13.426384235024916
-12.527051607984722
4.698289823523589
2.710414608603967
4.934413947102937
9.882140684540508
2.173481052193259
-7.633124251074706
5.70953891204101
-1.4007967191902808
3.7538606775699597
6.051926452335827
5.5561554764742835
6.159166579488375
14.937810531175892
-5.780171594370587
-3.757439182898694
5.50361963515801
3.672967295547255
3.1491696667503652
3.890471655490264
2.053333116159749
21.887808183655466
-17.673286323094
2.151828118484124
-4.411943846927178
-29.22425196003714
2.086903777635096
4.121896260328371
-7.38122797917291
-28.608916430641365
-13.142795822290854
-14.284113421602608
-16.636996972330255
-2.174779677152146
4.681096390708482
3.470158879199072
1.7805044755311839
3.1847632556223364
13.077458376135374
9.027304427623106
15.83038707414992
6.448961118611822
4.373180611349182
4.754132629607429
0.5918908606096281
1.378917706566726
0.2536610613424881
1.8649352876701695
4.6732454764191065
-0.9842742233411441
0.6240144292082598
2.498229342687048
-0.3615937297652711
-7.012420494402291
0.94057694547221
0.24046144791452653
-5.851230710683785
3.7883377309687654
5.693826154966603
1.586650247209147
-1.0900738166553205
-5.843365844558948
-16.137872794769347
-0.28379433790663955
9.57464813383045
3.5648778755873605
-5.087197679992908
-0.5888470232915083
-0.03461039227162638
1.054015445358484
15.246066626731853
13.178307989863262
4.4715061934157765
-12.11929735052785
-16.332555669614372
-0.9668963285052535
1.8497524812474122
0.6451688316817052
16.783154051520484
-5.41930399456884
2.806941038410721
9.066471810367357
5.86448581407137
0.17569815467205577
-1.5754032857234277
2.4002280483465293
1.7873300663752534
-4.132044538048636
-8.89005534510394
-5.843072233413395
-1.577439520639154
1.8575640210930673
-0.9588811266116969
1.7843471731986362
1.1790850315513604
-1.4500397718888154
8.173484428638192
8.611236213597987
1.2788220542044637
3.9021102515529513
4.626961194709744
-0.3224318260716004
-0.29927202709934103
11.630083795858786
-18.57564965571263
-14.201719942730186
17.173400373444693
-16.808246093338376
17.924106988031717
2.390869128734039
2.8706332201021985
-4.794386391709168
-14.95503293433154
3.729615901069507
-3.951896285092945
15.957619345845211
3.491969856664624
0.5075641850689493
2.9717262929925288
-3.3837965620657973
8.598492364649957
-8.806036980984814
14.417828672230875
3.7694491085239314
0.875342084548916
0.32189111803259157
1.8140291106399584
-14.086087977259131
0.8418419658266584
-8.688053137173858
5.414673944114888
7.52136537910611
1.3170002778612817
0.3986262404608653
3.7949496230813065
0.43271551229220684
8.437322678976907
1.9583473795339785
2.867153219517506
1.9403971523172259
0.8528612160969697
-1.3910098010373657
-0.07536244105136683
1.6870437706826644
-0.7050462450635473
-3.1368603668221278
-0.8373524783031195
-0.670868893132141
-0.3333198872373722
-4.33418625998359
-0.271886601133153
-0.729595607958171
-1.2423682809398995
7.444962766856012
-3.8142662974651835
7.510451334605154
6.868254712389485
1.3278867513622281
-0.020226831034926656
-0.38165178477500217
-6.347119207588918
-0.7434834644451335
5.026941484004161
-1.029845846114408
-1.0310467470632247
2.307850354721425
-0.7418230112071914
0.6861379932922819
2.6589456132348417
-2.887854303978586
-22.317271353715878
-7.065938876560018
3.2591034021562137
-1.2176064812806433
0.448776063853049
2.273305192383499
10.883770865613261
-0.8558565778382147
2.3214386164895875
1.3873496291729857
-5.684950843697833
0.655870335723821
0.010174068844742742
-1.0576449729132422
-0.5712714689872763
1.4512424753305153
2.577233882256691
-0.05889419180728627
-0.035036299365387005
-0.3972445612193235
0.26640753905623415
0.00951622994533736
0.3296407654448007
-2.5389840911570802
-8.316699132195321
-14.374054866067414
0.5408453813675859
-0.538811964455993
7.585992808346279
-1.4488330583211015
4.341484207760861
-11.07624265045892
-5.963364370156411
-10.976749231325977
2.1396653816528293
3.5766497175470544
1.9618228490988778
1.5067982875816834
8.57054238626993
14.417675941030772
22.798784989640122
-3.318061225274891
-4.175550823491121
-0.5257272715231901
-0.10919919066867387
0.6305739802559585
3.5709312784600713
6.891363288562615
6.900933157176341
-1.0509256917645162
4.4567948620095255
-0.9646210152775949
0.1435687098939238
-1.1315873103337803
0.468446853765145
-5.045912906752094
-13.600547179006272
-5.930537750164263
-4.888387078527177
-3.8951561803865387
-0.9664275562585203
-0.7963713725862771
-0.6508237154713752
-1.001961508387725
-11.740073477119658
6.524042108592898
-3.8490391755300015
5.4516060113923634
-0.15525668429565345
0.06106784534227657
2.965136586589779
4.166729787290274
2.870646342522024
4.067166431192326
7.992202107222005
3.119504367845192
2.957106069577829
-12.189465946794453
3.366722032888616
6.468390230610911
-10.143021062689735
-4.295848032507351
0.7977763300103138
-1.5596822544231856
-9.396208913753904
2.1700880422782083
2.1981157907059568
10.346562025808849
-4.571033482591604
-8.51283630028441
18.311267005622273
9.246273987240748
-0.36829775854387775
7.273150135860712
3.693303968911247
1.6488184665962284
-8.49434604028956
-28.728279099100213
1.7999334422289472
-17.94616165470527
-22.172320961115712
2.767449219592524
1.5072729820595077
6.459222753425975
-12.923608199102947
-2.838887739316439
-10.776643088798092
0.9670917574491593
10.7218610585551
0.9043350610873339
4.216823202692712
4.587016625540658
4.598096320448173
12.519342902152822
8.586284039287133
7.707754154351501
2.990901323897542
3.6630775744818957
3.8386351343626663
-0.7344340643874275
-2.393219905605876
-2.020272259921003
-2.892223570478393
6.144073344101675
4.820609638982617
-0.959777761937918
-4.9987128099174365
-0.44687419096089864
-0.20126005965133603
-4.2648618326315475
-3.5179974816077015
-1.7053875826828089
15.042952531768893
18.731719163167934
-0.5659188457271129
-1.9330808589243964
0.47963226003606824
2.4929602044947985
-6.1956561758963185
-13.570339044525964
-1.5610969585114673
1.4978073561669698
-1.0877619490115273
-2.0538000786395516
2.4758169489007895
-7.137706738077955
-10.929324310642107
2.6141211748672015
7.122526538291444
0.9767417313891794
-0.6366190517681883
0.6768492411645873
7.811004220955087
-18.682923635140614
6.071315732607457
2.130335399737947
-11.392317059314758
-3.5322939640616347
-2.707868620162416
-0.2020345724198248
-0.8215411250848385
-0.9361644637981682
4.739064370637385
4.573073068823781
-0.4650685084853203
-2.197689874995246
-1.4746955202717524
-0.9929784988465961
1.091048268407392
-0.06834166682501848
1.0155804034147715
5.646617755727528
3.749633369291914
2.0080513498505836
-1.342735547547412
-1.0495294457303037
-0.6972307681463691
-2.5405522137228083
-2.7475012841709785
1.031605784270015
3.95770291259846
-1.2605025734220712
1.5409867133284292
-1.492405406480723
-0.6548366282416341
-0.9208887501898219
1.0368609160657352
0.1731899818282571
-4.030302226178981
-13.313725002399188
-0.479798252521779
0.6992501828807252
-0.19037596294704076
0.7601501526170713
3.6544427638000005
5.4542022424239835
-7.915580790644811
4.640273134839692
9.364767948052624
-0.3774576691011037
-0.26654914233396076
2.5426335465204306
5.429170286861186
1.3690540990260949
-7.679282327439983
-9.427475332778176
-0.09333086294577894
-0.7603290719087271
-0.5779261284119054
0.09145279930529275
0.9455375003877732
-1.5488627628683644
0.7558693213302868
-2.2545322400317516
-0.8935175550974993
0.3229484836796079
0.48300042237027263
0.42387561837294724
0.5558885453913697
0.1769803194516629
-0.3825039162157216
0.9510442769417813
-1.9370830665114773
0.8850115690507482
7.666842849090296
2.3045547428740245
8.190689421471864
9.727447947857641
-6.432236050534082
8.150188691712703
3.0633551007093387
5.982233916745087
0.0932356071382976
0.7555560367194786
-1.0359046732289978
-16.84777274351925
12.895627756871415
14.45016405145333
2.98249423556187
-3.9666844624133377
-2.243052964284457
-0.5045953862558596
3.295248208757806
-13.877657640632115
0.2011026591756844
-21.782029858081135
5.631940809166186
-3.4710433612391065
1.4454249378532604
1.7605822192951837
1.0984910105640622
-3.3544587315121963
7.913536904256099
-4.658195428414971
-18.66680728673651
-10.326616860150526
1.1047379515938147
1.1914098330497822
1.0994296520425848
0.17633898954176697
11.372786809099033
4.271386756555471
5.051701815185361
5.262130249557823
0.27102349295054146
0.9885631777135754
6.084429149107749
-0.5600861074407919
2.567426639448871
2.0638441727361276
2.7845214494145436
-5.645606814997813
-6.424530989469139
1.9730078292655957
-0.10706192884116451
-0.09604053074473853
2.0932169895632278
-9.272004222243124
-0.9222564162190566
-6.572028626154099
2.0628798684530687
-0.2759810730609459
0.691033942195814
0.5598131767565974
-6.370443726281707
-9.58576884467395
-7.464276680748753
-5.080098614586104
-8.462026361283215
14.41212711469565
2.104477083137815
2.0269335830269655
0.3963065831238853
-0.976272871869181
8.933805424964024
-2.7198433556914132
-0.9571777644942697
0.7781442108999715
