1.0722032528833478
-1.3421453790784328
0.3655296365166803
0.08868019637875663
4.34780391129814
2.121121374836348
-1.054196368655626
1.444689360772732
-1.18065273701941
-0.16242754592545766
1.7721532243465419
-3.7571307949359034
3.3875763094287827
2.3202758444696605
-1.7986227414230938
-0.6271005815990078
1.2096747281832185
-0.4859822004792664
2.8236881669129463
3.977318846257969
-2.589174951199525
-3.5596698872193517
3.9485715393275806
-0.11739403692912001
-0.7293404487565409
-0.8780238302940622
-2.6051305579716164
3.9856959822571545
-1.0529967140644005
1.358512036065044
3.8835919122573923
0.7198737488927335
0.3165886432519071
-0.2849729941201364
5.988601951169593
1.8473177732969253
-3.33083189965088
0.9607114956670244
-3.934577863872469
1.5708515910006058
-0.3772288201410206
-0.9413525875542066
1.3450278469375732
0.32848360542379657
2.7891325219387606
-0.0016187480787055325
1.053941548225345
-1.1675476905970654
-0.8822996855763372
0.41814796963590534
-0.8779535901456248
1.098081042368085
2.7237788032339942
-0.2709884177396921
0.4482512473797193
-0.46271356043196826
-1.5193563665701177
-0.9066895482304225
0.35810450754624384
-1.3960348552459365
-2.262317352142616
-0.051528373803636146
-1.1357555946646671
2.6952020229539295
-0.905784843172611
-1.1292327375871594
-0.6261101343150769
1.0441168320730478
-8.262614215098912
3.547777849185299
0.32923380686929826
-1.236287709165105
1.2685081448089852
0.24986261097057344
-0.6311809899167864
-1.133206838766228
0.7704995919546134
4.594484922972196
-1.1896854145722144
0.28669340705830104
0.7321839967940967
-1.3896046385733132
-0.2175526097685112
-0.2792053002438897
1.0398769953442615
1.3262902744000877
0.6476901483006726
1.2485333446948885
-0.2639460328984105
-0.7519912190668645
-0.9588483215802992
-0.6207597075115814
-1.1244699759370034
0.0928467641986325
-0.2866137724386323
-0.3220876961919487
-0.37103704861653225
-0.44629324424325106
1.0800943627533215
0.22487717054134637
0.4659129852245702
2.081141814681862
1.717400270421074
-1.0537676769449094
0.5626054330100734
-0.8644507864182223
-0.17606895376933673
-1.565433353387944
-0.5616373275288551
1.2090639858817092
1.8188797662952967
0.21752008691006225
-2.2156153440245347
2.2096121262851596
0.4667351734135502
-1.2887530395653977
-2.6573641367624985
-8.987725086877578
-0.45232861867379415
0.6088428026962486
3.474326787817615
-2.237959207178421
0.6560045309310878
0.6527325686007723
-4.585486470824212
1.239320447623552
0.4996065840171612
-1.4830143396320887
-1.0961487354432888
-1.0459310976446363
-1.4280604276519404
1.8328585150705081
-2.6953978555983604
-2.664080442864342
-4.492643522277783
-2.53305756021085
2.33173884834746
-0.07452230863115956
0.8084662872582085
-0.541731248391616
-2.399050284673717
2.1585719874616838
-1.8823817879995433
2.192999533749518
1.6317344576023443
0.3937467497793635
-0.7330620890671644
0.3738790586481075
-1.1630332275207975
-0.23869069934203407
-0.47762416449235034
1.4183069899793503
-0.7303050636587062
0.39888780902898063
-0.3840845576031436
-0.9715985095705251
-1.3305985099974342
1.6128836486989984
5.339834505806441
-3.1680433499342073
-1.546248314988307
0.5092715131935384
0.27181243295555807
3.0715619626009967
0.3791978137381807
-0.5681568396420149
-1.8408923516855522
-5.246867491943028
1.1666169677535139
2.8665025626590963
-1.5254385869489075
-0.49833258350277565
1.0241962077547935
-1.2503992507286854
0.7400847211160876
-1.7150964552945627
-3.710615788749143
-0.36626124172185187
-0.3718587540290615
-0.5564980005808045
1.7499305428072287
-0.19826679313144513
-0.7066294810027343
-1.189772742599284
0.06468697031786413
-3.038836832257205
0.2704710925927086
-0.437209194213559
0.40018898153325955
-0.031004877265101094
0.5741986452004297
0.5559264503694011
-0.4005307301047179
1.2820738238745502
0.2676120871473399
0.4928381473089258
0.9077189796821281
-1.109573955585107
-0.1202287203249726
-0.7960656254798885
0.6422040948332809
1.7915381589835955
1.983162350017875
2.4833686195432363
-1.2300681555489825
-0.9814180591224121
1.8872157023021938
-3.3981675219133693
-3.8903645551719284
-0.6137949633227103
-1.0641299673920792
0.978514710712034
0.0015521608798445747
1.2648017143376626
-0.635619474436534
2.04753945797087
-2.3462904989724334
0.6458319769138562
5.789487896070507
-1.2294344820653753
-1.4564637325035366
-0.7104828549227369
6.017300566475081
-1.1574334165923768
-1.0322894939288607
5.982385953890978
1.6828461641434858
-0.36803740836293247
0.6419181796160958
-1.3739473155414346
3.020496841079398
-2.104803578845572
2.4227669434041554
-4.11812688555652
-1.2641021083373962
-1.6342945735553156
-0.524800902589047
0.3427265149285547
0.8062445755775438
1.4350868727295873
4.68168250855486
-1.1044964823020778
-0.49416937904922376
-1.0690987209992853
-1.5330034237815082
0.015360693117756877
0.7403672683037452
0.0344458047167345
0.8160790121236803
2.333280105299095
2.9886362740635537
0.7795972499709336
2.554151344400163
-0.49689136860390637
0.6332622171069271
-0.2106137413296756
0.8759431463404381
1.4442186005922175
-0.9770842481111514
-4.833738644720169
-1.1474381399937978
-1.4486111485452386
-0.3857819267040445
-2.5825270972851255
-3.0953959427349482
-0.7049304401978771
1.9324374021571982
3.358282079768324
-0.7566019381971352
0.6415102695792103
0.2537443699323164
0.02042152436363979
4.614273738872035
1.3114795561565518
-1.46978591672444
4.482127080621541
-1.7933713743049713
0.867958540535609
0.21297557982158427
-1.7230893111821266
0.8939949931202446
-2.8125323382739817
2.6614717349058816
3.2639670251076143
-0.07043019406885088
0.8024906134091232
1.8117976394708657
-0.8964515536969169
-2.568114678198287
-1.69100835109898
-2.9379062003946714
-0.20422820348787046
-0.13781914168219406
-0.8753112163027763
-1.8384248398439687
-0.7389513015157564
0.034425056288150936
0.7650511942382816
1.998502418399617
-0.7116936069382427
-0.7996100016889182
-3.0192883592674358
0.7399743656803649
-0.6754826437574913
-1.1080147571449266
1.1150866891544158
-0.8705710671703188
-8.359805941138072
-0.04382336561437765
1.0004252388598849
1.442323728406165
-0.3628446820963451
1.21678435138908
3.517874519984448
2.280101905430454
1.4616126173044357
-1.6869984632503396
0.03402999123167792
1.2795106661161604
0.5283432672801712
-0.9315936450527897
-1.6201672942185452
1.2832489578698487
4.698118657420891
-2.4095306459771804
-1.396047719173746
0.33809890702704737
-0.9141429501318743
-2.0264061419418034
-0.050328907081333446
-2.1215069438263456
-1.582489997671756
-2.16381424085173
-0.40420871805266767
-1.488273206540146
-1.0299048242804059
1.3370062990041627
1.2471447238241011
0.4406407991167557
2.4992696406530044
0.7895596797759618
-1.6108569039925336
-0.7972550604150151
-1.3697494383799866
-2.7172371981522225
-0.8914967826512918
1.957723510211827
0.5081365296957904
-0.6827993695917675
-0.5319096133031511
-0.420140853585039
-1.4304365349971935
-0.3672196119187571
0.6647299454345381
4.9176558922094395
5.440197850856617
-1.5395246941787877
-1.496112664371241
-0.33157507529889657
-3.0658583108098627
-2.07367490175694
-3.5692740220249415
3.7684136034109983
-2.3994979320605117
1.8425262082028409
0.8683095763595298
0.3261124978355986
-0.2729206924700079
0.17967638990938536
3.41960119999155
2.4391003630857178
-1.489426249702127
6.280540060764666
0.01664359021123916
1.1668874969436944
-0.6230969759714062
2.483612049007661
5.135385093013959
3.2796838322333683
-1.262844829422381
0.7179573638669463
0.42376409932284387
-0.09389694059161992
-1.020346301783292
-0.30680527428002624
-1.705981851368001
-2.5939985302911155
-2.251759835603895
-0.5557370492918284
-0.5025093910749151
-0.8168885596486151
-0.7513887422157068
2.0494799331662565
0.23089255305419115
0.3679723774873116
0.5707341715722746
-3.715678436302785
0.108581590309328
1.6348975949739595
-2.5520757151974998
-0.3688269597707481
-0.05883169961736325
1.1079355951776009
1.9543805144175914
-1.0439723068027924
0.7954011979623713
3.618814259102353
-0.2740628707145967
-0.07773054672549808
-0.33147345354003943
1.5742226916979183
-1.4571359369443522
2.5806034556975677
6.099542604633934
2.8847380111416285
-0.11630373362585798
-1.528954684752498
-0.7787412472198999
3.649304928702633
-4.107470082292004
-3.610368025213597
4.456834765066978
0.00940050251802113
1.0386053462435072
0.7805414936879342
-0.5215523950747413
2.634874023130562
2.5101721854661143
-3.0856494878719065
-1.0594275447847559
-0.7883367488415927
0.17977759722073544
-0.07441350523654093
0.742913584397452
-1.155546704115463
-0.9278724746034686
0.7456286880424284
1.2310231851431204
0.0952881187530102
-0.4659078495605965
2.1464540608685376
-0.05516391362173022
0.4896246994413683
1.3910088591535585
-2.760045642266563
1.0468772556109374
-3.130704916726691
-0.23250258926905154
1.4058813449607546
-0.17232353122331545
-1.1507033318443545
-2.4821646958126045
0.3037612381105915
-2.0745065467241184
-0.08459255539494093
-2.7751501718942317
-0.18566673053771687
-0.1640577999231328
2.4700386268121894
5.920164048068458
2.8923580404189906
1.8094598038025935
3.244469876400907
1.7411252675449094
-0.1266440459549998
-0.5877794844971339
1.8854303668994845
4.873290013796973
-3.1268962329209757
-1.5973144249046687
-1.4504675448863311
-1.5697611935067493
-0.0614640316884782
-0.2121426778607376
-2.291702703132281
-1.8593162651889032
-0.4002790799387566
-5.297669674202466
-0.783478829642688
1.138983853922942
-0.20928649758716555
1.161192860894852
1.907056759370836
-1.5938690842856844
-1.9120900607805698
-1.6099666806964534
-1.400735398587806
-1.872037491383849
1.4156132792535372
0.8198700121783266
-0.305285370755805
-0.4814293326017769
-0.7924041294480655
-1.0444431797053022
3.212643522897067
-0.08348178520994558
0.2956144378280915
-2.9909992037489754
-0.7868196110325771
-0.41918430245718014
-2.677997844827666
0.9045616625071136
4.22608444081186
-0.8114325980062925
2.271026775180054
-1.188792778329759
-1.6314013821507098
-0.35147405486781225
0.2527057177378039
-1.4696646872273493
-1.6209691944169617
1.857150917132773
2.6037435980312926
1.8849622096630874
-0.05264842456227643
-1.3193737928274136
2.8024989594215985
3.7185930298802767
0.5639868594323743
1.5836222933322701
2.271950556090383
0.7043089825252691
0.36333315292671176
-1.0468786962349168
2.8372984075120624
-4.635539361949441
-4.673496010051317
-4.672475331821514
-0.7860079432307
0.37565171437203304
0.43736292508883756
-0.7781659753634731
-0.3850248278937015
-1.2077794976194518
-2.925629391051154
-1.23543766689569
-0.3563809014012348
-0.037239698710709354
-1.2100270236344184
0.6173436005526822
-1.2026018925020054
1.0204704100090431
2.2045249974735905
0.004561608290936082
-0.8519066819462348
0.5917483727446824
-1.5709660217971773
-0.672110996381658
0.9379541744704017
-3.047433712296143
0.189581878583107
-0.8812540935971082
-1.0499403773990992
1.9553326400129234
-0.08169513417707436
1.0680583660727818
-1.3136990676767186
-2.272256867651546
1.2639558654209158
3.496511986547532
1.8939154386548267
-0.05292223023808416
-0.35020203189982063
0.3295612087837496
-0.11143138289824077
-2.5584593690848263
2.0966715366223867
1.9500532958012704
-2.1204851518585888
1.1516317492580748
-0.8846411253883549
-1.8983642742702276
0.33174333529083044
4.3850185853757315
4.400326445140906
-2.403234738361159
-5.143276238702386
-1.9562763429840038
-1.3710879160341973
-0.7663817598797378
0.07704902251815773
-1.7035700230436313
-2.2578468550764312
-2.7180379137045696
-0.11771838494866489
-0.20902120804136906
2.341329289978422
-1.2306246711673665
-0.7191530822814893
-0.6284822077669299
0.4133169312668691
-0.37762002949912743
-0.3972970239150295
0.862820322425772
0.18687563259378506
0.4115285194449961
0.1759752020620757
-0.2198959761653361
0.06777990995517884
-1.6660877236578806
-0.12090134946023828
2.618641964349505
3.186457487858417
-0.33741474035689994
-1.0909152249173268
-1.2227798876576217
-0.8487874942526178
4.211866659833647
-2.204488537951439
1.583857070456274
-1.4991060407256618
-0.0569920186060893
0.9881664338207778
-1.2867554735317515
-5.455994146405811
3.929115686585783
-0.9746795474137269
-0.4664005121720809
0.4791482784362442
0.11113418817392488
-0.8934341327814967
-0.7282585963284918
-0.3243722456679976
-1.5636610640390673
3.1471783074425415
2.013622548747074
-1.00477322620805
0.5046202433163214
-0.12046124594240493
-0.06495271467647622
0.476485451995933
-1.2581863898204542
0.5657133882660447
-0.7009004742368663
-0.09925272749994546
-0.7956929259930039
-0.9765106701429351
-0.40781259516966023
0.37048857736197477
-2.6797425682988294
-1.7269928461304207
1.4840344863303008
3.184092000327936
-2.55646649591478
0.25932225309778634
1.0319702709144682
0.4321666088051552
-2.3346604196043956
3.5238423845079128
-0.5656324259052415
-1.2121996450367962
2.1689516804167823
0.623163317821907
-1.8106162267669925
-0.9167307579392366
3.6031448318749857
2.0869068581913477
0.7875275171729835
-1.7114340118107565
3.0047801236950584
1.2870457914592892
-0.658023933031327
-0.07865610481303892
0.927415487492747
-2.8340278037786693
-3.055850980052689
0.07680922090624587
5.618840430402646
0.607540934825644
-0.9331202528271784
-0.32813688704103816
-1.4026730757569572
-2.4667715519384483
-0.7800014991400739
5.450427914408528
-1.0870000613298763
-1.9597614167161461
-1.496428825257184
-1.3557282979301193
0.2615414566367949
-1.6665421076047264
0.27009966396073837
0.170668841300102
0.012396686386144926
0.873825709875166
-1.3521521884035608
1.8003491038015418
0.11488687906773612
-0.34512687346466575
-1.3903218004914502
-0.31893251416371315
2.2729152494968896
1.6013286159887654
-2.006144210744394
0.9224699425339205
-1.6198679302947911
0.6568599049609597
-4.888072599576501
-2.423132973758514
-1.0860859816344275
0.9763993318186868
-0.5462784661044304
0.7634315639342271
1.41539381140827
1.5750552241664353
-0.6907066791817227
0.08339280831967073
-1.377498121816392
-1.9280233801478552
2.628648785642455
1.5137523809193993
-0.5803774056816885
0.004136944245626903
0.5488983765868012
5.8147160319650935
-1.0955200027819354
-0.05946905702930516
-1.7589714052373182
0.5495195673586217
-0.2793303704518365
-3.281045037672692
-3.020028437519906
-2.328499281512643
1.851962138117875
-2.0337864803031245
0.7030938719610618
-0.31726537767748325
3.5826593466559697
-1.7656077314822114
-0.24055746619529048
-4.021902628444549
-1.1444769541187476
-0.4799408005772417
1.1453729507895671
0.5650838782987053
0.7246180559787226
-1.7782082334435123
-1.9290760218628935
-0.8012993635899315
-2.3579654185268537
-0.7821180001046192
0.4577226112752159
0.1605099318335127
-0.9620556770427585
0.8837591054150713
5.390525199658612
3.1802848398088583
3.599682312874576
-2.1201346186440007
-0.5206411240910502
1.81227874540693
-0.7732184735497439
1.8844431096119478
2.1241097633095536
0.15511778679979493
3.602573622451315
-1.2411516387708732
-1.8614855221562836
1.23790438662333
0.5961328426917819
-0.7057291876522768
-0.9066629582610086
-1.5422942621542775
-5.841747519327567
1.8689826171503197
-1.6375679142220416
-0.2055650812925977
0.1458789536424908
1.6212707710551924
-2.3582752004333414
-0.42995391612042544
0.5591812371340887
-0.47190151949025927
-1.2321106381986
0.7798733640262937
-0.6762004954852278
-0.924278515546622
-0.2594432531539848
1.0998624749021697
1.3730316939042124
2.839652483360805
-0.05763176758102615
-0.06845234908465356
-1.401655835161494
-0.2423332198379009
0.2900388901277579
0.22351643391984094
1.1271260494244288
0.032563894251154385
-0.5305503357948483
-0.3644913170265824
1.52532860519831
0.8907287177311587
-0.6628828830471098
0.6221774013682246
2.1684311682617246
0.16758610567801652
1.8602213383191935
-0.48579796668249653
0.02623488716411659
0.3557526292618913
0.8689902170530037
1.9568908492374477
-2.035066997685071
-4.479845270454213
-6.319973075760232
-5.137165620929396
-0.5513234368156112
0.6278783843363815
-0.12115442596548598
4.393298114015354
-2.6484571409901903
3.511381315481134
5.270250512658967
-1.2558610502466128
0.9250617934983689
-1.5025791944503546
-0.6012828192521446
-1.8108061315997532
3.7534637119240557
-2.4130732179869345
4.03679661855407
3.4762185612905694
-0.35040082145765367
0.6908606453455961
-1.9267509876997944
-1.3538633441394594
-1.6263558861818654
-0.7972602623850612
-1.5881851831321603
0.30570963282565183
0.5442689209720608
-1.0084044323548098
0.4483480432874544
-1.4323487973399809
-2.1009884458378916
-1.5800207379253435
3.081408657729318
2.3464613713431897
1.952090658445604
-1.4605362030881712
-0.061856787672765604
-2.196116443422112
7.085930898045341
-3.743517938563378
-2.436369023190267
-0.5834204684858527
-1.536708074303028
0.12977520156255692
0.3322862078583659
0.4086432716191215
-4.30943828711239
-2.6522936877075964
1.9493166253657221
3.2841976264233907
-1.2347154476076005
0.18996629533213205
-0.41686394646616026
-1.0024698602197017
-0.6444895773023032
-2.3140713175122607
-3.3979703826996115
5.8750538753459445
2.1500408129097304
-0.0971991510006657
-0.4326124436529392
0.10491767169051693
1.3978374866964727
1.2354158096203602
3.5266817656256686
-2.001387897713394
0.10676382540943413
-0.6473126825181639
0.1515760428309685
3.4601324616878872
-1.0915664912234173
1.0120714239074122
-0.0363892990815614
-1.5796611937410663
0.09595865563108215
-0.9130372234460653
-0.6727022744290854
-0.14044046648731043
1.165220669283818
0.4322654910600037
2.5940637722046778
2.5967494450397135
0.36936665544232644
-0.6640763688087471
-2.277707599117267
-1.998929168175774
0.22980284173717835
-4.541632640506351
1.482816443526978
4.453781652550312
-1.6898010978829698
0.589549035044238
-0.1204698626779339
1.1676723355498468
-2.07324610810718
2.6307700201557593
0.8655041673515919
3.2895752178321676
-5.42705756433057
2.268878031536471
-1.4885534544877506
-0.8085698955490915
0.48758003618656237
3.527936892875144
-0.5184659094904367
-2.5382387387181193
2.5975908878976317
1.390470606736496
-1.785541687620965
-1.5263902724758676
-0.7130642401566127
3.731818129056107
-3.0869684252846077
-0.5817857556067719
-1.5781856353719796
-2.3165277314268624
-1.2848526680983638
-0.09162562637358009
-1.060523626291579
0.33576205059478625
-3.965399306255033
-0.32207389426553207
-0.2586754661770649
-1.243231512379895
-1.7627454428670013
1.715570530928942
-2.4337189758875044
-1.3276346503765288
1.4485702833151157
-1.79158468351401
-0.22321385111504802
-0.7733802023627675
-0.17861012952077712
0.11310824256754334
0.25221385738846325
-2.0436870318189664
-2.0866824529289802
2.0700685011462725
1.7543573768630112
-1.5578314419898838
-0.4000031209598787
0.510850748087146
-1.622353901358362
-0.3751561370831784
0.3989967831282121
1.1494179803090834
0.8047447104181
-0.510093519214272
1.840776322370998
1.9000011955667826
-0.19032242846341565
0.15200061990227046
0.3215848564407554
2.695761038757846
-0.32961627648975184
-2.877945457866717
1.1507100525201877
0.1785605767381341
0.07202867832361312
0.8758140526860545
-1.8830699889885636
-1.091662445005299
-3.0269936084789024
1.2619520586870818
1.1692791617304166
-0.7221671533679184
1.316269450727424
0.8679166597228399
0.44082822030425
-1.3695169395003735
0.6107154430233057
0.6409373366659143
-1.8957616796589214
0.9170057477356248
0.46355378385177176
-0.2996593612843356
1.549152633578918
1.069512948472921
4.099620939092617
-0.7151659892335382
2.331623345924949
-0.6471353717657776
-2.26279435790839
0.048864680026810915
-1.379641301507207
0.8809617219005821
4.329978381344562
-2.139967707308865
-1.156521729700463
3.137196376813784
-0.06354076107557675
-0.053982309804082466
-1.7431426022397942
0.0510600616183882
0.2593530748500477
-0.4341667376741474
-2.6360399984958547
3.3584675173534704
-1.5514051470292207
0.039330526323636865
1.5611119076886426
3.0317731907439116
1.034665889374184
0.30941269046173586
-3.106598522398795
5.6750471634777995
-0.5773030243647114
0.05464569604036397
0.37651955683069166
2.3862090566745224
-0.22731231150562378
-1.855008846077828
-0.8969783592475141
2.3019757735843105
-1.224176808063369
0.21394052507709083
-2.1293434246876886
-1.0223270003365634
-0.25394537636147396
-1.9848801094998738
-1.5976559773264927
0.4942728285346801
0.12375523213357241
0.48214201115199523
-0.8792101063986109
1.6494514084810443
-2.2767696977011003
-1.6124151987474555
-2.579507482169551
-2.077369382289699
-1.0937197560521275
-0.009832997353132736
-1.879543321661658
0.6631865373432274
2.401992600172687
-0.6265399820692266
3.84836703862137
1.1875894846506976
4.1920854680449136
-0.1161962361620883
0.14537466124053117
0.263297456258956
4.444225642960537
1.46906832487111
1.2188356050360998
-0.33104773448133273
0.7920612809558172
1.7529538001128522
-1.053894369490988
-2.39582461623596
0.7305577610630479
-0.31216970798362226
0.23766271243852344
-3.049294802854764
-3.8583703935786096
-0.8797420178713613
0.09052470673177165
-2.114728494931661
-3.046608229003719
-1.6300403410836715
1.7509702114842172
-5.196335540734401
0.24812112119346738
-2.221646952748135
0.3826954173397223
-2.3710665717601938
0.3824234203036762
2.4192123150891796
1.2740935090411283
1.071595983111326
-0.5087930976049309
-0.14074336349979044
-1.0965821695692168
0.4105804910333207
0.26286885738538057
-1.4562751143706978
-1.2424947566784519
0.21317841762059053
-0.6900398179176768
0.32686937644240177
0.4748411039524219
-0.1866770582726938
-0.9360131437129194
2.017300308563508
0.7380193477107325
1.3048931270850421
0.8368588854205258
0.7392757863315613
-0.5439144075526933
0.1141064298534996
-0.8019377095246365
-2.3311250639829675
-3.6785589892820316
3.4216504062463278
-8.945360545910475
-0.7122960929950491
-1.8495026526994958
-0.5760900914518338
-0.584976360838118
-1.4170673657372386
4.490382632224705
-3.856991060824584
-5.291008809777153
-1.5967941879125105
-0.4377880642093287
1.6138813315471012
1.9787867787822755
-3.196208928121429
4.7104735621045855
1.70958865156508
0.9663739822380797
4.115061431860518
-0.44459084647684166
-1.4068517873456818
2.270702395086882
-0.6287667459473564
-1.107105206287714
-1.3342453141693378
-0.4577003518725253
1.1560300510340633
1.1819469893335397
1.0250401020317403
-0.19411862911397282
-1.207329147254097
-1.363519512166764
-0.7793738917243995
1.2469292795337092
-1.6270192530837109
1.8794953897400268
-1.1932265837788425
-0.5424510284286599
-1.0891424842763704
0.3095720214175702
2.1322796968538658
1.0239754151969287
-1.260504850656956
1.602301527499542
0.19713886626722932
0.24691379513641382
0.4486428480424367
-1.6711538554950132
1.8264881361223546
-1.4813010453961233
0.9326918529007706
-1.4365242293302805
-0.4265199239370517
-1.359062771743793
-0.7271561380565952
-2.4242939652842375
-3.1211157532796054
1.708964382101173
0.18761915093022694
-1.3376334297686332
-0.22297067150498764
-0.22350167702836876
0.4402118280175254
-1.9140656340473658
0.8288851779744056
-0.12470355366576621
-1.6854062471791929
1.7235026948826475
0.4235842342248872
0.8302715705381594
-0.24693010650363603
-0.42233170488421645
2.7516066260328285
0.7555905484293218
-0.5470321592361131
-0.4282382973873724
-1.1018430187642134
1.2635979676814304
-1.5930820689373113
0.44574412861365836
1.563697525831814
0.054656997125203985
3.872341984782075
0.23975621911481182
0.643294708190484
1.536678256915001
-0.8437990224001338
0.5791811373184271
3.62241035986513
-3.6101875331861124
2.802510375178525
-4.43555687405734
-2.4245346658720424
-0.31512144982641316
1.278543546934086
-0.4538401082415365
4.0025697489421095
1.5282762950756652
-0.09717825407809577
0.046709548138808545
1.0241157121232731
-1.0307703431558977
-0.06686971133924373
-1.564821301622967
1.0723157096000797
-0.8543809585035502
1.4838662831151739
2.053948296502793
-0.37656537543943575
0.640461510509091
0.7168011897940251
1.206678021354891
2.445654116872637
-6.867755072288374
-2.146292711980743
-2.7819743961663286
3.833149142089062
0.5158130166780227
0.5870026760038781
1.1660054432203444
1.02391818140904
1.7948867190759816
-0.36714536515813
3.107040283036322
-0.27126624279069617
-0.5862710008879629
-0.9423629888162933
0.8333614616915801
-0.5052863089607353
-2.0710761484182534
-0.18512584555110917
0.37060108831097116
0.022088567974863204
-0.09264538673980262
2.794188947971759
-0.2725864872719446
-1.9323947259605876
-2.4709729144458086
-1.4423547315526208
2.9109142999023816
2.933786516553472
-2.097985262466545
-0.6726718009675472
-0.1453829422976155
0.9990100121661287
1.2297802414463874
-2.760862165611984
2.552603666803368
-2.5391436355169694
-1.6041042704560686
-0.08602325228635788
-0.27767772781175754
-0.20324695156055148
-3.724978814061251
-4.643036913506993
-0.17707155785459122
-2.3565441794250224
2.3908516189333433
2.267101754194059
-0.5497098386091537
0.5257165776229288
5.173498849868394
-1.2381459956212646
1.1957507066667825
0.5029630856441081
0.3589432698306755
0.4674035411704048
0.271279679524368
1.0743028723099821
-1.7163739200386283
0.21152535258946678
3.369105685142883
1.5821103423415064
0.7369482529956362
1.3566112005462685
0.055053549434682165
-0.30879772736808064
0.6443765799061092
-0.01756079115594478
0.7218212238886457
0.8496162016884758
-1.9516593395030883
0.22377756009268174
0.094372789579323
0.8268715672161306
0.7983705844052637
-0.28141469171986316
-1.125060078504484
0.8908999531510744
1.5671695165114168
-1.5356377112358117
-0.07342181245218654
-0.07361917281673899
-1.7887848505870876
-1.8472159073921575
1.1858368079936497
-1.6960713041779405
-4.96019604942147
2.0886530037130866
-0.7020398491217795
-0.5702317332969116
-1.4903246343251708
1.8099827535975699
-1.5681025347049797
-3.740425469362017
-2.338084672124094
2.5153107123279352
0.38509708850885577
-0.7611918520277245
-0.007871281149217226
1.2106308095568616
-0.2296222408851252
0.010811355073877692
-0.11457134461485592
-1.3873794480327948
0.5165349858605925
0.8375884072083928
-0.1927178687729841
-0.10614712374712013
-1.475120355951009
0.28291548592847326
-1.9157689309345074
1.1696264483232046
-0.08720786467506941
0.5267057345229101
-2.0462403331324714
-0.15087604168327445
0.839957652132065
-1.5562480566744121
-5.17414031335299
-2.0797551232445453
-0.24529235934157323
-0.24404933666475218
1.3431626197960145
-0.4159456293452379
-0.5174257290219347
-0.9492280755039407
-6.555087935099738
-1.8049557702251418
2.5594345328745427
-0.1821155360946819
0.14112283502376
0.9617230492563235
1.1394276669748509
1.6782132530273906
3.4932029118503607
0.5610167311453669
-0.8144513288930911
-0.5093378487978665
-0.08125710691840876
0.6793815298039639
3.023629212896307
3.2623574615134827
-3.8303757558543423
0.4951224219557623
-0.13922126317100925
0.3894489358870768
-0.20199390817448798
-0.3010188846677018
-0.9097313623912677
-3.26311035782433
-0.464171568458473
-1.2667255972841784
0.13666275125000713
1.3788335330816137
-1.2004870649535762
1.0367807190217548
1.3513439419656823
-0.42164945635101464
-0.7758769892171135
1.3315390937614526
0.8720481861012935
0.4639804281330154
0.45747792410917726
0.7499818672232909
0.5067316739731168
0.463632392726522
-0.35154427971739416
0.816715488256062
-1.3789424791123208
-0.48357629820980375
0.7387350411530744
1.4651287789141223
1.238574690388871
-1.2647734891730356
-1.5106030933929193
3.379390969365614
-0.6912006321053902
-0.7375809407111873
1.100314273088679
1.0129449601361407
-0.2483686507931264
-0.15661644639670494
-2.2904476707358024
-0.6926909595555466
-2.3915395769572645
3.6319026718764587
1.1703312722691475
0.4254707194991967
-0.1101529709522736
-0.3891802768265838
-10.435875784162123
-4.11095322993604
0.26904716110364507
1.5750387392696785
-0.5598493923880697
0.6830394305922828
1.6780138524026913
0.5224961531144838
1.7092359709177996
0.7126508590763163
0.18851229170724845
1.5560953339625316
1.1904480332153426
1.3664427082975104
1.0482268612633978
-0.5194083312918608
2.526920146545297
-0.653520170303657
0.14693576548228093
1.2641379209063135
2.4331767038917427
0.1496867721842236
-0.09389571244758158
0.8146693191136947
1.2690868486563804
-0.0789297443257945
-0.5997825926869503
-1.7716790912360614
-0.028583149782800823
-0.6417355649825679
0.16778621031449945
-0.8985045447297737
-0.3204722217055555
-2.293841878963462
-0.5132872560725976
-0.5460841090017056
-1.496287598453268
1.0642738016272573
-1.490635682037275
1.7085225967024822
-0.10291167822929512
-1.4147962503219491
-0.5010893423523063
3.065531062260437
-2.2538925507047276
0.8648726945857744
0.5390448646756762
1.2904665150810075
-1.8579196902457238
-0.7507177581513745
-3.664017887780495
-0.5502434327082851
-0.5520552042510187
0.2421747751611616
0.5990563314446193
-0.3853859957009385
1.3559679408923526
-0.8107489800935526
2.4258336288531606
0.12479697479753275
-1.1225421498222705
0.37315771049333024
0.6973531594055407
0.7338245206726552
-3.208259549619386
0.8518538700543098
-1.1187460471095825
-0.3353085057015674
-0.39422013294018465
-2.529713082053925
-0.2673360166070665
0.6566007572485175
-0.4703635095790851
-1.715871840322496
-0.2343315778675726
1.1161494142982393
-0.0762809230627579
-2.71222908186544
0.703014350677253
-1.3187468731453984
-0.7810226492534357
0.1333970451805539
-0.8532874708334361
0.02373863308953573
1.270717738792998
-0.41419284091765296
-0.6863083445481473
-0.40620235454449916
0.6899418019095962
0.11289541015611712
1.5694482628529267
0.6639898793349689
1.2250576844368426
-1.4695194351542216
-0.7567297651182198
-1.453705188128233
-0.7064637401728041
-1.5123905978631176
3.7493935002305343
-5.711379755193817
1.5642148319463576
-2.9025455219818284
0.5275567334473767
0.4459069596259223
0.3078173806289146
0.08815842885043843
-2.6174496271155094
2.4079337577469313
-1.6122480876406442
-1.068454451223312
0.5384543221401223
0.6950085898044402
-2.4560658856814794
0.35886087791770294
0.045611441892616934
-0.581832572121717
-0.507488284330634
0.0995601071390452
1.2053941217785862
-0.5456671566338358
-1.8711261292915184
0.13540841253312708
-0.12186787342760314
0.6779528658082171
0.8974219268621779
1.327094212898321
-0.29413857803188015
-1.7021119616491187
-1.1535327197919976
0.549642079102893
-1.4345088284569008
2.429272635936227
-2.6693733730950604
-2.1720134081821345
-2.3829747065676297
-1.0200581674198392
0.21272939334804525
0.9790562301970835
-3.3342089531372183
1.0518429060606358
3.0780533492215194
-2.1967661970179133
-2.6072237678290193
-0.38685786051562243
-0.6113691407407618
-0.46581056869152143
1.8171271455119413
1.8796376674708921
3.1526495239028973
-0.22151450425762612
4.534417250411566
0.7054096617298304
-1.2427359402112297
-0.7951655142887065
2.179990937335628
3.424428982938841
2.431037780305673
-1.7580988213665456
1.3453575754787652
-0.7660293155971323
0.346550368482168
-0.12078479959479199
0.5035483260988742
-1.9587259057714652
-3.418116819026266
-1.847287219810715
1.4625120488822392
0.588947768203381
-0.7366745116852511
-4.141667745875954
-0.31239403228999324
5.994756628221215
0.34043773140194045
-1.5086986256244421
-3.4313242311307506
0.17732195711423496
-5.955405883604805
-2.8198019503135963
1.7116229519485917
-1.5379502677261503
-3.107700510505731
-2.8934860283692316
-4.186808809281371
2.096539466630665
-2.40461475261613
-1.1154533598188596
-2.2337040423273526
-2.369330785897132
-3.0346640253787385
-0.3236649978870741
-1.3803113060832166
1.007907335988873
-1.8899355561878386
-0.5258516256207999
0.4926853603142622
1.531223039079936
-0.36105207963388186
2.0070770787573307
-0.1507902001584193
-1.1761068931007026
-0.3124731808158498
