-1.6363468227085485
-1.2553508686452202
-1.4089515964022314
-11.390461327949854
-9.65725260459551
3.5357502067017372
-2.6644338083217978
-5.078968526597672
-1.2705186707460578
11.152152588240014
24.825615848560197
-12.639792793007704
-16.949314336972773
2.8299056241894873
1.0819677865950708
-8.830829187092586
-1.3488645877480923
7.07560120880653
19.921464075471526
21.512316527622733
2.706608563277013
-13.261370523726066
-4.571258910523632
1.4088962090315789
-2.290892896945416
-8.969227733320848
8.903758129764581
-47.97352340547562
-0.7272737837052754
6.289252034772035
12.86367680570193
-5.1661797693209515
0.03218264011590292
-5.843453702749078
-7.760372703939639
4.4516943626364505
-2.6293705877868714
-12.160999331234343
-27.992660549155968
-1.0538889810687824
-2.8847715690937363
-0.37571794756893406
1.5459507220562418
32.14111345224461
18.713568816776604
30.846937787330575
6.972216514129312
-3.4885673565127453
-1.226551512700302
-5.658005982786226
-4.951209299409089
-4.572911358433259
1.941754012782097
-8.220580486118775
15.382527961863783
-5.20704871132038
-8.075061900760101
-4.450804586341962
-10.27644327146142
-0.410141068466856
-3.640880874547713
46.196553163609224
-20.671127889374297
40.368174251088014
-2.6954946103939683
-5.22298744370315
-5.463137749117279
-0.9908431605119192
-1.8849431076007774
2.0331394197944874
1.3939224493747793
-3.9054549589257213
-3.9091881831228488
-3.0712153009609366
1.0932537859360296
-4.370374981257374
15.75808759404792
-30.439307158322293
-5.402095406352604
-16.47221644829365
-4.996208321314206
-4.996248093498072
0.28309431470082286
3.223115178449938
-1.1356809348990666
-1.1580666619426534
-1.6294636217693135
30.95942373656311
-5.031241168677068
-5.353054324403996
-3.840742142205264
-3.9736002080327
-13.589552576200779
12.608921111615949
-0.11259624023511323
-0.10293594156756665
-4.525014032036345
-5.495672644267548
8.48821288099147
7.712247098128849
5.0763683635202
-7.810981808474391
-9.260806642898514
-1.633393747959827
-5.6917801860120125
-2.695132164950559
10.052600051447124
13.207145200363152
-18.929282374065366
-7.840270214939691
-19.24755839683056
9.868107842530419
11.066478005081146
4.732038164228608
8.343494615209101
6.678617880523386
-1.5236088524008045
-25.979369700275715
6.603927177633106
-17.79052607830394
5.582577579932203
20.051626058304777
8.899132918697697
9.202039368152233
-0.31032920689032295
-56.10467674078545
-13.831283879915418
-7.7883948478527625
-8.869438754887017
-1.2016227970628215
7.595904091902932
0.6121514438255233
-3.0617338861959382
-22.20034465984668
-0.9489043904054358
5.760962838793244
-12.514988337731875
9.184030602824615
9.166511415021072
5.947390310234699
8.593842470251856
0.8306209721305765
14.126075750274985
9.138461000695422
9.270098207186555
10.758111728358243
8.158407417883698
5.165250605921065
2.658024053312002
2.3231027869774854
-12.694180315320802
-6.333478854683026
-2.851938920196604
-5.866100355825539
-3.5091654623342663
3.0785987024831964
-1.8577035006662888
12.43388601466812
-18.500571791488483
-0.853203351351496
-10.744497358379242
8.882223457049799
-0.8619180617269262
4.1297862921192845
5.488629016115276
37.70887385661167
-35.82402677520611
-2.5276192683127205
-7.857607324637606
-2.7239514086716317
-2.412209266248379
2.6495982965508817
7.422035894717616
-6.1445548232671925
5.1346701645618715
7.352069089741015
-35.46089201843847
-7.718577879109096
-0.7746345413880783
3.864660065726887
-4.9408065419925355
-0.4640616378222908
21.116544214760335
3.0535403582903067
-18.454790401047937
3.4943174687741156
4.586494350153196
4.248851826384145
-9.176008833006817
5.515367641627732
-6.534440889596484
7.5491760342580605
4.9636868472481135
-3.6282157242428266
3.179390998553183
4.342424516715445
-4.605301035222539
-6.16803434797525
-7.008117723204459
-0.4728902754164593
18.604560507229973
18.350844275615703
0.2530781484610506
-4.206513066408566
-2.4832193100719278
-0.29002485879598244
22.234728477278356
10.839477104857322
22.88806875398434
11.011915198508683
-25.83689589619691
-9.234756486146225
-5.187741469715557
-0.8944176517984095
2.5280268765582536
-2.0681774110462836
6.751047795341574
2.0717008673291413
15.892147089563798
-5.158435211319809
-4.194424665110209
-3.1502548564073365
20.094984985330775
-10.56118036652048
3.0361006175025524
-21.56100538178988
12.873637135948668
-10.940713622425108
-3.312942152819606
-17.51749956245556
-17.90401340962717
1.6894729631173637
-17.596331108905087
11.644179918793105
-14.517473237186401
-5.426411529765365
-3.3674268202815907
0.24586067293139027
-4.776642898489418
2.6410804944082154
-8.691067397455956
-0.6280772422739388
1.557844929708162
-3.493284207395552
-4.197779631658546
-3.555125591970977
-3.5123291648829578
-7.511628124030647
-7.518384704778718
-10.259930716582137
3.31366631343271
-5.0097691287772665
-17.01430611161588
-4.2505800168665315
-10.182898647199929
-2.345631303930199
21.955398347193572
21.342889144017622
14.266189437590038
26.02355542428419
-4.303309860445374
-4.829703976951626
-3.4898575189022645
-8.213495253987496
-31.694457813926963
16.815616354731002
14.686067772070972
10.215996503896687
-1.3540625576278007
-4.803774354332742
-6.997795958539619
-26.57071032061866
12.985612321390011
26.506434896036634
-5.188791962528185
-16.161323397039872
12.147150082983922
-5.002048932488854
1.1609719716591198
-13.766134846801593
15.822493442901282
-10.84744133950156
-8.462327235764901
2.488525369196846
-3.240906702412673
-4.405039128520659
0.3566630061410818
-4.46280778691325
-3.5146229216220046
-4.915805050488151
-7.043759538196991
1.1002147663732924
-4.47224692419592
-3.987942765243789
0.4696077162429016
2.8341484642452417
4.536211248913421
2.784420221290497
-17.159098967771413
12.298820673503124
-0.7325213219022512
-7.135932847049381
0.5762188074106592
-5.903073834566204
-15.29366156035524
3.0337483723318575
-10.65842777913479
-2.4436859508745608
1.1561432971678576
8.512590577876034
0.062307686354897265
0.43084127558052426
36.169059388420536
45.90212496003752
-0.05849551647142968
12.128675143238215
-3.1179118276478226
0.8436896664791059
2.9116505535685984
8.308484655423232
-12.69363777003362
14.893830014107046
5.266246190651802
10.193087483706515
11.608675500205319
-8.426803711280852
1.3495494929650071
-19.204241388667633
-29.02446842358682
-28.93253012816085
-5.96720603791751
-1.1044460096419983
-6.561578518747514
-0.17503665676134653
-2.684662826280506
-0.06929225925690713
0.2898270330541924
-8.627968215622847
-13.122589459265855
-20.361974538614437
0.12877907839760802
2.170506584845484
0.14417500717214807
-4.904757654575858
-4.729753858501956
-1.1285436241599904
9.6967498771307
6.639375829964037
-7.633224626634351
-7.469315551238633
-16.148677315047866
-6.262879571594244
-2.2184105678181267
16.89702575477656
38.84654222372202
-5.1690359067233915
6.023035817510505
10.462113163179868
-17.39844120232063
-6.355973374228482
-4.447391162464279
-3.1110744904197767
7.1621686515771055
12.355772764401742
-5.061094349075079
38.881155975422864
-6.134532220833643
-6.667653811507444
-7.555097985810798
-29.526136746461052
-12.97043812622125
11.763760536712063
-13.838826230708843
30.406491886442428
-3.7316747541165185
-5.083238780704562
-4.741234912089504
31.10443298135775
11.67951448399356
-3.580160515748239
-4.502132421134917
13.712731504858159
-4.59027517114089
-6.220984100240148
-13.303420734547306
-6.346366609492139
-4.8467973854443205
-12.137873767382098
6.55542362702379
-5.835407184102372
-5.555831409382838
-5.112617670484825
-1.7450342799667233
-0.49412558546815594
-2.2243146076637696
-5.518715679577476
-22.08014536181543
-5.779357199209144
5.055285134996118
23.307686868589713
-1.8683790284398774
-15.237049361527543
-17.577574435092096
-6.4232125614214155
23.421654134526563
16.445332862099086
-8.473730545770685
5.708973322263176
-2.0728965032938698
-11.567274850613925
13.636147545868564
29.65774143396272
-36.88721436185566
-0.9474604547037911
6.616435980359411
-4.285926559194389
-4.326525463931583
-0.6617168226462907
43.355124117666314
-3.262899154757427
2.5908864811379533
-6.7564198424024084
-8.598924686881928
-1.804042535482196
-1.4432772260863287
-6.351287053232615
10.63059955042122
6.0100046429192435
-20.95128749933116
13.615645749187964
15.690678041625407
-2.1354769546282353
-1.6229436218116977
-20.672038682791012
-3.2740535035562246
-1.5497219936819544
0.8391826163569871
-3.492826358222569
-4.777979640515614
-1.775483989099427
-1.0830487430485551
-1.050010504405958
0.6150962150246551
-0.3391257767010614
-7.037131468037681
0.4696346597699657
-3.2354580765486385
-13.303109293111904
-10.122157247554906
0.6089469998752846
0.20462379117623128
-11.918181552347834
-4.231616543069194
-1.1055583500776844
-0.2554213821601951
26.755452416389186
-7.192270718370679
1.5850101792236553
-3.8478006234804827
1.554412143100411
-2.0714324617372024
-40.05434474628178
-42.12804488491479
14.662182430477527
-0.5801808463624598
0.29350421804724375
-0.5159320355560719
28.968986538996827
-26.550215492899603
-5.344820749977313
14.209410561599107
24.856990810236134
-3.1682012722873303
0.16146626002592906
-14.934670011615232
14.021237528006187
-1.904077058833917
5.646903135546218
-6.8996327312457675
2.828285372676689
1.7222723043650234
0.25337798688262075
15.83098156701392
0.276507713133526
-3.057525325231504
1.6048685294139156
-3.09456761410956
-0.6016212987783157
0.26675844783873365
0.11671386836346469
-5.244616975001872
-4.831010564484959
-8.0647013033619
18.06823760298788
-19.793610170634206
-11.693478370910018
-3.121938444002562
18.599643906530236
-5.944073230448069
-7.007636926512376
6.038521939543942
6.8731133421793205
2.996473255078078
7.638444105746504
4.037149843734434
9.862417833345448
-6.329473998627357
-18.402242353505226
-18.269371546338764
-1.4563911922172288
13.169867183160443
-16.350854778431913
-4.064292622597909
-8.155891112129932
-5.058038610339613
-17.30946858727334
3.7060550531492598
11.167542505656344
-50.889165195920214
-10.525928448563675
36.94053400841448
-3.2669449597193587
-4.406575447468667
29.402166148782964
54.25613138901469
41.99008605626738
23.860732109723656
20.250509864513184
3.2573902163020896
-4.237710616740798
-4.884172437846626
4.0070670896091025
-5.65372889128982
-13.982496623317502
-26.213172123898286
-16.801938443529853
-12.90123398207255
-5.194587046741054
-5.861536279690226
-0.9764266857223056
0.08784221026051614
-0.4389015763453379
-6.439080175317748
-2.6724173940074425
-5.739329878956661
4.754633994841067
24.501884804469107
-0.6257320174362044
-2.9778926601319107
-15.711572130792195
-14.130523577275675
-3.5680196664450716
-2.9335038962782973
-1.7810888902478659
7.563961456809642
-1.5148115389871117
-4.289537639440541
-12.47261070961731
25.76867787991688
18.213654493334257
3.1272391599277163
-21.394513120932473
-5.022521657020955
-1.0743361419775586
-3.496541692530767
-3.3761897484287524
-9.093151539629595
-0.9905110668250557
-4.128939244929219
-7.385927352116386
-7.3989899398600745
-1.5759062092152356
20.103812647282137
25.922657504031637
-13.65880504138739
2.508972234797442
-1.4435653005697975
-12.800672313522938
-0.05344787540607938
-0.08127984217043924
-1.1091618702063952
-1.116157498391852
-7.92404818494091
-1.9865695909030876
-8.181583316997765
-2.931548764026461
-1.395785905914666
-2.8644478279483114
2.2236465800669305
2.554261818265229
13.459233513488705
6.173402500412332
-7.648764216037589
-5.519979761141413
3.782612272232761
0.48014758713436273
3.181189246659629
2.0232959933980452
15.75547201997244
-28.572116024629686
-4.200408543596971
-20.46362745520552
-17.477805310417352
3.7392609551202463
3.4188984740645405
2.093906722935676
18.322894703315498
-10.505172825690844
7.579891696831231
-7.428976775085393
-29.04310973916092
-0.8080424994673234
3.344838334705417
-3.4484733516482535
-10.855447711895234
-11.2342960537194
-11.588904659982449
16.670683723875776
15.714820780790088
5.571814055507499
2.16055097534591
1.8339767054213416
-12.427827034229267
-17.28439654783002
2.9308908220346654
0.010350498739503044
-11.279143672376756
6.200826769574984
2.5526984718828403
0.02316531794568553
2.7363012551737484
4.55631644999983
6.214775062885564
1.2512938721131575
1.2213641910639348
4.063658878790396
4.889068304621379
-1.0106833014275822
0.7406368029083837
5.771448868575766
31.552545191629658
64.4134281219009
30.176344094478967
-0.7350237649423969
2.2951880407768375
0.38837909934954856
-4.253523774665625
6.065904702702166
-9.330422225806474
-15.283092012244687
-34.347917835315705
-21.03177444253365
19.975600938226634
-0.2726798265060166
10.88632366607114
-17.77504740352657
3.6544593119952755
-18.749890622034616
-22.42451867106059
-2.2087275220858866
32.77644805172832
-2.6177501393745577
-12.034222058100314
-19.284373256778572
16.432674596521938
19.51314549582475
8.489850005978237
25.66147005107421
11.476963955718746
-1.467154507218976
-0.15090320841548865
28.92935836727851
-2.6906420147744963
-1.2788647569381757
-19.25894861776043
-35.233329497521815
-3.1675549489058725
-0.778329339965098
-5.065427296009691
-0.09281234791713894
-17.984911033932036
-15.936432048242393
-4.1841134660191495
-4.398456525139207
0.8068493946809544
-0.5477158039155625
-0.6884832851469467
-1.0818381080752664
3.699156474649147
17.594391804508014
-21.20656654639909
-5.022688958500514
-2.7890374279472914
-3.610626387229081
-2.113977472073811
13.35226582593528
35.298253620785886
3.5685953837419757
-39.240590731012446
0.6485341420733316
4.212068019230524
-0.4287303618427849
0.9543573143643229
6.399329206788702
-52.21348501015685
-11.833951012703155
34.63908535004117
3.3970998465306903
1.0095469208275618
-10.641086362619154
1.342806579135853
2.935212774575247
26.22884548828963
6.468257344051146
6.167324141225313
14.826274655961585
9.2224593249399
5.859948170348913
-1.0240788551852886
27.233672563448813
-2.1356771706504474
-14.854941419501094
-6.8920945123541
-6.842176737330821
1.279505180475724
-0.6066504938128198
-3.0019012940268897
16.54177391893288
0.9345447615421355
-4.104301032754668
2.497353397868829
-22.67360335205983
-9.790969236203034
-1.0947616083135863
-0.5619795745962546
0.8238653579485796
-1.7420300718980573
1.3744877110717912
33.88966987927969
15.405664707360485
18.721222517915347
-7.214370738840407
0.345233550670394
-0.566306749626878
-19.6283045473892
-3.8868647324400762
-17.297784897446817
-23.002329938172952
-7.677557774794557
7.736811604641358
-4.094010527179905
-1.2692477326324647
-16.068223408886983
-5.988048658468732
-15.411931235233872
-18.429954528586922
0.763034325851825
4.655163122284552
4.845959515908732
0.7315410435730155
-5.205029785846617
8.429311353521456
13.37615072756767
20.233298256813352
39.15588932609091
42.79416772992951
5.316599372273275
-0.7895999000890642
4.958704233291425
16.72328458425548
-12.048475478134856
-17.508052155366197
-27.532816261855935
-14.174678999449137
1.4037045900844547
-2.8428247652527863
2.3114445863889124
-2.3100854597741725
-15.6636724310036
-13.576759648994985
-9.673677647101261
-3.1854089319920416
-0.9005108917824639
0.8132529389299502
0.30602005182243475
1.4329900624706469
2.202482468445708
-8.490649470172468
-11.476340217263497
-2.275636753000882
0.2771883905293064
-3.9617388014428783
1.5905142644091514
8.266352952848072
15.443322694389739
-6.705504269071483
-20.764701608109753
0.39492598043583454
-3.9446382582402664
7.80277892763023
-0.32165784321549507
-7.46181730148795
-6.169160477099618
15.63967238711602
23.543484343789086
-0.4492024500381849
26.067804307373738
6.6465887505112775
1.6546082664881043
-2.0930660392282774
37.94653390933859
-2.4776293124810382
-5.487867244015432
-23.42124054834091
17.078432814724735
-5.509906747992003
0.29703543171017344
-8.470756514389409
-1.2711616194863435
-4.379258289192269
-19.235780831808306
6.544027302756607
-21.358269061802847
0.5425357020679384
1.2699095266689941
2.15459453083734
1.9452753259262603
-1.4804684743675973
-2.009745419324622
-7.348568686341851
-12.888703828421434
0.6539350132210097
1.65377473866656
-1.4691210409453335
-2.1224613975502513
-7.023265964324225
-11.190149655331668
-11.745012978999673
-14.987186137858629
-1.6925413727635839
-6.155131552826887
-1.5673142205049595
-4.963217620036758
-6.994858351176856
-25.950914668128362
21.98905023670743
18.08803406922556
17.837411248099595
-2.3344435430043786
-2.6510008042059945
-8.906216865162557
-17.448865726878363
2.19331560770858
51.70526778997023
-3.4317839444881835
1.3460941167957434
-1.7256430601371733
-2.8605335547037805
-0.4305753643695251
-16.578707357877388
2.009920527601841
-25.681501331565624
1.057412365889916
-20.452390781630267
-2.068498767298819
-0.4392512795227745
20.111673942564206
-4.143225653252604
11.56911917894625
10.181831331003488
-10.090607660753957
-22.74119592868958
-0.8475413884462158
-3.197920711573174
14.120414337134388
-4.349602800540539
-7.96422021503718
-9.543499077228999
9.172190097984082
-1.1568358736309843
0.7425904622798573
-0.10968786829036714
0.9989895992767348
-0.8982304789426777
0.18621273641305347
18.203040126836417
28.447597509017456
9.424059788763616
0.027768317496324538
-10.33346512216764
-1.8158299506434916
-0.16819130641563645
-6.26633041129466
-48.125919121083214
-5.087559167603433
-4.024083741248387
-18.023962743109706
-8.940649880579674
-1.4361246482694232
4.109940154281131
-22.867605493326224
-31.6271781086594
32.522903634525804
3.7174170230086805
8.148233536625892
-0.33381742921666585
-0.6026581209043792
4.185486309120146
10.122895410410683
10.816261274541516
-2.1894675395438843
-4.270709447764949
5.234168368058349
-7.465476564881683
0.7559356859789231
5.343505427970745
3.4122048743628444
24.476512652835932
6.272889519149457
15.309830548197048
-2.6728861792454426
3.6774264088955073
-0.6858666523357363
9.90775034607943
-5.437145765727694
-17.075009157237886
-16.339355773807732
-22.28650798178336
-3.603363331450094
0.5231656388856767
0.3140527134437247
-2.2552031294116825
-3.533689590406643
-0.2618558582828747
16.44601127064858
3.7879074674773303
16.27288003066531
-3.0141519027388277
3.2068246832277607
-1.9726666555704855
17.85845378022456
26.532794832801578
8.545028727216799
14.745639333116106
7.546039336399849
-21.483599651539258
-6.435322623080882
-1.4128939508812164
15.249399270551203
5.395666109243656
-50.48608437905971
-0.8093741424928216
-2.6132646226191922
9.85837171694455
-3.9923807641637628
-1.499171809927888
-4.070943388380276
-33.444265427495196
-51.09909933957846
-43.42080229492467
-12.963566923225555
14.088386996992261
-1.068388620651869
-1.8250393701747634
27.791010256415145
-3.9536528649463
27.677131413334042
12.236538334970842
9.332731127862075
24.951749062240037
-1.1419906874906982
-5.326402838776947
25.060721025015365
-0.09204228718914
-2.3411059844529376
14.29325083391991
2.6806859627673663
-7.9936859255229615
-3.227891164612475
-2.4826769065267498
0.774598711215821
-0.46385996890867703
-0.9412330630485272
-0.9201482815536017
-4.2526707185455015
0.6076104205344091
-1.6649717781311892
4.009762457195381
1.0220183571779529
-4.345268694397442
-6.614190841649132
3.274491347093868
-15.767867323139951
-14.547817347179993
-3.7061355667721783
2.110602618541849
1.3092250331273165
-1.9343230059161007
3.976078749442657
-0.1727139463559912
-16.892395677456097
14.639926382661223
-14.781723780685956
-3.3880393553333055
-0.1260097039110861
-0.7077998306432215
9.654872091465826
-13.166768698083642
-9.341280963987701
9.463639924508831
-2.361559430906027
-1.0119075107879552
0.07540968471312941
-6.893365106167869
-14.78442059678712
13.92404444563706
23.140631950784186
0.8072333913174022
-4.945473796520758
0.8978260871475834
-1.8188304295852933
-3.8643013779967967
-0.2103786412342596
3.0611889783144766
-8.767024380093384
4.41653039370613
0.5738450946389233
0.4383975020547155
-0.01757815201549045
-4.124476382321822
-3.8562133719818967
2.365922840915875
-1.177414814418751
-16.50818646348911
4.59660249466827
-4.832059973568747
-2.9293319489173797
-3.8401052505263826
5.650539562823355
20.54309442450749
36.22813541443798
2.205028321891165
10.751320097950329
20.956280695135195
-0.34705835149296466
-3.571344135146496
-7.202790970328197
-21.634641226580978
-21.3878565471605
-3.2437671446254197
4.377242835612568
-16.59836816406702
-0.8058627634674932
-2.93105223141035
-6.901386047502018
-22.973589824854656
-9.474304201809455
28.832965834698157
-15.248341368612966
-1.1996593347258417
7.655628847212478
-4.569194885466235
-7.144742685299596
-2.3109996097809793
1.4747080071663214
9.004356477287397
-16.14720991034083
11.21830644013061
-3.06179655210415
-5.120286500172504
-3.6192258383021767
-1.770900387683494
3.0247946781919666
-1.5418743500304632
-2.553146208061706
-3.9640699774495713
-2.650835679454828
-4.060838586315961
-2.5032633338640142
-1.6048720426193848
-4.246188556658472
-2.8174271828777884
4.325405093574352
1.1431922633056482
-5.661744112990783
0.09405328165466749
-2.1220597000060395
-2.854710325483025
-1.1046972056430784
-5.47894988926541
-14.925221600364962
-20.3389362581997
-0.08682785871244529
4.224659206771474
-3.1458777864376675
-7.392505465928725
-1.0965947301921875
4.275082247614087
8.387308476484296
-26.871186514739843
-6.041555908959237
1.6471154392228575
-1.9678598163002916
-5.972272699601352
-22.486128366689957
-1.6567081215692816
10.128921035974514
2.456031871814759
2.632213006914772
-2.426880557356101
-0.827307203538065
11.606587174580316
51.31438740471604
33.53559638557412
34.89589847483633
25.2378244237343
16.62276491186262
-2.5702706832019713
-3.3145533949519033
-8.485332319476912
-5.093026704679993
-5.632529005242127
-18.05152057986171
-12.09282986624493
-4.261978706238292
-1.8526026731187701
-2.779803010731478
-2.954174995931198
-2.736502751877924
-2.9217837190209037
-10.293609526298408
-2.5989802200160694
-11.623205930544236
-1.4675551073668878
-11.556843052007222
-2.3821453341809384
-6.246800009208507
-17.49359576631429
-14.820155042324469
-11.441779587628316
7.186942938139987
7.037051320809509
11.985523069144989
-3.2265118962183275
0.6024764020058747
29.024068775837478
42.661902321339596
8.190553665883318
-12.659552641608936
-6.663964162648049
-8.182975172939537
-2.7532479628159967
-9.350951313406464
6.3659918468476375
-15.152703876255208
-14.703521677821621
2.839016459324195
20.114853979697582
-2.6829064783927166
-4.630159769013581
19.663285972511343
-8.461956187572357
8.903868477841504
-10.41535310531182
-14.319019726625536
1.4802973497421374
-2.5482502517647143
-1.8510293035443404
-8.36869006160657
-0.9934134289617438
23.926763625562405
16.458342661083776
-13.508359063951584
0.8819679903148254
-2.938596003667085
-2.7026019153100025
1.399451584566078
2.6790554170996788
-2.3311729542488826
18.976253918808187
8.407434831712505
31.185530064404798
7.826045203537577
-9.13053075294293
3.3098285463361727
-0.14678367414334856
-38.40754959376149
-24.22382051010907
11.328570519205483
-22.96103402208446
-3.0290464980254126
0.16649965509080702
0.8567759849412159
-16.20274161649796
3.4168053330397794
8.934113819362441
1.0773802335942702
24.60176702007302
13.407872725880935
3.1504222271870836
3.85898892879711
-7.9602855211690215
37.59297046178643
2.602381760201732
5.710252473855999
-6.044781772743922
-5.950211882089419
1.710371724646949
0.8545159484709867
-5.880576886878817
-26.79589350118345
-16.129479234199035
-20.48712426011514
-14.302658943556418
2.059912687952188
3.387271081970058
1.4374452137761822
2.1399213083615787
-0.1797440458912126
-0.27263549726872516
-8.284841746547576
8.946693954612766
-2.0242422654719854
0.6954129120145703
-0.06778702001044423
-0.29593744323907106
-0.5446376184120002
8.141088365040401
15.896792458349509
11.423287437464468
-2.0318670360920175
-0.14970496597729738
-4.886390224470749
-1.6853180767481442
-3.406991943903355
9.971943530885854
6.670484306798219
-49.219809629123084
-27.710735945964128
-2.5618654658756888
-4.219679085013479
0.45957125269083526
-4.928581092818987
-2.4972333046944675
5.574103061912499
4.7609527214845135
9.715557370578503
19.259637522420736
8.695304986566237
-0.4630420087209221
-10.425743344115114
4.694142863099876
-4.371104160254194
6.73013663023216
-10.232716704188084
19.054778180839758
-7.8470056863047155
-0.832867709861051
-7.0925506722841245
-17.181586422468094
-17.045405152757137
-1.8934725496282938
3.951866453072044
-0.21415907035791434
-2.596890764589713
0.12985968028032416
-1.88644850044369
-0.9060818246802272
-3.8083901537728884
7.874175777184923
5.529158361821017
14.353343655740032
1.184909291082558
-1.1735015646997222
-4.401159481011092
-3.4254865477468863
-5.526666140592588
-7.5931295174666555
22.142254253143115
26.549915165992704
-3.5525954812935456
13.532515732038913
-2.674827886897229
-5.989551434795794
-13.370552866028085
-13.931119280780871
10.507543376705444
-10.113047319198682
-27.33269773443498
2.6694658631660912
-3.33299841290326
-2.293895386341637
17.53635594737745
43.60306070549874
-0.15947072703280143
-13.736385044546203
15.09147279663474
-3.7195476934630314
-3.3068562065412443
-5.1660131275684185
6.411685834660378
3.152092327487449
-33.04465988536433
10.43618671074599
-7.9496995151031475
-6.934800627498679
-5.083538643617148
-9.736403951414228
10.758185072985196
-3.688515739072121
15.447729147169184
10.755777918318811
-5.638859434030384
-4.033709148953567
-1.8416533538171482
-11.357145691062474
-3.798095924728639
1.8001257824659693
-9.110622843205839
-1.861131493239747
-4.013646871134523
-3.770241349931709
-5.526061031695013
0.8943461661919938
1.2736723493800457
-0.4050107776643453
-8.643909595096902
9.233213713035084
24.495757141852692
-0.327666353187605
2.072033275413248
2.2172145291482295
-15.357918574318434
24.033090573297553
-1.7882133886765457
8.288486252446239
-33.00078797505279
11.201248809137224
4.1185714462153875
1.877223340512073
-10.133919963633241
1.7770468876171974
15.315274457102907
-6.447416279381634
10.437216298842456
19.802845535556006
4.647261540702488
1.2342333624471205
0.6346598364971946
-28.662114780478266
-2.2170071841873162
12.629191068017988
13.109625709085881
-32.36570382281652
2.265078306321104
1.7381647059324652
-9.375616367009595
-21.81262874948699
-7.096722637751982
-6.939732936812604
-19.384204467427413
-18.38992385090802
-0.7726198929557224
1.2216362655049213
-1.4820680099014654
4.7087506564998245
-5.5382343771994265
-9.131081425842659
-3.6195184236250277
-7.88155552857942
1.698585596363217
0.46063765555307296
-0.5212409843252631
-0.46072431189062685
-3.962911023442341
-27.424965580940402
-28.80543914989255
-11.91938382554825
0.022830256980691372
0.28823354333534923
1.2899935433820808
-6.79485443716734
-1.3628550870725062
2.0092611759986228
-28.758460343131407
-13.779811615756014
30.693345170566854
-2.989907331484089
1.3839820771165623
3.601499305464932
38.50351197712656
21.301571846710797
22.039770818743808
27.0826069370582
-10.210319436272394
-21.594816510434196
0.26530012853618395
-1.6136118372450425
12.300434593644447
25.72766197266368
-9.88818290847402
-10.887616177880888
-19.837240542756245
-9.286330362073969
-0.032377638948255925
-24.497271471435134
1.920999717551883
-5.46514396749043
-4.529667620745556
-4.591388025800396
-10.842194634743151
0.8273126577924662
-0.9890757053782957
-7.413612288513313
-0.13838124299651763
-4.480309983119935
-2.0245057619712132
0.7067180379797812
3.997680895377282
0.30451376581150674
-0.08070795994140922
2.411322902001215
0.39076001781528524
5.493957775882837
5.391423281176244
-19.06879556845272
-10.184097175529923
-0.3982970919793819
-6.182307995699736
0.03840205899641774
-10.287153759953702
1.9256568492224124
-1.988195753407964
21.407638325200313
-0.47267933506397625
13.874330102364949
-1.4692345463114969
0.759576524709222
24.90485959407807
2.7964518931655213
-13.213383218231844
36.16298102811379
23.722840159187847
22.53847754125662
-1.5171546006582284
1.1704774997891092
2.844644047118649
-9.107551764563027
-23.305189304368128
-24.39219768516576
9.856640346306786
-1.855329660924885
-3.0439726525538893
-0.491730969530166
-9.831104372889788
-46.50870606601866
-28.140400883136934
-18.222217529679604
-41.984313345525855
-5.842718369180479
0.2567652968538268
1.1419518166160718
7.479200415813022
7.968741171139893
18.24183037100754
14.679695148592911
23.95160339166808
20.586234949340856
1.349283875551496
0.8257316030883988
-8.668213223406624
-6.029904357779738
-4.586868090625207
2.893713627530055
15.783146317466482
4.246978348432049
-5.4323318630402575
-3.4945371964517946
-6.5067563778719375
-7.220785213559057
7.231062319409848
-10.029912343156766
-5.515537747868526
10.177457581503457
3.0265385945754733
-6.040811997131391
-7.477534046411387
5.432607982559306
22.516670769962776
0.6007970449355153
41.99944517100073
11.0124759414626
-3.291388218258008
-6.606284675816801
-7.234197631547223
-1.4144992371448266
12.296977090532343
22.00491770255631
-9.680675207316412
21.67503493791001
14.972186475080292
-3.8172613514435123
-6.432943633265392
-0.34447676359064616
5.789964958415304
19.736155390240857
6.772868001103371
-3.673901156126837
-25.00052202215312
-6.22146377004117
-6.088091239504443
-1.7697142509004533
-5.27394478289392
3.0540436667312503
4.702009135359137
2.5059937554876095
-6.385446054700115
-9.13331286985986
-7.254616314670335
7.053617340113846
6.442759175430247
1.573684903782942
-2.279119170348377
-4.412531245984998
-0.14334656892812078
11.51781543466676
15.123674874284797
7.237519569131399
10.098516129575883
15.172352977343413
-19.061148816481232
-33.819125170856054
-0.30492478965508596
2.114805365754836
17.675703238890364
5.654299519623354
5.387398706860528
0.5727290448331344
-14.343643844012437
0.5756000442914525
-26.77559306032728
-0.48095313770236126
4.914735818716458
6.074521804671859
6.5517469914864375
16.88505662323848
19.051212508387895
25.160903778977698
-20.238123244090403
-29.580241239963765
6.717711443981841
5.005077950797851
-19.43558763797148
-15.857097431147205
-28.72796238477757
-0.06795867853577081
-15.37570162500565
14.997168633508183
8.632628949784943
7.521083675178053
-1.3649309375185257
7.501213081160177
-1.8053297392073835
-2.7521258636212442
3.6241166178108304
0.9708676320742724
3.1296255844722127
6.927056295610001
-3.3323463041181123
-18.76336540818655
28.47594781697118
11.828393919485793
-13.642740268087204
-16.33959860894214
2.0785464050508855
-17.171900592412
-5.639707481699743
1.3899459856082876
-15.76728381470314
-2.791717046418838
12.25982484808479
-3.026551177805447
-4.476184065621419
-0.6553853963698303
3.466896104452941
-3.9962274567495166
-2.696933954376419
-5.4783468152513395
-0.8171003490841606
-13.659581725491563
-8.343447381535922
-8.90962513745174
5.815691890314287
-0.49704673740519373
-13.100393483266839
6.560785215314148
0.6010033641819573
2.0333794187399192
-22.118671182787395
19.76905632106245
