-0.7694132642514703
-1.2766532508538588
6.24996020898397
-441.3172915892696
138.2770446379701
124.6157829640961
81.24076727614089
4309.150340403537
109.76356932480853
831.2574365762716
3879.6496633875145
-344.11980630130864
-6291.081376502803
3916.3795175103205
-2181.3523017121634
2894.517316133191
124.85714877680671
2626.8316172478126
-4207.491521952374
-6897.89485011828
-2300.525997547037
-5798.633729434041
-8764.021602244762
-326.69773558691736
-82.08169033587568
-5529.898461660026
-2085.0017092006565
7776.132787907027
-1899.105032193256
1405.8538159316006
4234.7108984479055
804.8951212946905
397.88199680704525
2668.1782552537775
-6028.873928572995
4354.692396692951
4384.765210656705
4809.561872121705
517.4935302928814
50.9616914927849
245.45894478474398
6601.455618660465
1054.639368171533
823.3895055467622
-216.0299005969977
-4532.222476161135
-4451.276786220008
-75.05497137540077
153.49635999104584
2.024531627332738
-0.11161937375056448
75.62277159915381
-190.44743915021638
-1976.7645055534879
-3530.019633910514
-414.5118264699165
-1472.9729519392022
74.01371566806554
118.89142445830142
1463.1670693915294
-1540.6602552702984
528.4617879932213
2294.9756818431033
5663.470820452586
1980.6219120797905
275.1262209157176
4370.062354563643
-427.8635428808152
2731.7968763885783
10909.725113929993
-9812.290593026655
-298.64726411875336
2609.334333303594
160.63577144145373
-3543.931316624292
-3401.0519371664495
-12309.661253902195
-7203.562048412935
-1402.4593570313011
3477.768199749147
5130.212213022908
238.48806351482764
7351.597262552916
-198.92550205043662
6161.997204027786
2413.0272986976825
-4426.369803454121
-807.8257036383304
-97.86331431411186
65.12500659889922
6034.294762267994
1811.6913981415557
3127.698082301569
2856.9922894121964
-1336.0202140109336
-2125.554935061482
18.497515202364628
68.89825954684818
-1.3631250955032073
2.187707119393385
146.9652743284975
23.321311070149118
-1587.4202577033238
-3053.5807804027545
-270.73602502244444
-1905.3137071129838
140.8568739691033
1060.3776933844558
3161.5253238825585
7286.7940451316845
5118.454369309894
618.7816062166355
10252.676241995681
1440.9587268470023
90.38190715089719
1650.3238277468736
-5195.316521161643
-7819.762097858894
368.5043663136457
-3152.188061096114
-3004.2211855307546
-2539.04249444857
-1.6850634093729127
-6944.7726022839415
-10710.00614456927
-1740.3974836043708
1567.518546611381
-1453.613468809196
559.4025313245216
3358.4886238953454
308.19511055718874
7472.4950536935285
4866.227967954331
4381.665462990019
-3697.629703619997
1579.5691689940327
4719.35639905841
2286.8000535735837
316.29638811157787
11213.622531223127
987.575767319556
284.2537540285211
3673.5651209399425
-544.0120900142247
-1311.2942260731434
120.38158716660085
137.06006795100302
1.8412035979722152
-0.45779458194060435
138.63636129593016
292.9835666400998
420.943705466281
502.5949311409131
-54.19741746212196
-3637.3550016052263
7.466666634666137
1141.8555183654491
-781.656450578709
-6529.206889420129
-4657.755004825119
-9435.338832358488
-616.0297478276021
-2130.4665194044396
-51.80806959468282
-1201.0576339605084
-9256.567206216972
-12875.725134259228
-9533.073036968462
-5680.919323829198
-4127.985131136725
-1247.4894984160067
-117.1975676771024
-3004.2576148608987
-10013.049687625456
-7086.937097902903
-22092.96537102109
-4217.704937365196
-2780.486144876319
-1063.7173504557638
175.82536842316037
1149.4146656187963
-7865.056838718852
-8646.707913700897
-16280.82245406168
-7169.865791701459
-4495.648317955858
-592.1154454285033
339.28135008931224
5228.067397946022
3291.367784581252
3309.2722418913368
-1704.7070626160191
-2790.2867251788275
364.62177567972446
69.63892877429427
142.92721055855165
1.9456675658588107
-2.5397114983365663
158.5593143000313
1026.6215603882565
1779.0408464999305
1006.4086946870888
160.12259424322448
1331.1807471453471
-0.03169354516476135
344.6199986361686
-80.36028652469643
-6207.051293305699
-10197.850244793985
-5496.108843253026
-9012.369598996806
-1490.998893803161
10.257053893388791
-460.1575234845034
-8247.908302682128
-10780.93768062925
-14274.523365357154
-6788.399058571895
-10181.777393286551
-3592.528816547904
0.8399509883562019
-4935.192308727763
-11501.745349234854
-7467.826143175755
-1212.60189352506
-536.4041546176481
-3874.161665747149
527.6182535765533
41.80199812068119
-909.1678636157893
-5743.17924693995
-4255.927588243193
-8868.932038496756
-11357.847589119616
788.92361921289
1385.2935823043792
28.24114197408954
1608.2383460235956
-869.9387844223735
-6796.391334029232
-8629.13064436389
-3411.1766190725625
-718.9704894672458
24.749319108962247
23.704353215150014
0.6817855707539996
-1.6835997014626214
-220.14606602885056
-1182.247856004037
-1350.5547582139468
-786.0491679407716
-85.98798548993459
3291.075447717703
71.87732305533761
-960.4582132792251
7112.372895801094
22626.741720645714
28178.845875128627
15118.810550051774
-1147.6056281181259
2632.587049864637
40.98934670433522
2575.4686426828084
26324.86612419991
33405.45375969723
24364.674422143853
23218.638133947854
-3000.556454755192
-1898.4619879897614
12.251948974947442
3513.0436952808136
13967.046703960865
27026.863224805442
18540.985879980875
22357.209602070652
6711.180278444997
786.1160431688369
-19.438095629018047
-3443.1178735912754
5171.477340811912
12545.375185983316
24981.513676582636
32073.822384407802
16823.370551754168
1100.8758603993147
-129.7599736092701
-2198.9298540461873
-1282.6115660168525
7067.686088408163
10650.93740362298
8507.759724448084
3586.9767740016177
62.849063492390336
-99.64505108394985
0.9261871571251021
3.1849067703343548
-225.71282429714606
-52.49284446534621
1075.661594896379
995.3992678310419
425.8919497808459
3425.7910388538726
-257.9304441019148
-58.83701085868339
2516.0617987021096
-1056.9368931970773
-7517.116252793617
4394.777662988768
-9686.794633466385
-4654.338661540004
-6.402410912821831
18.91317814243203
-8253.023666571478
-4626.1324547382565
-524.8678248993584
-5456.344078681862
1959.9255263565963
-270.8177889107953
181.03944219452478
510.76358616903065
7825.233174724336
-6438.6917484790965
13830.076833600968
5658.474230871827
3687.9845659056864
1871.2866580221053
-213.07408769733124
5000.477300736121
5492.333977190843
-4159.168634802378
7623.286823076097
-6351.813956028201
6455.725075627028
2113.639968030294
-276.4309967868897
-2679.943969231035
-3120.7127640002877
-13004.046401713122
-13514.681330030928
-2971.069595362497
-2041.478316826415
-161.40398201717272
-125.91361618589093
-0.7001552095186976
-2.8900549839057996
233.71942729314608
2234.448974101146
4642.127267418531
4203.967011843014
429.15030462330145
3807.362839455551
18.854456547019655
491.9774534716293
4443.658042194709
1831.0193456466327
-7197.888100330482
-2989.426886223873
-6852.408552982654
144.39100488595926
55.786696188107264
1724.2413577578805
-3146.0468618796685
-6960.100209318163
-13625.312679663675
-2986.020406704255
-5250.655040138458
-917.9889268741726
-30.120602257956058
-7300.220038587354
-5160.221711876142
2669.5887855177725
7363.680288616977
7449.515839684632
6738.98905092094
2379.8483437218315
14.79705834211645
49.97937785821702
2885.9988262892966
7670.231744231326
6612.12365307609
5325.282292108483
4747.501492873751
1777.6397270429977
-16.890826845671075
2077.4673513987586
-2297.4546364883336
-7737.7212753826825
-7781.403377229933
-4574.746847898864
-4412.527641096254
-23.211044003752345
49.54962997640266
1.2477291141750861
0.8130005833081326
-110.40515014239463
-1713.7300516089615
-2833.0456453513784
-2259.9237870226707
-40.925652523761265
1419.5492500832258
-58.316846873979095
1637.6710956421753
4209.132057025193
4280.534167003825
-4149.763153876
3696.5250282736192
3094.0830101941347
-2073.839947574242
45.69866514533412
1322.1348962322102
-7458.266932859111
-7221.928834997022
2636.1045748284787
559.2836043892603
-1607.8971822841702
-906.1793334455117
42.2923206656718
-1356.34429931323
682.7916426476061
2975.963240337869
-30.405083228815183
1352.6607522034349
1746.4242241258755
-632.1166037381954
196.95029863173872
5216.4229206369555
-1873.3994166915152
-5148.018661467244
0.5030078734810884
1438.2130120459553
1158.5698094716306
536.285754355594
295.250786707406
5106.372254541978
1559.747781966111
146.99045409960485
-1902.7399093025942
-1216.5156221851835
-1889.400894989614
-63.10348691198001
60.178133985938665
-1.3239363374958721
-5.922617324551012
873.6838006276951
4816.304507103282
5420.942691678682
2749.024997002673
-18.294802128640217
-526.7821349266047
313.8421176667424
-1631.3538048288856
-5212.614877909865
-435.7812181947942
15314.166220594308
-2639.306642036446
-13480.867710684277
6233.730312777634
-139.51562143145776
-6860.5317180009715
-1724.907562670659
4940.666805769344
-2314.858104651476
-14666.31264330618
-8832.700691794716
1686.0784699445721
-342.0151650157465
-1852.8915913035949
-3443.962335105001
10036.706301793578
-11215.485264720332
-13266.903648695772
6506.326702030461
5820.612557977335
240.86441947266283
-2080.025410154032
-1620.1509432010705
15159.813412120966
4337.636041550834
6976.289792739974
2142.038465584695
-584.7321028207831
179.87024578787455
7838.670341076893
210.60737052002736
1860.493514402362
0.17611697770409837
-1845.4187205812082
1956.6850549224932
200.07980569461026
230.16326483686154
0.1129280685985653
4.322563426284469
-67.23825713110165
-273.33845516991784
137.89613589642576
1147.3387589346025
-21.000743306343956
-3224.4581380626487
-107.95934797323976
1139.0700102943144
4733.082362092631
2522.4829088614156
694.4095793714582
-4425.370671479721
7715.787313162055
-2065.891166061411
79.04389971845275
3473.951341472554
-15.391074522235638
-3780.278573108249
-297.0977380574582
-124.308776680563
5297.438385395199
2257.680540942138
13.508909994850956
-3492.15536955166
-1044.7576582456138
-7584.368245846822
-10830.146948831867
7823.367612330688
5636.659950807189
1423.6575771707285
28.364541702005255
6467.316720307273
4836.171470114317
-925.4389352569904
-820.8582195181543
3598.9930167431176
1487.789476245153
645.5663089771488
171.6068989194539
3673.3085206801006
2031.2499454750773
3645.2258095692287
1100.2894992471436
-2618.103068495046
-2148.6484082525867
-5.238771884250827
72.00524737843638
2.000714536569977
-4.144457385736177
528.4480184843326
1581.51460823037
-95.13112313213155
-2955.7442631612603
-376.3797030323076
-2385.339326442182
204.20957968497243
-527.9687409519659
-2381.0346809233174
1089.0788786319838
7168.111428022048
-1189.4768747282083
-3549.924324324269
2223.5573192062893
127.62285701437199
568.0162186385851
254.45038298827808
5486.933642935262
4713.504980686745
-6001.659985847465
-6854.145798756895
-2453.597581339822
90.50612649329167
-4821.155318957288
-13843.444972895471
-6088.209518545961
-1647.7518997900963
-5068.097981836788
-1032.2619665251993
4860.912814966
193.50223478717535
-1062.25229711243
-3137.315367339022
7289.800932243813
-530.8523046096386
-5725.048862195598
2043.8372108088968
1434.7955077432625
6.692149442631459
4508.535198358256
54.35352969120105
1097.128386112095
2026.3111156448267
-358.8099999113238
780.2921829639954
140.43730523741607
25.222820010032624
-0.32430119213074243
-1.4304828233464393
-7.203033333554091
4.964167706413058
-98.98877841576066
-57.043932974675556
62.187888518594406
-918.3777253244375
-83.27967309473675
-232.57289033168738
-5997.362922969685
-18222.043665626676
-17754.38238892653
-9773.923489027162
-11520.70112122533
-2789.15259612443
-115.60464407678792
-3814.9984628060593
-16082.564216632793
-18266.334529974985
-17235.23183107345
-20321.351012817824
-7923.695544020389
-1338.284075932817
-52.51925849210971
-257.77458677526766
-7936.793510685534
-18401.255574556184
-17853.147717121767
-15487.197463930881
-9189.647460277745
-1009.1299985897878
-47.22782042912699
-615.4688846729322
-10804.873668601569
-16982.814178692097
-22097.01754377069
-24106.770759740146
-6089.27737356764
-273.06074458114614
-38.30876877569348
-1726.6422654046937
-403.1956402295778
-7405.810023026924
-10830.293472615209
-3938.6368194059537
871.1890285809625
1.863843713787221
13.983628876402202
-0.940978542043696
3.945454553700024
420.72134479909226
3497.6934187533775
4711.191306056374
2866.039705882107
133.93590858347608
-6198.471612706012
-93.03070093622532
-860.5146638924975
-1623.027850885205
3435.1140030272136
15202.824097566217
-7534.564010962506
-1515.2699681077572
-2618.3896532021354
-178.46375117233578
-4063.845335289748
-3487.277355700937
539.0592273153763
-3927.7545824416734
-4658.2190861800045
6630.759614961309
859.2454533529473
-90.84979245438126
-1830.5781505583266
-1340.631211754631
-9980.833731531398
-1834.779249353932
1594.0164146992076
4781.516447752814
5938.037803412276
-276.4888355186337
5117.828930383352
15425.644361803956
3730.8272901332857
-203.56088834064417
-2543.459353947901
8057.870656713228
2405.9436709397446
-68.28354911874257
3059.0016505605195
-1585.7015162732898
-5253.215609588864
-4006.796702499758
-451.04854770563526
2282.0401428972873
154.8434331646921
15.7868410240886
0.2657743435324074
-4.242493504300168
129.33064561334507
700.914885820256
758.628404150994
390.9963604985372
40.82154843710066
2274.7735770082054
53.269830953781714
-274.5562816236861
-6281.701557685214
-25345.86174846197
-34346.08762278278
-15807.974083509727
-14046.871809425405
674.5725500727966
-16.241067409510975
-2328.3253024421447
-19079.605216548523
-29862.31285697506
-34963.489332980156
-31753.30171315289
-18211.422677122522
-3035.9711467731618
-37.72970451020113
-5957.629560237351
-21629.530092632536
-24945.546694254295
-24641.742340774483
-23806.408492707364
-14778.010883251705
-1358.4376357814347
6.614209287390293
-5685.735586573288
-19157.64512875492
-16290.553231896096
-30643.45006927134
-30854.1797736079
-9769.673052765911
-35.85897931505585
-123.77117073763826
-2622.5907200899787
-2103.7291353686596
-10138.661289205405
-12911.04278552922
-7140.564415136273
-2005.7229403614733
-31.574501684125067
27.330720933615098
1.7462717747451157
-0.5666023356269547
171.87550566556288
1805.3434369380627
3303.3198987080573
3456.998033871825
344.17465694882816
-2556.1630026060143
-64.99421533412088
-598.2041191638299
-2292.6192187527495
-3606.948480570157
2297.8990263726973
-2203.731436423043
-11850.171732337765
-2472.168563334563
32.85590693818638
-292.0034551033191
866.8693764967744
2103.8714257591346
4543.813209675752
-1920.441413391557
6727.125754707802
4762.727681875469
-8.665151609463095
4050.6632225655985
3156.6584827827246
-3134.75248711772
-1333.4216373303452
-7971.855474953251
7125.896827740901
356.89524466136584
-81.5564969825045
-1800.0777444256707
-2314.1599841239513
2185.755343463736
6406.934005529252
1630.1118708748318
-5004.592256628302
-2479.3336559627064
49.580694790860285
-3345.804450457668
892.7023214883781
-1647.08400257955
-2910.528251602845
-276.41898075266613
-98.05026132136388
-7.233179620025055
-1.694609584531788
1.5047904609054998
-2.2414482836832654
-156.70744169478925
-784.7981122664766
-1071.0105362491283
-349.5968582979408
-64.69232228349802
3922.1845211272052
74.32668490639075
-556.880420414993
-1627.4656159176534
-9310.491289837879
-19108.64672483702
-4495.885295550726
-745.36655027684
3408.3074584677142
45.28729389841783
996.8725396072888
178.8126281252188
-8682.504350551133
-16972.05674158662
-10770.807901970795
-8215.585711840364
-1280.2511894042186
36.87214457557414
-1847.2432226496956
-7107.528205159501
-7078.040205682227
-6490.969846908664
-9186.585790145484
-9230.498514271285
-2242.5312810374685
-98.70973004885934
-6774.771136080597
-8128.103316741746
-5076.575750842634
-10455.525842853867
-7925.4648790868
-4152.3938024522895
-181.74009391948175
-270.25910398275124
-6253.257352551602
-2915.4610884496306
-2855.131126263756
-877.6729569767729
-1126.1628035992162
-1744.2109548412623
-70.170344671562
-75.53402584304095
0.7689901338476415
2.230836100631578
-336.9909405530177
-1535.3689886368759
-1446.921120211104
239.10227197007785
6.125009776450096
-1005.106040208061
-22.288799450418715
-335.9881872124218
8945.314405302488
33275.26470418
38307.321214971875
15461.49995051561
8014.986559439313
65.96479176219998
20.448580777164548
4052.5687166670596
32766.661802323535
36077.646156268216
31798.68015537175
39736.91939165042
13644.37430681041
1012.6948021341836
34.21771845170878
6887.1965840088105
19254.577409009926
32016.665805693137
27145.94786413543
25827.26662992855
12679.502127911006
-1183.5767816238085
-145.81629686874683
-2395.18452245283
15776.4892457649
15096.41258355907
31459.66397130894
44546.18136452106
15196.130073331355
236.61611016329078
-39.74442755476146
-4478.925826849728
-676.6294772629091
10543.586364457955
16916.319704395217
11580.612448402955
3461.2442993980217
55.1389594362942
-145.65920913159948
0.2096672349948807
2.5480508322057474
-295.86013444969154
-1271.2177031443664
-1382.7196232762
-106.43220049913612
-31.2702796484542
1448.7477838861278
28.374159254557558
-1132.028280803476
6046.330504504406
24677.494001848765
28478.81570562347
13207.196874397972
2508.883695580988
2146.345693831799
5.230210535406081
2581.3602975416125
28750.54660874729
31213.67722118371
22474.25923113526
26640.459304551292
5602.367868540707
90.92916315823857
24.029954577809036
5819.608090148488
15363.560021060322
25963.912369156635
21746.861345496327
17624.381995855903
7208.016870392545
-733.5110616179269
-174.23568976828926
-5042.417285825339
10114.764503599794
12255.435640848593
24706.647740334112
34843.1590944092
13879.854727843072
426.59814574778113
-213.3399021920214
-6367.326526526024
-2387.234859034363
6699.517936261567
13098.576684607444
9930.129663743315
3324.58014307536
40.63302129434155
-165.80588878734372
1.6342652701768776
-1.3847472503022409
-202.9414437425172
-1532.3873032925624
-2969.00349343629
-2907.3605897356983
-230.25217430675033
1767.1935632675675
53.70231848881869
-143.98984501533664
-2530.1480414256926
-8850.875522410617
-15214.561938991048
-2817.336378930562
1094.240967139448
1530.75120507036
16.455536184556674
-200.29995361100328
-6406.313341293406
-12237.607331870864
-11226.7634503642
-12470.105830148977
-8743.763284097819
-2448.512181140236
41.446698839782414
-1808.8891882350613
-9127.09269986524
-9860.027801493727
-7535.017652850432
-12087.092008355237
-11029.017177790145
-1445.8449372830858
6.799477048131054
-2302.1209144655318
-7921.7300024897395
-9098.51629615837
-15465.468125398893
-13719.610438858852
-3176.015369332117
437.6980746591715
-114.07461963237915
-2080.380898339286
-1514.1434937617062
-2939.5059437746577
-1316.15684186566
-763.0207951899314
-515.6631004003202
-21.05823209446888
-32.84780860767657
-0.6516772366432976
1.0126032010942416
85.4327526621411
706.9916305374932
777.3780244458031
419.661537132579
11.628502450590277
169.80375134244693
30.82939961025992
-501.6278214565625
-1569.7001280089664
-1380.2592268337653
-1990.5301349904576
-2084.050212007591
-479.4095961950766
1120.8713139197234
-42.84490862465603
-1264.7942772828085
-1471.9686511594232
-3782.999558251925
-6687.007215852099
-5046.400660133061
-490.947196263643
-15.606765867834516
-19.88199345242405
-657.0033625342588
-2778.495466028146
-2703.8716401138863
675.4950719072809
-5120.333352109574
-1633.0930041167946
547.0707647532919
-83.99932817435638
-1291.6036816331484
2176.71142453145
1060.2296630723206
-2784.08302365967
-2780.1776194630115
-32.18313279628218
420.7823074019142
-109.28829510034869
-1222.0770532886954
-1597.8994029443495
-2740.7138237153204
-1169.6929059485478
-397.8662789591212
-120.11654166052361
12.763961705562178
-21.262194841296807
0.363331848447975
-4.330075448751263
-192.2178159277511
-1420.7994555652376
-2504.043031834285
-2240.3919609382338
-91.64011764841104
7695.450016794494
131.91249992129937
-426.4419016846945
-4492.477481841646
-21584.100437211568
-38826.091963800565
-7119.231921189042
-10555.8880823661
4101.676367176848
55.26334521720011
-515.6856956114359
-14503.255347208174
-26403.933547679066
-30298.446773903714
-28308.393862505967
-22889.246845036145
-4295.2037004127005
25.549616542142605
-5293.184182189996
-17852.940701018244
-13451.310707147293
-12967.58822625236
-24670.81944159935
-18343.42048701664
-3375.036411989066
56.716487230777396
-8763.353503525857
-22260.788295844475
-14622.560725001915
-24381.206945448645
-24414.39587929813
-8703.412719907781
55.1980860140146
-268.56327614031056
-5679.828301116352
-3943.920733515321
-9689.742929563536
-8221.641802462564
-5159.122863540769
-3491.2549490999936
-125.99274521278765
-34.667213527415086
-0.4480239794717245
-0.8446809104259015
-17.468151772979063
92.45170590514749
320.42601062386615
777.9442412009371
87.83886727231919
1790.072303078243
-44.41914884005306
-32.10556357681853
-3298.1990434086724
-17962.59639295177
-26508.154507279498
-10342.174325746595
-6838.978340309487
-230.91119729311546
-16.301149245286616
-1106.9294634686692
-14017.443109735801
-21842.48506746614
-23670.949915598387
-22759.69349740345
-7738.134339132196
-234.71512569625327
-8.226381890308259
-2967.9772071964285
-9251.345678102447
-19361.678978996308
-17858.428854565555
-14479.073637741853
-7826.1661870842945
-991.6018216201036
-63.55883763771461
-1525.1422094564098
-9768.549982107881
-12414.494276274225
-19202.84973015408
-20776.392478695365
-7277.153321469499
-204.71218873632057
-118.80470032329563
-2688.100733592577
-1496.6141998781088
-7357.038829076036
-9988.082424978817
-5870.059632830451
-2418.7578085041437
-82.56856743787648
1.7325246252478388
-0.23189084019103012
1.6074075204968294
-130.03011969283656
-635.4459772424258
-804.9319081254569
-296.59353553312394
-91.5329711952942
881.2449637750049
-111.32621742479999
-95.26683316401908
3100.989666835134
-2500.88731546067
-4198.204951370321
1667.7911199326343
591.103061947682
-969.529201715367
185.3677228072588
4054.569637484992
4380.949104107022
5448.408951717622
4060.369507703825
-3950.144050946136
162.2449401657156
1473.4287399741847
179.2519906866466
-833.1831737967331
2335.7042048656845
-12383.938131379711
-5038.412917596799
7680.575911833858
2376.870784369927
1755.5380714028618
-74.93860809662912
2336.627703092212
-201.47182617801363
500.4914116390341
2568.752105389746
-2487.3740279901376
1688.1367898420297
26.45344241180721
-164.11247911921956
-2059.9529924805393
448.937121751066
710.5136108012975
-1796.3004049894855
-1002.7444474110863
-1299.2512669174528
-111.30163710900385
-78.71100950720495
0.3902104214198582
-1.2380981392659716
124.33554075616146
474.09200573900443
325.21956130733395
-112.92498429159609
-70.87703114653915
-222.9636641186702
88.26640918479703
-377.1078142654942
-3290.586971439724
-8443.330567590752
-7319.084786987613
-5673.982142472442
-5970.779337136256
1235.058030558612
33.63917724041984
-340.7942143403926
-1714.823827547095
-4046.164529747405
-7486.838292439796
-8611.058240213784
-7071.260762676105
-842.2563733455746
-14.127579217066106
-1348.0559784158854
-9081.86230466233
-6801.811130927496
-11184.200314701537
-9322.091374746211
-5263.891412637495
-561.9962204677888
52.35457379281326
-4455.849596644794
-10128.446056779934
-3160.338760796982
-9274.16000101369
-8114.279934375809
-4769.308807985037
-875.3737101985427
-18.92511167491834
-1140.5444559365226
171.89027853846258
123.79116790568567
-789.8345827581819
-863.0595847723798
400.565359010345
30.13957751836119
18.326247474502463
0.019126850394960558
3.32204591316662
84.90059335308794
73.71275641207828
1370.16695599244
1771.9694155361917
323.41154109949343
-6061.426691261369
-180.97724347695382
1586.5751138051326
468.21282584373967
-1891.4910631802506
5942.643703733903
-3818.3722188106112
-12294.997232751444
-8715.480152992417
52.33613199588524
1220.8410610608132
-3620.081266344827
843.9826915809625
8924.040717250675
10178.427788913104
4617.981786878898
251.66954760731977
-3.6301683439842938
1965.3423672940107
-2102.779569654822
-3947.5514237731322
-8652.167416916342
4677.40697333003
6145.763693880383
-1867.87200067995
193.04300005505632
2171.043130856608
-8828.328165201636
-8436.052791515142
-2008.0696958217231
-2543.6095670737545
-4258.453003050082
-1949.706350002193
407.55858739894677
2758.586302786345
5428.60752544783
2861.733521643661
-5117.356198812088
-1723.5278237571426
1768.2149394528267
97.57304247729535
69.94159176521019
0.204916462309089
-1.4149869046314754
-510.05003070330457
-3751.206741853192
-4533.3722528298385
-1576.0927523455996
-80.65031923699904
4619.604482596316
-117.03654747195607
1613.0437825935892
5787.688636963626
-2815.203781056487
-13362.073099486679
4772.106461963513
4141.058423707727
-637.9227271322882
66.61863680109978
3034.7671524061343
-3688.8659878345916
-4403.752092739592
2145.747458425793
-2112.3702369494476
-3353.723967080928
906.3263730889524
0.23571158596933606
766.6537959810453
10886.992137987661
4799.468180269045
-13979.786479226443
7067.489170838587
1287.9060402547616
-3032.0158652994373
161.33823492250727
3118.912857290853
-8194.67573252258
-9410.417843589412
-101.33900004714128
4516.397863234279
-2017.6597861317766
-1120.4108938420507
85.73153103535348
-290.9308655431138
1857.1561141569182
5028.0359579562
-958.6200276452695
-3377.8034203605357
-3362.409299246894
-191.08985879130393
36.82085806370152
-0.3489875793058487
2.3142276557167523
-193.51718830402802
-2408.8960303468393
-4844.511949353252
-5770.83809164461
-502.6298537168633
-1863.2289823304673
155.69744604335523
523.8078160366855
694.3735015332554
2954.1514250954897
3489.143235022783
3787.63936297688
4618.040167278033
1492.8322782589908
206.0354707596989
4282.030953491392
3051.7816507434427
2236.848741362291
12126.47358859587
-1034.2283435993993
-4347.359366431684
-1457.8678349901018
117.47268430938637
-1130.5286242760242
-9209.746432971584
-3501.6705951963754
-5678.037768401417
-6011.069097370768
-3363.1701709486083
410.0576983760696
295.13430246054855
699.7105574384157
-7571.693923136486
-251.41049143197688
-5224.158891762499
-277.4715097936726
-211.40900775981984
-360.9416751374513
138.4267074759728
3447.481485491091
2010.4158398204024
5292.795685693741
7123.078951055904
3088.301281491506
822.6560037614588
67.0743851332671
23.518109108033308
1.3756572898014048
-2.0294523912703877
37.648700669342766
78.02790086201935
-98.1668859587449
-334.07569551751186
-1.0183553370294278
1570.46852163258
54.41732693729727
-172.04282080686679
-4119.3839076529775
-12551.209690321204
-15393.947771681353
-7691.124103444401
-9522.86427654622
240.51953137855563
-103.97192089740696
-3374.2810756472113
-11794.727083222173
-16604.13433195168
-20103.550232362086
-15223.35535047125
-14252.765808876822
-3948.7154924570364
-93.28212646780905
-2945.318766287313
-12492.494235520006
-7302.9931383539415
-11856.53128838686
-13318.091886596636
-11078.9436132943
-1706.055379109378
38.12446904988459
-4440.037309228244
-11999.02390736618
-11662.878712833071
-19791.619362392572
-16092.625610171637
-3204.9700461379994
428.71170559570504
-26.7004720871381
-849.6672840354408
-1317.788616081424
-5779.574845868266
-6774.747548286033
-2732.849043581366
459.5539072796251
31.35522661016114
32.56603512223686
-0.12695962013358114
-1.0878796430612845
-267.1474248860873
-2750.0367682460655
-4588.197692660649
-4645.425130206679
-470.17183936477153
-108.03769745989352
74.11275054132994
556.4545818951747
1073.360905741426
98.20732889693639
6099.471476736258
4485.515989253097
2836.980824441465
924.2174632153914
53.279590755205746
300.6176905122291
55.71605471075867
4382.409687746707
7500.50929504068
-523.783850031338
-12017.023872473186
-4085.900471331419
13.25524927669179
-861.6046048873875
-3341.34922795455
2271.882690501144
-10779.79211586429
1347.988206387103
-5917.806238792799
-426.76573198206006
304.2076414469532
1485.8386237876903
-9091.344602697372
-5357.781504170296
-8026.6288673003855
-1853.8664136791986
4258.320614823891
502.2260675604253
216.64704580917206
5017.0314606942575
2846.179096603352
6517.643938257361
3941.2205525462
1552.1743543080693
2736.5443401293614
108.01939096214338
76.15808586281918
0.2653688382342279
5.909848387637532
358.4747760487956
2985.824181819791
4473.952383705259
4883.616531372754
487.5094334287261
-3606.953836559027
-157.05689558751993
1202.2408449348634
3541.9968604479654
3558.134209857861
-3465.065851564883
-6775.758293916983
-2484.330605004002
-4610.948578121887
58.726188483164655
2267.290226994942
-4918.1053325936755
-9650.420664964706
-2607.793668162067
2449.790555889994
14218.034555859456
5009.028675836277
45.25713551473931
-2488.8370767014035
-992.3313475937605
-5949.026568397957
2333.9752825462797
-559.6442491587729
13270.69416891748
1289.128038529402
-29.882504210421533
4936.620613019734
6890.086201461744
3442.303064398737
7959.28204347074
5765.165450932703
-4477.133485629612
-725.3795877450283
238.14806099503292
2462.0541377416675
1457.9100434483144
-2727.458354193305
-4188.727342660517
-4425.797193221348
-4444.590346535607
-118.28593912273963
72.79630344112442
0.13195517923496858
-0.3929895855428616
660.2362136849317
2877.803557316204
2360.5271033259155
-1576.0102489444396
-111.94242122335056
-5271.330836427706
200.4079237135349
527.4897723703151
-679.9210904542965
4795.646376988991
10398.006819684426
-3463.2796204111146
-9046.718594013772
-1089.1627322970128
258.12736463553034
3058.5258932001616
-962.9960207883111
282.21922235406004
7843.7863479893895
835.817102289394
-2324.9383532876877
-1315.213919807191
109.3598200002194
-6572.9819456356845
-20307.755504328954
-8493.043395727083
5633.457673927158
-6833.526484732374
5818.280041921327
5143.874584780033
334.8538559591057
1478.1857926210255
-3216.9652641876364
10735.64242122205
594.9828502672817
-3268.1189219405596
-401.4544345646298
564.2590830448875
322.30149879613083
8727.595048510542
2030.5583884648895
-1251.0339850323826
432.3999957773968
337.2150005946667
16.300952820237594
191.2919556440557
107.97221456821377
365.0115322056993
634.0592548431463
-1281.885949637203
-2886.0719758018113
-900.3548457602959
2777.276860166118
3134.105959064981
-6.464741640473111
407.17841909358685
-1139.0499082814652
-893.4015718682923
-919.2750065933621
-1630.8907166616148
-987.611747302987
-3512.7361211732946
1331.2433949181084
-1534.4181615166633
2944.3779918953123
2438.1905916817573
-1461.636597498261
-610.3934216497607
-2160.2833706790434
-1979.0077645009826
1064.9698558166422
-1366.1819787176617
459.11086413075566
582.3261286614406
-258.6335977328465
-2246.9643484193793
-566.491114816667
428.49603650308234
-140.8768867577323
