-1.8549011435556457
0.6714593132989717
-170.3258416060608
-913.4715395383341
-2387.1206301497027
-2950.7611384822535
-53.225920997407684
945.2621113199274
14.290307623785484
-403.60228280102194
-6134.110808442055
-18221.192987845272
-23868.068704747366
-8833.310835177566
-9841.994463156529
324.7832442428188
-10.60725435189527
-2196.233515285647
-15236.276352654155
-23356.278770261808
-21152.571159279556
-24411.330047384887
-14196.405543657405
-3232.063994912826
-55.73437110498911
-1877.43266817349
-15365.885107545442
-18744.27298999534
-22132.80175255651
-22121.6505651092
-13934.671173131785
-2510.316175301879
48.9107577374632
-3921.437374496957
-17520.994867615842
-19897.857179559054
-26685.66644547965
-25064.306608169154
-7722.190030604161
-488.20243923364785
33.37136246005399
-1849.1742192159638
-1742.1802953043612
-5099.999941290236
-6938.5396395805665
-4035.4386194440854
-158.51343937760365
-3.8111452009961417
2.8013955975719576
0.26890499218254404
0.24238085973849768
30.591453081544056
43.30920721157774
-343.29239619244885
-899.8611186008794
12.38974803231823
-318.1650077674025
22.442513044867553
1297.3105891926607
1851.7190141003396
2747.5241247416943
1362.5867036422894
-1323.8149265728455
1985.819301560797
-430.7662064728934
-0.3212115400529941
1290.3208776524348
-2043.8233988511731
-5141.2615626813995
-380.3584803352444
1792.8922927321726
-2269.315237914577
-1553.7087481767667
-100.27079446404714
-3388.3697909417588
-5906.847717855416
2553.330193300026
-2688.00998747242
320.42261672367476
1233.0157263511987
163.4787631002694
156.3918997436858
-157.55796294284812
-1144.1849035633813
1500.472032708881
-654.5351087643869
3178.6205461431414
1191.4650490365223
505.7164547339784
168.5165901965078
3739.3320719595945
1090.1138823561018
1542.0381167679654
952.5266874111255
-1109.0176365511065
-885.7788800567987
-13.739723276563751
74.13348127354224
0.3235324319707446
-0.38233700996164227
-83.78952591055534
-161.8075732053358
-1031.8247085453231
-3904.2098319164493
76.53939735208239
722.4879484255479
31.588841951581745
-799.9050877653758
-1199.6701057048854
1878.7407303759935
-701.8843985237748
3564.7584693629487
1705.2853310319347
2235.474113903913
108.35621740905562
1185.6726048468627
1489.590227354724
1772.921018754734
3911.4477570016675
-3307.5368897728977
1151.0433179046263
-535.0597176553155
153.09172054200562
1137.522496566637
-2223.5962320363087
-1698.291880924042
-666.6039983323697
-3918.7137505316673
-792.2651053656286
-25.477163038274227
106.03450774849445
1178.1254817465908
-1341.65086150303
1751.2850763394197
73.74329943656733
-1019.3489359504089
-1941.2244585085634
150.94826870347802
-37.57007443749698
91.89406921914491
-932.4020289309856
783.8389298769329
3176.7839682305953
1683.7629431830576
50.93308423716513
12.533154101321825
-21.68923343319663
-2.361462074403098
-0.3338635159602766
45.92880400669732
-175.1468317103664
420.92028110692223
1202.571737954389
-11.412902622725106
-2751.54369429428
-59.59708156986477
795.9432491334913
1564.866597789152
2191.2203968568206
4250.865621002707
-2461.115150915573
4007.008729038449
-2744.69942170533
101.40798980106129
2702.191373566091
-584.9336609013204
-551.6427656691939
3148.070205579501
-3149.7300148739237
2966.6820621906686
2207.5073868526074
128.83159617344197
-1415.8450208898946
-4856.913993418865
-8504.76982506988
-3987.7926963405193
-1497.9006948710523
3402.5156170760856
1682.5320800290754
-38.42814807197639
2906.9551726377804
4202.421413246876
3670.05855255995
1998.7959563321144
128.6038688303009
-163.59357398235167
202.56772370845962
-41.96311058035851
641.0036064766326
1747.6049357819911
364.99461484247865
-403.61006375293204
-70.0400086958539
-1128.8420110096263
31.674405882508058
13.965175453983393
-2.267485486728534
0.3760350141073005
-29.639665890283325
-303.25295890005003
-490.28979208882254
-307.1046415797572
74.72813423797234
709.6330663072499
36.293878329576735
1004.483565801252
1857.4685343262051
1020.4227774350398
-832.9849848836527
-674.8029185060935
-585.8723126628485
-118.76680725071684
-57.956293243913365
204.53872234834262
-3049.2435525084898
-3526.7282822427896
-1009.0462986370799
1239.7499230580993
-4546.150158662065
-2349.6719083938106
-130.26988199425114
-3413.651962580873
-2213.443079790682
2709.0159481275787
-616.4970988223133
2269.6420459607666
502.70388892509357
431.7167001503297
78.04576579970298
482.3071025854447
-1489.4447754602556
433.7661544046013
-504.95397402261705
1876.9746213484034
2718.5225587755726
838.5584250443071
109.32397448275246
3352.007801874937
852.4750502275324
-230.67084543086781
-879.2339002069281
-1314.4893160843267
-341.96618709853686
-11.707378721848412
56.53908127479013
-0.4979543299331965
-1.5582714856645643
170.98516579988595
979.4185311989409
1372.4822694270333
2093.4803029894965
140.88658428238062
1518.4640228079245
13.181095818627918
133.5712835613649
5.370372325472125
-2698.37256216797
-3405.702863183455
-210.91612930855203
-6968.424310354578
-112.45736214519981
-86.57355014046931
-1594.2391365629571
-3273.1897753871963
-3252.238330604588
-2323.4324969530544
935.6044670285925
-3274.5891658053033
-655.6296933801125
-94.45197994426145
-2560.5044708985447
662.0608935290043
6223.365768450989
3531.7802071337146
-40.360305493504725
727.2353755038288
589.4998297008864
77.29192493376279
-865.1437762043769
-3416.325792832963
1453.1152474710218
2606.3708030104244
2797.8159664415602
-10.293608246408079
23.35755198128663
84.59761790687459
2001.7932282535885
409.36800179005087
-2191.135509334731
-2234.898455104729
-1437.7257805198765
-987.4105778861955
-168.3166705298417
51.12847827656063
2.1601714869816386
1.3986907137075448
-146.55610926331178
-356.8516946441647
543.960095359507
1586.232056524926
85.17395822629774
184.14924012925965
-71.36047059697175
268.95606944578196
2006.7752728636387
-1795.462816567778
-3727.429979702822
-488.32896367462354
-1197.746013815893
-1316.8732508821142
108.8673566631146
2626.898992039416
709.0749608978214
691.2649482276023
2938.2541956913224
-3192.9376116144
351.5002839179359
2294.362045511124
123.3763524373358
916.4909023262645
2958.5370183377704
-4704.159856220392
-6180.051159656678
2703.8768163150276
4560.905354902108
1.8719985552481617
-50.147980371214466
1682.3306004402689
-3184.612050514584
548.5586122141211
4307.975474584333
923.3578104173753
-2249.7971025673023
-722.6139258596
66.2771262895919
111.00860808674241
2815.360848645308
2734.239468698837
-524.6479447563472
-2415.786819271968
-1950.1949440815042
-16.86430081890954
27.345944375107987
-0.6433731352291823
0.5852659167005099
-72.46856883527994
-623.5568704841271
-1816.9479003579788
-686.1472270817186
-205.41380773476268
501.03711491400446
11.16367436105334
-958.7192571544198
-8389.209811483202
-23765.574374704196
-27866.718627239672
-15544.173170487238
-14182.081016211969
837.8239237855861
-109.57667726180719
-3788.1308573756637
-18433.869665400794
-30830.27626501337
-35064.6719631932
-35391.745030362516
-15785.046650215
-2138.0376851612305
-108.64772187805741
-2822.2821183887577
-21117.993260249656
-26327.058536616634
-29022.94169247744
-32061.77810313998
-17001.18320239963
-2648.501741593883
-58.53212004812435
-7076.35128107176
-18024.58163996048
-21942.93143624409
-34648.1329871273
-31044.49376899977
-8701.87695787494
-800.9172875850246
-144.35016305102735
-5467.210105977293
-4098.19183362885
-9057.094392535264
-10953.515081127667
-5524.980399182016
-419.4162068509238
-9.486247963305049
-22.372244668713094
0.898820626520957
0.25624608276878236
-186.6125910896473
-1153.813260802282
-2746.7051504603287
-2333.695694818993
-127.62338638515703
659.9360030381883
-24.656409359695623
132.11207840117206
-3268.720492619526
-12925.545417098683
-18495.292142745093
-4984.243005699931
-3185.454248119952
-840.4077672263963
-54.00894570375418
-1810.945145957795
-15627.282747456396
-22628.636272270774
-18410.49135731505
-24481.00763838356
-7578.118281079284
-1106.7038253454098
-79.377296805306
-2104.691764757813
-11176.04230376889
-17999.48333299391
-16500.292793800938
-18337.939576983284
-9275.409708176625
390.5006592185099
-39.14055150470126
1451.234585359116
-6091.639943054583
-13742.791948943062
-21751.98068508365
-20244.680734538735
-2456.8936277254334
758.1055773671953
-138.36363064312826
-746.2472038159018
-1721.7120800217967
-6812.745185806816
-7620.319228065595
-4900.550813845754
-1022.0254971508816
-42.77688005272682
-4.317035015134477
-1.696694069670755
-0.14662340627850018
-46.01551235261352
489.5099836638977
1130.051883062641
-897.4603758027437
370.05724995132755
3212.620395950315
106.33723379381729
-387.31985788637843
13757.371216793388
35847.673796302086
33820.16568307516
17865.86370020195
13743.802372595803
4695.500146573012
20.162840057575718
4189.7940704732755
36743.450956776345
44712.80273149214
32377.47255241103
43096.519012308534
12735.651935991145
437.07692897008695
60.71894868978969
4665.492783903537
28407.4717909032
37219.339993209294
30921.817356720698
40513.204392600426
16724.411035685953
1995.3896337380706
-40.88889585371212
1405.6201445644685
17892.17632530674
28985.380219311926
37657.11600906001
49395.14240018031
19883.419748624925
2245.720968551277
-97.41601083638382
1755.3806620791609
338.155199054624
9523.038125161476
16064.029583390184
10380.890402707888
2436.5442195979904
84.78899632030635
-52.71435560695068
0.8365459189384244
-0.13360564490799312
59.17960027521699
295.0608083123608
-415.73276271366257
-2868.544726503672
125.51239195487884
-1036.2265017154227
-12.997483322202607
995.0433950974275
-648.4152914126604
2259.990665268172
1543.8439771132719
2028.3245895060106
-190.39565779896634
-1604.446094221539
36.153257220561585
-261.42463427108197
-4973.459667398752
-2629.8779549876203
6102.0760461323625
-250.87472697279796
-4006.546781544434
-1914.6697114271917
-62.98567235994356
-2641.256797590238
-2395.135356247099
1582.0656204095685
-2381.568357595967
-1422.382426246664
1417.2269957899382
1953.6758378589275
244.35008312833554
4090.1462826233615
-1883.6827180108135
-2068.529534443667
-1499.9358850791207
-691.3429551455098
917.2297399334961
750.4552863345149
154.30788546665545
6790.212799885463
2102.5023344433052
652.7459043221595
586.5275952805343
566.2229335103341
567.2006063058877
-46.42117211981393
75.09067124095967
-1.547680794853251
0.8822406246945816
-32.626669492805355
160.1777687754144
904.089376614658
2826.5407122963065
-1.7141695508542207
214.12940837362441
-31.866836136578232
-441.383027660678
469.9099992560887
-1819.4100347322726
-2987.8891935936076
-507.6326644370372
-3335.920876247903
-904.7969507007416
-14.460896898631558
-74.36028247753467
-916.835689988987
-2260.966948861731
565.1452511107665
-1553.3210983201159
2441.254962963101
2904.4424610739675
-25.418003802341563
1561.301344670771
2152.7879443648303
1341.035259796093
-1481.83380112031
-1404.0909283390874
3474.7537925224274
-1226.4822817161182
-90.14193875959556
-516.3944139584507
-1737.8303009580013
1748.5670351999117
4216.913894814989
2809.659249379402
-3268.005528561839
-1366.7543473260873
26.69403768165321
-1780.2586376081003
943.1585098448368
298.68118792347417
-496.4932262849463
-2096.800288403445
-1611.7811570038866
-113.29547679811357
22.157855007176828
2.6741502884203197
-0.9461755047873657
7.579149612516287
252.52002806767848
-35.04916887655838
-2885.02585986336
133.69175952389733
-2310.270287020042
53.35867709923408
961.6929890199282
3.6886924837738695
2174.988261474503
955.2139764381077
-123.69026714918327
957.8901760149547
-2062.0586111927096
201.69974545396138
2632.9112894267937
-925.4102111410423
-690.4384799180259
7782.135541303265
4849.283050689987
-394.2888967960069
-2086.401724687482
161.34604353301194
-1024.3893115739436
-5609.180394887277
-3760.639044709244
-2280.4769243837163
1117.4392493643581
269.2570651872613
-464.6243700894074
219.41972112310845
1644.2016044551197
-3627.2069345891837
-3391.0238043570766
-1638.4157063531534
-2399.233692311813
-3264.50667125964
-277.6594470791845
367.1366132673835
3582.8692888797773
2243.404520601411
3035.7799052643604
1529.430111486515
1406.6286248520005
684.832523102285
126.55474674157024
46.83662200610594
-0.429088734791112
0.9816154668702638
302.9707552477512
1001.7759384937197
2062.6930369160928
3574.1929264464234
61.28514960241232
-105.26036276140806
-25.310687869981216
-902.3307078156264
-2265.5416750038344
-2461.453821014809
2332.6631005348504
-3741.836869849492
-6804.756741916198
413.91211922450105
-42.141920171679196
-1049.9572140544012
2136.275829909772
2962.167622104787
-3790.0591340766346
400.19279106391315
-1630.738081217935
-69.55454057999003
-3.0924640808392527
-1704.693914987972
-2366.4278940700606
704.4827730578511
2416.940161411129
-2239.449523903675
-266.5112471718393
74.30204919758347
-36.533718032085446
-3792.16001546924
-1722.0776032644758
3522.0225097765897
1030.5556755997954
245.94953711565887
-1032.7392538937488
-478.80396890582557
-66.62894977541013
-1395.8755338008164
-961.3410107082603
-1780.8189265649812
-999.8006605776061
1233.4743148822347
468.65418958973277
-46.58829458212718
-5.887897589533361
0.6689978363124989
0.40181384913119417
-44.20715199557731
-109.31052511581626
-371.44383761805744
-488.1588298580576
70.14291576081864
1180.8731839597588
-39.23446606114088
206.33962940422268
-245.9606844689398
-669.3383617133136
191.24070944156654
204.44715363821268
-1743.9538550913546
1231.3718610415326
-81.46289099674038
-1332.154425126982
-649.6286365940201
214.8946311753692
-1015.8051247729811
-2277.0144476273795
-5967.409909986544
-649.7329426239613
-171.95677518150643
-863.8788348018796
3808.768945905943
3724.223051451392
-7909.424528669038
1991.8220827793182
1228.074686035357
839.9727114368458
102.76067365915038
515.4664267586618
-3818.8075254031346
-965.0837812362695
-405.54324632696813
2165.6218603413054
1861.3996701963376
346.91701610651114
55.84619216928585
3698.5006665849673
1230.6618416671088
2485.5575252300446
-291.9675443340651
-1241.2335543991449
366.42707229969636
-28.368202648867236
60.62211609710561
-0.37285534486635663
-0.1588936840538881
-319.9735513968888
-1390.955291061032
-2469.502406005421
-1785.7370538074942
-102.41891805689528
569.2162306820533
-19.043785047296723
-1112.6264169184194
-4932.179665109292
-14243.98097213128
-20293.197470001553
-5550.238683900998
-5475.004130192081
-279.84071501836496
-16.225523152870796
-1882.7112468538262
-8828.749563832507
-16565.953530509665
-17843.839336956047
-20422.41676024796
-3136.4210292717776
107.86113875415772
3.2869652179658684
2292.844012269676
-6757.105434469758
-18255.048252414228
-12751.970420270005
-17425.19021793035
-11480.096330970558
-2622.7853292085742
-180.86888490448604
-2324.2211108121955
-8324.345371232508
-16969.85489520805
-21277.66167279234
-19673.824365760935
-5676.456873742685
-418.12800783370295
-220.6117993144161
-7215.04131372002
-3474.249817759601
-6362.830233709015
-5374.425477647
-2389.5423046738074
-99.90704663227379
-8.74791289889721
-74.55772332148611
-1.6110498253787044
1.2545015819343908
156.92296852067375
339.11297789928585
357.58840174415434
243.92002663617671
20.580699523116387
-2607.311019684055
-93.43772027295275
263.4785333775576
-1541.0040269285932
343.5124717995259
3285.3915289452993
-394.3071113686977
-1653.058772499074
-3360.6106848795125
-4.61444853725185
-1228.2417714384853
-3175.395252751716
953.9947868434108
3412.698994688857
-2729.0164635967976
1390.6518861510667
1287.668359420433
15.464369494028078
-307.1983105998414
1849.1840660821422
-3418.677321373467
-705.6104492988376
-1165.1454982060818
1864.6494351854933
3229.271922617948
-2.1487847182506883
4525.629659388724
2753.7255712285237
-1322.8213821816178
26.46347450678104
-2117.3861150981797
1346.7588207531485
554.4543205946233
-87.54222003621608
2026.4345426671523
1420.039054172082
-1679.8222487038443
-2129.9995165341534
553.9496109886592
397.67667467731513
-41.48804339577887
17.65851582429721
0.1547470619892827
-1.1539248512970488
18.254009185991425
-296.7421167416046
-2068.246235077826
-2868.7565367285274
-18.638568572051962
1145.3677491769324
42.60568409557433
-211.54299318799175
-5089.424330340724
-19265.021368543064
-27942.58097563746
-13121.730037208425
-12575.979496797176
443.9663668858016
17.578976823914804
-524.4770784479774
-15888.585739214603
-27074.748289082574
-30637.39642596022
-29878.863235658457
-19284.725791533572
-5652.978213375066
24.63099003027671
-6592.163138859272
-26185.17847783943
-27078.898796852227
-20369.55470355712
-24614.250797601984
-17225.061007115728
-308.93430533749233
42.51219157113765
-5751.207549743882
-18205.73725007805
-18174.518877088158
-31979.489615386672
-30789.531316994544
-4724.5021338814095
989.840689333108
-123.9400764640943
-2976.6331175674886
-3928.1840582957425
-10208.219794056224
-10349.879449012034
-4528.551689198744
-678.8087834978068
20.796797752509462
-30.511442361969127
0.36954830639282243
-0.4836639546681023
-164.67538446107343
-355.8866043754224
-1206.703377375909
-4298.29985349983
211.1420570538933
1907.8725495194296
51.54062349662438
634.6537710710245
2414.313677213314
1993.4738752366502
-5945.701799474944
3725.5187214701596
3665.9993255477875
1006.24977747059
84.07702406315754
2032.4957966861791
-15.196304423824092
-1630.922474161465
2706.9544426288876
719.8711697061656
-4296.642010491558
-3303.1248667400414
56.862796977546125
-929.4747680529719
-503.90642500655156
-624.3836057924365
-1317.2181392620037
4604.394108832928
-1923.5534907318038
59.3825598278757
130.14475269791234
2023.3276100812582
-3167.261380003126
-2371.238344112987
-2053.013645142074
-269.94305868499544
1746.1222388295357
1232.821515408244
137.04137161358125
3056.431640011524
631.0498560524592
1381.333041647257
1266.1045844171763
-426.6110008594491
-507.31748103137795
6.931231108717399
22.63615916673967
0.6643628198096526
1.3571607819977456
-59.236707766282926
-430.5695669022065
-637.0050357250594
655.3897655358404
109.51927853827634
3527.745305966307
-10.202491802394233
73.5741679290168
2514.460111259266
417.67894300507305
-5016.812955125414
2337.522020733168
-1165.8332318033586
415.8255647823497
-59.61489204430611
195.99932999016954
-3214.4529200140532
-4322.2408888879845
-1533.1601303657626
-3460.8743401587885
-2771.9971354531344
-18.773150010939414
-109.77986734606534
-1977.563356392669
35.46030466932682
3606.8943763177513
3129.1195373941946
-520.0474373025236
1557.8384164879685
1194.5897658387494
-18.965210387060143
1463.7566337357275
-197.7928159260086
4233.380911920888
3184.0115847671796
4686.372983726236
1899.3538961773525
866.9112193176637
-91.27878250415921
1671.4392186835953
249.49348488164907
-3109.1822290446935
-179.33690044725108
-2225.961336387295
-2478.328493562235
-183.95938745822215
45.89964985440403
-2.0828780178801036
-1.17512585057925
324.5179668758686
1512.2083193014794
2571.8101427577326
1784.6291117509656
-323.0589900712533
-8290.602084677344
40.15652379941927
197.2830429197218
-4032.0770681270833
4781.053069423974
17668.790263760195
-8458.484266386358
-701.408485614205
-3607.131604656157
-25.972054611223477
-2188.2131582574393
2299.631180709261
905.1651336398687
3729.481502797567
8339.080184719209
8749.146615539457
2669.8327225161206
52.83352234798993
1193.5126319193246
-7036.322890603393
-3278.1677936530473
-1812.2419101286243
-8288.762673946747
165.38261672086293
-823.974879980318
57.71223962621676
-2182.4728989622254
5831.053489593243
-339.92487627248204
-3195.5144492276263
715.4657241123506
-2289.061462721606
-1498.497479829532
100.4764461425303
-1802.4651305976315
-821.3688563761117
1665.292830098054
986.0938203514507
4956.086977935374
3425.493449659999
182.9768095542408
-4.295115605730063
0.5111565475874833
0.6240056482165012
-114.25414437306581
284.98585770397233
637.3931256080249
-1531.3417836550218
391.3889326892379
4822.3644074021595
83.07307353228502
-1142.5912096982615
9850.945572491317
31435.311321538327
31188.111505646284
21896.289642640975
8853.538975120948
5313.337565733686
-114.6102543665572
-317.811286575331
29683.031320708484
41591.75139695484
33563.464936978504
39563.572688237226
9831.42139173554
324.4222515359638
-126.1409511031473
5968.112236883116
33709.57171720848
45456.83343606165
31042.81608817433
34821.88021657992
15062.371323840765
1419.1828673916536
15.309083174012848
2233.3775364344606
15176.880081378671
25633.96638202276
36442.65233726715
47741.68948444708
17318.743919976067
1793.6826381234198
-56.15940854524901
3627.585400372919
759.6233141277905
8469.24497780195
15313.381659157207
9478.318895704291
3036.8743713787303
-50.13930852856214
-11.454665880384871
-0.3328554065197747
1.1214281421288819
-180.75641273465018
-964.7503731944147
-518.8269850354937
1471.75605581943
28.078832845410815
-1835.5861546454291
-14.568706795764978
1783.518900639416
3755.124605661017
675.9826718874551
-2868.905003902897
-657.0502248559101
-1379.0879787120305
-5240.524435527336
20.514404531319226
1235.8000375060292
-4956.390097432601
-7573.419669333872
-635.6252257436455
5829.900120133483
4364.57585299739
-178.54983157733602
-65.1623900821641
-865.023149313582
-1315.464162425217
427.2803344255414
4890.030903670709
3192.097565282983
315.76001015988027
-1687.727728120749
-114.71251235726088
1052.4115843660313
1676.2052396512313
-5433.050671371254
-1828.0949476514677
1471.249572898612
1359.4023988748722
-72.29840381375222
158.99461199573238
-1121.9977912753284
1756.242384923639
-2542.97578841738
-3262.547460492751
-2566.760247565351
-855.933838929657
11.714978889056722
23.250492990172983
0.6693431138034027
1.3443552967047847
-23.469072181724023
-159.33412341973394
-183.75510670842812
911.5197244229555
-12.215302454778216
46.202244386648665
-41.69234215198163
342.73904726478105
1437.093231419368
-38.657488102387646
-786.9424341160021
-369.9961862186234
23.168084313291512
-1034.2321631528935
-70.05320377619712
-438.5379211406405
-1487.613157379018
-1358.8852462246207
-2103.532823892195
-1716.465999723711
103.37335899986454
433.8593868165117
-32.94101011381198
-722.4269705987363
2485.6306665114225
-392.37179710998544
-1222.595807286388
2259.043896170802
568.0964491314814
1484.2042389950159
-80.7792792662672
1546.3461604566992
1818.3704860114833
215.03638715507546
1043.7438858188032
1676.680485716409
2653.9745977657217
718.0380007088695
-91.88786950045845
190.0009692744297
555.8184575394608
-1912.6565875952222
-2007.1678514496596
-1607.300075871065
-886.7432371146073
-59.06705284461231
13.919477793824617
-0.28749466352244424
-0.07971785036317289
-83.50030237060504
212.0639487012615
-1084.420739890582
-5855.521867708502
303.92429653251617
2139.2037628565154
38.14798299378002
-179.86511963454151
168.18342646791479
1325.4573826044432
-4254.955298967745
3877.4309390487206
232.97514809173205
2979.6254366060703
133.91312383572318
1186.5445592181268
2039.1174579898518
2523.774680957505
3550.706181448766
225.2494789397101
-7997.726793304662
-4034.62733923518
80.60820918305869
-994.623951310127
139.20144244378466
1089.4864203517554
-5413.205542253866
2661.6259785272982
-1259.182232448863
917.3964564998635
284.57630432723244
1225.4045265221826
-7410.765989724744
-1782.764105274164
-2249.726660084454
-1185.8586190666601
1188.1961720040933
1032.654718936557
153.20114941720442
5176.061149567697
1004.1700308028403
2640.6464508523586
2548.121318306651
1366.8999903461402
498.62618629824004
24.6087586351503
34.10134926683419
-0.7741596898559292
0.7439534823097992
53.66503862003722
238.41852398514666
1032.8081198129012
981.3636984618838
168.31194440353894
320.1109216674679
-41.17500910013034
64.50331814865672
433.2715864244756
-2316.910284552286
-2090.0661671694497
-677.0424116527183
-3878.5703733516343
-468.2402155550287
73.01274701532039
1631.3988596318532
-940.612181724905
2805.9528381567034
1320.2309783359824
-2244.3795377237
-4897.4221504872585
-1146.8140603837762
107.95449431883326
-2401.517148151274
-53.18428028833602
-3392.9038395178222
-2297.627138353183
2828.480599770115
2205.4873584813217
1462.780195624743
70.90761655177003
1064.7609493574791
-3155.6327506793214
1620.675840841869
2096.5568951912246
-1936.8559658824115
166.56003361920008
395.6545802257795
100.3322787143169
1901.5666012877607
1551.3001763121488
489.7481818926505
-1894.4768225809203
-459.81965056741245
-507.65261001936733
27.310970811688556
16.69327096434557
-0.7091460777145688
-0.5858580229479601
-80.01119371565925
-313.190244487919
-836.4779401713013
-1204.495937705617
43.64788390988362
1372.3064544644112
30.103716500969647
-208.69740743482578
-1928.9692716031045
-5668.153285553694
-7501.900697919305
-2236.9260760556854
-5943.312238935436
755.581000394545
-60.91377539392549
-1988.783554829647
-3782.15202615453
-5535.627951867141
-7693.026573945421
-3503.641041211967
-7910.143581118825
-2789.207169661315
-119.83550983830757
-656.2959207848031
-2094.7538287742454
540.7831364598569
-5346.234260780426
-3827.5219275354216
-5883.535763064454
-1727.498880256574
39.66362566914601
-3072.617281480736
-8263.299975113974
-8293.897374040966
-8948.388911171529
-5808.7080740798965
-1018.7432112651783
-96.80012512409678
72.84439199799728
-175.1143554632689
-700.7885083535608
-1626.235840968937
-2180.960896561866
-697.9938037107146
964.2543344688876
13.688219807623044
14.606301728962489
0.7175966497747601
-0.28583707854787205
-150.68585099115165
-544.2994435711819
-90.43808908760965
68.59503383458073
86.0944015927876
-917.5552129424168
-9.308885795425786
805.7079194106138
2015.7850821668248
-435.64176309481195
-2378.8169233736626
203.62525746456762
82.58015813675974
-2612.7700066550738
83.86249758117282
1924.7334759019705
-2254.2278808011815
-1893.1683489216632
3403.5987474641806
1121.150484458297
2468.4777576502556
1039.1701273958067
72.36529707692276
1235.8240169158394
2671.3946336811623
-2582.202587790524
-2908.0015224132885
2453.2454183218892
2796.3090426822173
-296.70337547080436
-23.790384707014134
2763.6235810733506
-858.776131613535
-2562.531802446891
1280.4191194879172
536.0895702463209
-1025.9090461646779
-459.9263130976773
225.33035818764824
1115.4836701334025
3107.0039092132606
1313.080552251458
-1689.1754859853136
-1210.8501635985829
-779.2617086065844
36.12471875470108
35.11855465970684
1.3715205063327947
0.7956162974155255
-104.80822124720531
-39.14684468612707
293.0782061163556
506.3006666623087
15.129385988252778
31.652210136376393
21.878929183409824
648.162491380616
682.0873241959624
-2085.8136062099743
-2342.577447933102
-253.46733075900093
-2984.7289345755453
-585.5982053663889
43.55016326265164
526.0379680312133
-2721.800204744424
-2847.5758245450575
1143.2421087357645
1027.2275845496308
198.60545398912353
693.7214082028744
-12.452993069066226
179.20385830203847
1413.294758087373
3127.495497778678
-2603.5438013210714
-327.1063212474805
1415.722604289924
-1162.0830706542656
62.41387292323657
-372.2639191721088
-4259.752467734622
-1990.612161004847
1441.2754226730783
1618.394344636951
-1817.3148613449664
-962.7158780815938
141.1362945805518
1024.0911297660577
1729.8965487257835
1450.8684434425325
17.12709457935563
-1019.0320218319846
-906.0949926170642
-57.22013354504786
44.65650414668294
0.955832579367128
-0.8435952817368219
136.66093332069946
1325.0305842093821
3119.8000647191807
3531.6469556724883
170.35689792822782
-400.6097970523807
-53.11729178524147
-1716.6077851935652
-3659.481421395418
-6224.433747308186
-1910.0612510350197
-2886.5636371849505
-12782.943215794541
-135.9165837000602
-49.61921314789171
-2538.978559720182
2966.0610687259905
6933.189101000718
-564.2509876544799
164.30946320917425
-210.8273092675271
1611.2406966216988
75.47758277363647
3289.097727714446
8889.51558627634
-179.2039747564108
-94.82523961137879
1307.7014471233822
675.5215963861526
-1285.1344976408593
-89.33138482841868
-3500.6418289661333
-5429.298733747001
-2875.576590472208
3373.3419203153294
-1355.9787191621986
-3920.811270726226
-1655.7585566317834
21.064200739819167
-4243.69809680865
44.74961540356208
-232.96434142574856
-2981.520420495355
1716.2946555791293
1462.8121953543066
-21.704171009610427
-19.707618885392538
-0.8280030337155502
0.34003631393474726
252.0164767498233
1041.5435441851605
1428.3889669733564
1780.3694495031446
111.52017267794922
-4028.6572787393925
-39.1082362322267
976.7327905286463
434.58286887863727
466.85870265973455
1665.9450922155686
-3245.6129439203582
-5171.298642010004
-5541.332811135419
66.38378658799536
979.5898386314416
-2472.066376285415
-429.0102022898575
764.9973267223706
4131.2963895960775
3769.308099430435
-1176.9109376033516
132.2709021772464
-3920.031280804727
-7604.80760591353
-5241.389904784536
8164.475498785216
625.0162045592277
451.45979399847005
2166.287358535532
-10.92627527448781
814.1915591263845
2489.9697852123877
-542.1144742222411
-561.2963767730846
-3172.6362950733096
497.53865279359775
684.5180813482629
6.2737536747319735
-727.8062017831429
-44.00030069311346
-4994.401803699697
-3574.2395864396185
315.1161565537903
268.1036129987024
20.831610724957233
-20.758623573127146
1.1828039919825806
-0.24012150414978453
-9.773152145095514
-260.28821604542037
-718.0030043299089
-1106.1210026914005
260.34849081186417
4879.613512375148
34.59666989933846
-176.2030045862732
4621.482948567195
1204.2544968840855
-10632.026998150553
3134.4381416921933
1676.0521580194454
2532.7773219465093
116.66559446575695
5484.104685052879
2122.8964210408903
538.0213071487373
-1594.2105703269121
-6397.162302239179
-5448.507510045161
-2340.7095340216515
199.3424032789676
-4740.937809045003
-6176.188624035074
-4853.739358573495
4386.686923487026
2732.531792386974
1002.828414030126
2858.9764072750904
-4.750368428108453
1205.3454705426832
-2898.166905077341
8632.434279513584
4866.801250523351
776.743546565072
2806.5213491949835
2218.1477758870883
-159.58596245686056
338.99507236192954
-767.3370321867226
-2237.838875173515
1010.7875649237435
-2167.8974513554326
-3607.7731125826213
-110.40930013092994
-21.92931937339559
-2669.5581495865213
-983.8098955899037
550.832958856155
-164.5617404720799
-418.9485862564622
559.6607978692294
958.3604305980227
-4424.861827546142
-1987.1750762163883
3770.8525566266594
372.8937462147685
742.4163324665681
104.42188860399513
-372.5076923940858
-545.7642434929385
-1493.1917056660177
698.7813403768772
-3642.3456786597994
417.70088032319535
1092.6505131101467
-2129.2443117079893
4599.376089130919
454.99342130119487
194.17689983308395
345.6630056999888
592.5715086503213
-863.3852502188247
875.2739406571054
254.96888511720343
1090.0437714860618
465.57284876704136
1314.2395697491188
