-0.12765568110997363
-1.5992565503225047
3.1876876538497294
622.6334936602691
669.2573378298747
-766.3709084283603
-15.390647191518463
-564.4431524517561
30.59829578427558
786.4399941730084
2621.7540156341224
749.9901175834228
-3683.57973484073
-2738.89412906036
-3927.0237547356105
-4234.351901957697
193.91213135996068
1789.8104347450264
-781.3485315168328
-2148.6318334029024
5449.729321630699
11183.44963084482
-3438.2739580723055
-4314.963689181348
115.79680127130598
-1099.0776999090936
-9890.618241365884
-2100.4248851474613
4397.628277546712
8175.160009067967
-3450.197559333478
-1127.0776335123437
45.30765205651027
-898.9670268624375
-8225.077057906157
-4602.830685687803
-3606.3099772766195
-4446.798590778419
-648.6753455327521
537.8948984508177
282.5418715808581
1121.3879312656704
1264.6090470443933
1329.7232989146892
-957.7978644566043
-91.35811601842117
-180.83158852433954
6.571718324732848
-34.49323665662625
2.3701794480839924
0.6956672785693012
340.76056325954016
303.43289764357286
478.686044342145
1800.207165450408
14.947772466673024
562.3494075867844
-21.48510788561849
-695.0058828767093
-1381.8734653662548
3097.3060919005648
7246.381589608677
809.8157008675056
-830.0935783552188
5068.115731575937
-219.70483022446254
-2154.97682768978
-1540.674047512825
-935.716117660433
-7805.201120482908
-10999.92730793298
-3546.1747842505933
2783.0103230276763
-279.0874547653941
-4522.494487029899
2328.86887659989
6162.049533411141
-3799.4347173552123
-7184.8081781856345
4591.476098376562
3541.804928678124
206.28013820098647
2003.7006116786308
6754.622265895679
7648.703988579806
3415.970730479096
8472.530598606876
3495.3086468874376
-159.97644574333967
-299.95401710569956
2324.0473283005967
-1430.813394259672
-2813.0372146961295
277.96907184322265
1500.5845636195488
59.511307132573926
-71.92900951867801
137.49957934617154
-0.7029736248578554
0.034873196046959556
-10.2276245646962
171.52239325441522
1277.4849157389879
3288.898198503905
37.54549785933866
2722.6856993046003
-52.64827526587909
1260.634970916661
5017.291775250509
871.110580523058
-9118.030020459462
-320.84627663006944
-5830.28099237708
-1797.7244951269417
50.01094589826073
2032.6079298976802
-5029.723945323228
-12176.95565882398
-6595.308794160443
3516.290639335742
-5113.909540737495
-1413.462990085757
30.15060657244216
-3252.271267954131
-2777.051175800985
4752.160982797132
5149.188438738641
10195.09063826589
944.9952825410046
-1003.2299562524216
-63.48004481233822
-981.8350749700404
-2582.894648986961
-226.5332964164588
2168.2432260899577
2872.525426503131
1629.7681828788
290.9059821070154
46.98612351992567
-784.9135191779576
-527.938105590933
-3596.854930131059
-5929.537866154557
-4669.757654924566
-2612.7424170394174
-77.87860899849183
-8.727135758348416
-1.201152935876807
-0.570679729255765
-68.75848560905665
-226.53972690326069
-990.9931006757103
-844.6622228872156
-57.60443867382487
2318.4425871120197
-25.553179469925002
231.87655555023818
-335.9391332755507
-3967.922940594793
-9908.591397515991
142.61146200904372
-5334.053962661527
366.83572772092776
-52.64909942671037
-1868.4876003826207
-7731.99026638836
-10748.698877462033
-12186.57744408776
-6118.000796926426
-8843.962617617726
-2962.026639157137
-37.199213004220326
-1798.1751399944171
-3185.44475202291
1174.4533238710467
3192.7140854292797
-3054.7484654947243
-7927.801326735237
-825.0912375532845
-121.30020104132494
-1768.799976099304
-2898.2814340038617
-6321.75836032757
-8801.418644746867
-7479.097924805479
1526.166465582688
584.653314035206
-123.97815523457358
-2466.14526093172
-3683.730387959061
-7030.896455400941
-4162.450748678871
-1132.8380642552625
356.920212758104
0.04312314390940762
-28.04227653484758
-1.1024786928513621
0.2684785131282769
-89.90774962312899
-346.7859832378424
-468.0064707386611
-192.29253184007294
-20.240540748399834
-112.76062177236507
-0.5816899124877909
-161.6066315352844
-2060.6114574696394
-6162.20741538721
-6624.605018164728
-4026.749922824063
-5225.456845945564
50.77940907145116
-64.52811019322819
-1112.5939054867317
-3535.878826401818
-5729.625286459481
-7681.886688234021
-3545.5930244872525
-5324.093837138597
-1536.4671120236403
-18.616066220730545
-221.82341738029615
-2974.8967831917753
-1521.0122147961733
-6908.096551184892
-5964.027505814961
-5583.007722667272
-1808.2141429210074
2.4372524722537725
-3596.8779996179105
-7550.811889660197
-7838.589853311304
-8959.066520492932
-6018.431064729572
-3018.7244278466783
-469.25005398876164
3.973972989017868
-1646.062787853178
-304.9432844948047
-867.1832228444546
-773.0185991798397
-429.82658014592766
291.7278961380023
44.06072625372476
5.991928783981286
-0.6553904452730551
-1.572190874064782
278.15934608012395
827.0773975373122
1892.9077343264048
2488.444653439086
142.95189972104302
-1825.6843421320953
-53.4518739431069
83.95318117234325
-509.4935137354615
-1675.5403601362495
-9.89458056855222
-3859.1009005508686
-5881.39679051029
-3746.8988760426273
105.19765990181986
446.2985428577263
852.7645679006653
1365.8786658307242
497.715608479887
2450.6667612137617
1669.8046171205124
-205.22910764281576
96.11426569941082
-1008.056565689985
-4571.039648362956
-3812.851437450124
969.7070325888345
1894.6890944389181
2095.8807073891408
939.8835788984784
-77.40514899491924
-944.0496512609852
-1770.951162395379
474.3156278283915
1347.0710767453754
-1205.916710443034
-1136.542512139597
-79.2222293848203
100.34919279355289
-568.6709053256966
331.6929971320926
-1268.8306204235885
-2593.7784247339514
-983.2283792505306
-520.4292483139753
-28.80030466616914
-30.02526653485405
-0.9012772992894472
-2.2443333889428434
-367.4075507635054
-758.9476742459372
-382.65017671284727
523.818704687755
-42.60090357960316
2215.2260531974584
-67.93693325476697
976.7423080218323
3147.863724402505
-9575.09735158134
-21696.31487770824
-6276.371377710465
-11775.153375222953
-3770.0957389400955
17.077504584448498
1025.2224836153325
-11763.386059321245
-19824.294032211932
-9573.072989978877
-1401.9756608705593
-13201.516961972362
-4118.215774061474
55.034717332514866
-2692.1093092482997
-8696.62420605158
448.21065816426983
-10990.785197097268
1260.0061906689386
-6767.285530142207
-4643.8343572071
67.2397962894037
-4017.4723973862015
-18723.548253261488
-16943.459199013476
-14927.250061020633
-8254.58477440361
-5148.712993877033
-290.9516710747737
255.15086064627428
-277.250997548907
1959.0050584722014
-1497.1277647691268
-5837.61813537963
-5635.177639577373
-2605.338673256418
-30.457962630723962
15.15416022878746
-0.6386022892570952
0.02122415396077034
-47.57654902120932
-202.65244065758398
-220.51820140748362
311.0491883196141
-1.518767208496451
-306.0484347592358
-22.05394049874879
-103.50661187965122
-566.7062517172385
-4340.540230961257
-6101.355342341452
-3395.0719149364504
-1105.5722941600277
-730.5314941944062
19.922597959832185
285.3854763019863
-2202.675290895852
-4733.976592676642
-2969.929196135911
-7784.843089821135
231.8178708502324
860.3934750663323
31.954914811004144
-284.8703360090611
-2465.6721196345807
-8494.151287739633
-9356.179087177703
-4673.778756072564
467.63902056514155
75.45294493181161
12.628811129629199
476.91520943647834
-3314.799900091955
-3257.788922410974
-4429.169970621641
-4037.939767602967
-2449.521198504699
-295.8843856786655
-15.015510951462051
-91.38966951055806
609.2476156744237
-114.20065433567524
-2156.750372523905
-2013.959466238986
-1080.5535565807038
-22.777318599708398
-6.994801191844698
-1.4329184476871504
-0.04973214546991574
235.3803178891598
707.3475602246509
885.8509354384267
-303.32204624328585
8.149908555996232
-3479.191190398304
135.12729461776777
-775.783225364549
-3737.1755808629264
1109.7117943319583
6944.55874177122
-4534.192411452113
2220.5924226861366
593.5014377216227
43.234213105138316
345.8337120609678
6147.173537415619
7910.806524193083
3149.7222563216774
-75.64509707908365
5720.710460557257
1435.7366318725253
-26.48593336878788
770.5815548063916
-4016.406947948921
-9118.00427766087
-4017.24543406678
-5929.885107030774
741.2626606900891
1963.0325392489829
75.97349897987037
-590.9967477986522
2005.841020477759
3868.8117578195493
736.5803335429197
-1923.7321590170066
-1730.4488959389364
-437.7286632528534
-28.37508766806352
-737.4936256498422
-226.13740015575362
1901.7741930638954
2719.942734773218
3440.657121083335
1320.9312230808364
56.496439573988816
-1.9780385536899936
0.7913977143545835
-1.1259042274169615
-2.4037115439075487
-345.30360789118225
961.560051927483
3269.7680761571737
96.89338556606423
-1712.4391694733004
-50.35180768843597
-399.8325876439961
-1162.4933069906044
-2567.674896129452
1397.9634461763117
-3947.632837735504
1767.7309792528913
-1016.5823639166862
-39.94517863298909
696.8143702330424
2792.576834665058
1469.8413658830489
515.5085468535646
-6801.4934215570365
8973.409353109455
4828.081530362897
34.591169577192396
2643.993936935862
6912.606194824299
-10384.20512745495
-11501.487656110361
4.510058021737769
8254.802104103206
701.9242719724898
-97.53309857013507
1801.5261041915178
5356.091487897736
2456.8279960434857
3949.24379902985
2703.465327857422
-2393.621901023641
-641.3896770352555
-31.31313013659535
-1646.7216001318038
1659.0072971087343
1971.879685700079
-3106.0169120497367
-2691.2974603309913
-1379.9758562375807
-6.894106202599589
-35.797415630988226
-0.05369810777469985
-0.3455336909103727
43.14151381962336
487.338831807107
-278.35682439602596
-1284.4227405688341
-81.1468548842074
2862.287887447033
-15.82181766161498
653.4815611635381
3789.53328218109
2567.0935476031423
-7645.726161512048
2698.433603806004
-473.43664032059144
-388.07736843758073
203.9142278553214
1994.5378410698597
-2144.51979379116
-5800.710614411313
-606.6696095060456
-1067.7340643653833
-7266.688368939012
-3218.4817814868156
71.65842438606626
-4183.248860877254
-9418.615620785791
-2542.075438603445
7503.595122954958
4672.724001736853
-3360.201099692041
933.8516775375293
-92.48554602409483
2125.4258905871397
-2836.035530624023
1402.5986289380282
-388.70057345841724
-3413.8652231966594
4344.281874820064
1224.2235010520137
-57.638346325188316
263.6290537522664
-2166.99820922674
-3544.336576151063
-2640.7708962229667
-984.0764595674489
-1246.161697036655
-94.07302071177223
-33.45314978223966
-0.31763934912115177
-0.9104422292327305
-74.62523781064255
-545.8016219828058
-914.23820502021
-416.32101226591135
-31.298385754981062
425.6158432632444
-44.210191855122225
-562.2909900028421
-3673.365513584876
-8977.591089267475
-7822.688598871504
-4210.367017972681
-7401.685523929642
1633.6084462889226
-133.1088426785286
-2513.539909152408
-5106.296010799018
-6375.617578436329
-13686.834681662971
-10615.577872790447
-8641.89587628617
-1565.88290999441
-61.73087358308547
-524.4566019457391
-1226.318763097715
-2916.136772482589
-11096.692058283597
-9447.987942867987
-7176.073606011669
-1455.9655264696005
-50.68597927081992
-3909.3874249651576
-7562.221083446008
-9652.537279460876
-12244.237047463019
-8962.057591912533
-2062.719377203477
-353.08753953818393
-123.41435929049908
-2559.2076290247915
-1897.5534094409961
-2817.681001568452
-1623.8015033146332
25.648085835660797
1014.3719554070716
62.37255983302689
4.46289506210406
-0.9075783577053571
0.7805990128754037
144.36321022988344
275.8405221667962
106.14607638494397
-170.71142349258952
-22.530305198010524
-804.4388973607199
26.07512026660032
-507.6547816390787
-3615.009905935991
-4911.213664633
-2761.6923977125016
-4706.675816588978
-6606.934615085719
1324.842718217892
-42.652837685340224
-1678.3895642686587
-1048.409145940069
-1744.045591098439
-9165.023802222258
-2053.980001065773
-7063.410729907697
-2627.5074513163067
-48.14249322768222
-1690.9663917809921
-6632.123780829037
-1997.1089620976522
-3281.6673917042103
-6788.1288936936035
-7778.89258941584
-382.2080092716317
5.943162822554077
-4803.2194483333105
-7411.436409402739
-5032.231680412294
-8001.798664412194
-7569.572776405196
-1608.507109327456
-327.38447504909317
-78.58824508426851
-2043.2082201456644
-1925.358267187727
-1478.3313434151682
794.7911381367396
1973.632582723094
1454.5473751346606
67.12241056056583
8.758223056038767
0.2643892598973465
-0.48885250095554944
-83.14791894623833
530.6055388410888
-1194.9232698890637
-3134.844440994366
-244.3809257933523
-620.5471469114092
155.30641918872428
770.7556835511684
3399.529322817608
8034.148046813987
1055.2002302255132
-275.9537436048811
6604.5076550966805
-2247.8777840481066
45.10119051219562
-201.35870152359047
-6666.060917412099
-10640.796991661053
3810.9813998433524
2828.7212731295353
-992.490055600572
-2855.26463900138
-66.76668735965677
-5515.835936665311
-14296.774950108047
-877.2286656275486
4783.89922980828
-1071.831894598025
-1501.0031619524634
2498.4569337291596
365.2118628788041
6153.670861670075
1620.205249590993
449.63975875787867
-6033.728193591768
138.89519917161996
3278.48973620778
695.2975876089204
100.60412488595874
7411.851463527061
1799.5189462146886
-1078.4686640380899
171.65017961166544
-1438.791214231297
-830.5694275926052
-30.35222098494254
78.48625345102802
0.031210441045325634
-0.540329855069441
-125.08339308649172
-501.22795437482296
-774.156905540934
-139.52693101951098
-41.209705199723544
-21.323828373670494
-63.254586316021836
-234.03740074025458
-1300.8596213315502
-6371.784636801482
-6509.748043747567
-3853.2983232543756
-3734.7918118209614
-548.6682445807138
-76.56122644651238
-1483.7732653687979
-5249.148798661487
-6703.8673302177
-8068.425082806768
-10693.828936057425
-3474.2288476963195
-178.51060214682252
-14.30063372469071
-483.55276612101324
-412.1901929690267
-6714.439517012266
-12450.938807423148
-4968.199645114141
-1487.7574340791439
-298.75014492919587
-3.189418146005044
335.4087726078444
-3993.4075174419945
-7714.901398018555
-9201.97263991123
-6411.572296762018
-1164.5052778451297
-116.12781601824065
-47.88833317124639
-47.036115976217644
-142.42259241025542
-1507.0264792621192
-3240.5529321881677
-2080.093367063956
-208.57818043563114
26.455339635991155
-1.0579177439232799
1.780084520236344
-0.5172667109109865
204.87580766991928
652.3874511655238
1455.2690260925924
1487.5278840345964
77.25279021699102
146.07553068649247
45.52406254243453
-76.30433099129655
-2039.4189620239847
-518.9365819214772
56.43197646308426
-1274.2974820418065
-6283.947231840539
2822.4868818663426
-51.15466117337869
-615.5389391447748
-969.1359751158418
-2751.849720260952
-5958.034721651146
2437.580100195283
-5327.586836100433
-603.2221000285185
-71.79821253653706
-1931.0703086997235
-4885.710363891978
9814.686799629126
4281.89770380465
-7269.085295555104
-3507.1188914973413
-1060.8589770165831
85.70770164524922
-5362.986813504201
-3897.509339567021
1964.6212830393395
-970.7439369712433
2790.120523217746
-2623.75133104572
-746.0917253401233
58.31799418236912
-57.26378007146668
-53.656961393952656
-1790.0151850281704
2321.735945244757
1255.3634056064236
400.84421733785683
-35.69419373643029
88.2653231004214
0.32936207322060984
-0.5437904790408347
39.24633900093429
459.40547657543306
-132.84684728466456
-1497.5796906432774
-19.9272784230966
1916.2076670347549
13.786524754378666
9.144126336627943
1586.452819265074
2252.230612784577
-5585.493757208927
1967.0490842644965
-1144.8995113995477
1026.9762796183425
140.21390815670534
1303.2999169221189
-2634.3993749886235
-3397.135442675841
1108.8639852238796
-195.15649592378864
-7387.353475080054
-2337.1321379515884
33.153287652042515
-4004.5380637776548
-9397.88740481294
2384.8117621099036
4283.648494529215
-1164.0622724463
-3094.080392570006
675.886546630913
130.27877227744247
1036.9257005852555
-5062.502265364575
696.0397900059797
-1667.0113093798234
-1398.07135186754
1079.5607441718055
566.5714601524617
90.82013592557362
2584.0998301050936
-240.100361991379
-2224.6221476329692
307.949668209644
556.4684123770647
-676.2331115970329
-102.0010341436622
33.540397905915796
-0.340433903036869
-0.9184858320620229
211.6005265217744
584.5032486296998
959.869618895836
1276.4265690133302
127.02672823309305
-1229.7213729803677
-74.33212548562169
211.3772084786183
-2590.337101090972
-2237.3517925640335
2710.973449952007
-1226.392832624019
-9791.523490390213
-2969.577153061296
-63.81366066957655
-3628.8860760599878
-4000.3498890431433
213.96893026974476
-6333.866686144295
2464.799689845559
-2006.2098942823065
-1664.7021197187817
-40.894271619412365
770.2974410907464
2042.1715385075138
6597.0833290264745
9000.875715049142
-365.54084211528914
-2892.7708897834536
-437.761372951021
-220.1726231669961
-3267.7053536905332
1791.9741210843515
-3654.0757572813554
-2425.0712354597663
-2445.0667216057413
648.0483509642233
192.558620156606
34.43801932835203
-2279.7322711196102
-2466.0525541390693
-6895.778870928338
-4099.513035227212
398.6011020096663
2181.6366573374353
34.59177448673224
-30.496507139622974
-1.2292711667473195
0.867199691629549
-83.72284985781647
-241.36651508173398
1079.8054823370237
2652.8602379469403
67.7105891564676
2968.195489097236
-132.88592192688427
869.6510459870153
4077.330229998478
-6687.009886380253
-17637.862894690694
-3483.3006368802617
-12987.038012483883
-2105.571059254465
72.91118905680585
2328.943634190732
-7623.468724702271
-13251.849204911749
-7293.886833083038
-1280.982351735984
-12156.54510047414
-2203.2366700292805
54.56061823881311
-3606.2442400878913
-5785.271222193932
2616.869701167887
-7013.228650280365
5352.710614959413
-1632.68035748491
-3041.5216605907394
-8.424832337792575
-3592.4154424214603
-14443.807753558138
-8025.562803922211
-4747.780274611582
-2558.1887155363884
-3227.502619422208
-108.94134274069027
163.08677932579062
-851.2288282786101
1057.125435086725
-1933.047394312347
-5758.370196009513
-4746.97302585516
-3031.265347579852
-100.7935848019307
15.080528187120679
0.8008525323094424
-0.3112488165247557
-7.989231996662927
669.7536562515587
743.8370456625489
-751.7912239157598
-138.15400219918345
-4888.5489632646095
168.52806430542148
374.03304888814614
1518.6506906357754
17873.25913223012
26201.72055590891
872.5902940900085
12496.318492645149
-3902.0443592080474
-63.96172888316832
-1629.9624148322541
6352.728650411938
7865.83591518945
10195.920408164315
13976.972805887815
17685.886525311395
1392.4533899608248
-88.17607737336958
3177.519058670099
5330.007157123093
-1587.3449104604563
12308.847149085457
13694.288154983362
8515.108926097648
2811.687552841613
4.308575158929426
7560.278386539638
22279.950633111872
8770.393670474652
7972.48860104802
10589.853842590923
8825.003762624845
792.5141994305994
48.080713954197265
3205.158048545569
246.94788041078522
1594.5657749406328
1454.6104248006043
2032.3653103106678
2767.607024847148
195.3140066371767
-28.764184363067226
-1.9190545308968048
0.2948662681483046
-136.87123511445066
-284.9978395989671
-982.4651897161696
-964.4620959114092
-52.89728627090897
-291.2083652522219
28.888949099573058
104.31456542462513
-749.5781028163925
-1660.4651554037894
-2667.5336441643462
-1034.6396204364708
1302.7382806728406
-941.074326311933
-59.236002153428075
-1310.8238243253193
-4679.447705939061
-6314.398594557726
-2581.641298396546
-4363.653440813864
637.2389199682905
-85.93820702635135
-11.107409393559717
-14.123015526852257
-1518.0648524899595
-1998.8887952348434
-2391.1250532142576
-5573.346724403652
-1615.30893690614
-171.70325338989784
47.00702669978626
1148.313718851252
281.97162373450067
-3515.7092843983514
-5798.429609897875
-2602.784535033771
-994.9587760539599
-103.25364778491627
2.510764818518281
876.490435595153
372.99350076794286
-1537.6462666822617
-1652.3760436062314
-1663.4949336021632
-223.19575873311794
5.575278027804816
9.453975522237231
-1.1486075955015373
-0.8863491206748961
-93.3974343100023
87.89349969125267
56.02891068955173
-832.3337725614122
-18.70472580459975
1234.582891829301
-14.125316247190366
299.43927034880426
2375.0984676909766
-207.55209514735665
-4908.229287818746
462.7363892545558
-1753.753019639822
-235.20885076814656
109.36479191343354
2064.2235744682603
-1710.5892789521731
-1381.6950437471176
4798.590910863094
1574.2091818930312
-5318.761451709275
-1010.972434536586
63.94275864261997
-2093.290110704247
-6282.763452571222
2406.6408969635454
-1801.1070755531002
365.31247773173607
-179.845508404628
-629.0306145715826
146.59361653844448
359.48242885576775
-6915.545479235964
-562.5262338366227
-486.11618384237903
171.17765872739997
-1431.5930106798598
185.40228873308973
196.4212433764141
2655.261407514212
2247.5882829743286
1888.9208684400319
208.38297556724422
-1053.4275830537156
-1620.499837545615
-91.85537228046321
37.88002132168861
1.2688952363719446
-1.4405427079743656
-195.0297620643496
-801.9798304962954
-25.995289413874588
706.095253568626
48.973373189978176
1011.1599030578652
-86.66614396248971
-22.497375723287494
3287.926902412466
-1244.1827997780424
-2788.8410410471474
812.0855845970314
2328.0983097362414
-232.09939984737807
41.95112144380039
2682.6740107050646
-438.57719889764115
-267.7230770852572
6375.485883790404
-5805.600505926814
-407.20050758431154
2911.7269232128383
-4.802763027857839
-636.4575670935844
2063.219798307895
-3677.901560039802
-13639.914317045117
3439.7984472181834
8059.0497874937
-590.7952219462145
161.6039852419104
4684.21709341492
-2511.317941172337
531.2603831460226
2843.059730343437
3846.3351039860995
-1164.1201178098784
-78.4715513764452
133.8345733347288
3877.468664575919
4399.655471419896
4992.668949987841
-1045.064232079124
-2781.257140704541
-2454.3686928178995
-80.23426686736576
52.44226105212658
-0.9325003416934325
0.8265847797945951
-56.93992095542405
-485.20897689164644
-985.5881430793744
-501.31024844490145
-31.274901267058432
3526.796584444643
-76.78490305786093
-197.30514349258203
-2119.5030890446656
-13626.475116115196
-23534.624695608603
-4631.65564227728
-13611.688461118427
2232.1017536933155
6.813740911905564
-706.5600055609137
-9255.903622359896
-15795.052083817971
-20669.642989171058
-15004.011826627022
-18622.373135524784
-4119.351336456633
-9.00875731144295
-3277.607544606046
-9762.395343607648
-5921.204562599573
-9605.507567236618
-10779.390180909782
-13895.747036326871
-2642.776308438014
-154.7897662264381
-6949.107148625978
-16929.610703212515
-13092.354034837203
-16668.333951354973
-16229.268880554613
-3266.911612998617
23.30091401393227
-170.49641620552126
-5490.9911322311145
-4421.218503058763
-7200.435442169799
-4702.40918062843
-1237.219692441996
-411.43143047345916
-31.76717462044191
-29.615905426276782
0.538290417469879
1.4176222355190318
-32.96401948648849
6.117301042164912
-531.6405223026862
-549.8855344609425
-108.11298274406934
-2156.7989695076894
15.516706514809503
-137.04335235623472
-540.416060860619
4105.759446437743
8839.035466374027
-1750.7737586203316
5284.61359557386
-1610.8649007676613
-138.49413253518142
-2237.6301783496156
-3532.550962096611
-2490.1361451998005
1027.243925211624
-9065.473948020637
5823.544151932769
2609.7422962626983
-76.1071309282414
-906.666926167838
877.1396874720632
-5628.352503692253
-5215.488157590526
-3121.866299872976
5937.084648229907
3886.307340413054
136.72824448765437
7146.570480686453
10114.985126250649
2130.306102305824
-681.7590535956357
1788.698517757515
3828.5496511654264
408.74760408792787
-119.6687007023137
3857.966640199902
516.0308238103281
-1239.2454035868739
-2471.7247258457787
-1348.100410518186
211.67575484872492
31.404952023763478
33.65190730408049
0.4426082019375183
0.3110973241566406
-38.494799883144516
20.496789849753174
-596.0221175071854
-90.05632085803687
-85.07719204584514
-2249.580557366292
-0.023245020677916135
-209.45444613909578
-233.4291377521625
3475.2288656133896
6518.7364879801535
-1740.4864996550523
6528.610389559672
-3287.3951902715335
-50.120610098977025
-1624.1206372631534
-2498.1194800795092
-1507.111181233333
2104.2868973943782
-8619.137983899978
8985.619874184298
2751.369669495917
-25.010228089586615
-357.0917130651678
875.8457193178867
-12290.83722554093
-4764.9936924025205
829.3510894189881
7203.665206933242
4256.958007836685
45.28176028175229
8465.260860307219
11877.055173012173
2755.8562375266715
507.1927145394423
-499.8216974241914
3423.4190935290185
704.9017199192664
-113.03233519169763
2850.7960362055305
-35.70867984925112
-1848.1139298838168
-4386.339904531035
-2750.161200783191
-565.122418373766
8.723604713263548
-39.383362140920866
-0.6380299195977811
0.4285503250428569
-143.47508015819201
76.22578087998916
333.30916890213007
-1177.483510363079
-33.95023574366943
-252.5661880625519
41.18369464408487
345.61715207918445
1513.3101205205883
1776.4225606237017
893.3169245823743
-1334.6059582104153
-2826.0881143870897
-742.8567059836182
-38.548649273043445
222.8890093987065
-1622.1957600110802
-2623.3624563314634
2490.755547007501
6045.191730703838
-4516.691586072908
-1985.106711626549
-23.870839012952526
-538.2951110662516
-5240.34148484443
4631.420231456737
1249.2336186406217
443.1199799429881
-2291.5911742876906
-1359.6561482723139
146.96327931571167
-823.7389610127815
-5036.124733504054
-2352.0571073485476
-3906.1625101817767
-850.4341716223131
525.429970957777
226.19264502618188
195.60811530865192
1977.5443050121528
1357.9496461893443
79.84014094627551
689.4438434357913
1368.306923354027
660.9268976988827
45.61302886881507
20.127262622548688
-0.4759119117740931
-0.41066393021771247
-47.64500908922354
323.19249245650747
-222.17046354619868
-3602.090655033219
-76.3562761517003
902.5377894764597
-100.69355448816512
-688.5397904799202
910.5156247820242
-1432.5717677969901
-108.42759228747848
1131.143556972477
-5659.342961361964
1755.2767720121522
82.92937029801045
1157.36828631172
-752.7371070664112
7251.639492120101
7280.722464046452
2056.68682552384
-15991.923275731973
-4233.112752451626
20.40629968332639
-5192.118653353748
-8845.018916373729
3979.3749478143786
-10302.14415250368
1649.2645873066838
-3726.8855221394942
-119.77701029467524
244.5155804226148
419.3204928725416
-13870.593685880842
-4328.013284759362
-4243.390923137816
-4889.278586807271
949.1841636898184
667.3574602318107
213.25828693086424
5341.06448891707
2326.7782853079907
5763.261761750528
4300.1687101710495
3474.541081014425
868.38365921878
-29.280896422599685
75.9134240181118
-0.20707375558759972
1.4583436953524507
412.3887844044334
1134.012925537649
1675.3044836326792
2863.5376668588096
115.7215751027755
-781.9069942188321
-31.214785181883546
261.2562962800464
282.67156551675095
-259.5190104073205
-585.711884735868
-3329.9904766237332
-6990.710518313475
-2950.6676352071813
116.05785623478141
40.90129915644654
-1053.1213672541476
-2111.249633261352
-720.6088750875957
2138.724545337779
-1490.592927285364
-1113.964744700762
-0.459458680968101
-4140.231818767376
-7896.830895660345
-452.94471196089114
4915.4641427201295
633.2160992673653
1479.6460129681184
2449.6013546391678
45.663462707273844
-84.39831315956022
-1882.0945745481738
2490.8056025014644
1432.445493955819
382.4520663370438
287.99901991974616
168.97845867223577
71.48644307598003
1012.0522288141335
-339.19795037759366
-3716.293615445766
-3854.3560022501015
-432.56934384043797
-792.8088215538689
-99.40727659062586
7.125405148471928
-0.019112088331588332
0.1723888506520041
-35.99854414304354
-63.43643447889366
-26.454872412782535
48.88739295759247
-13.265892777140424
763.8311370599172
53.02464192127671
109.16271375834116
78.55257648845839
-4736.681061985219
-12594.367222492481
-3828.537506819182
-2190.289569010372
450.5373651943573
116.00334869255256
2379.4077576622212
-963.1216492644887
-7915.278133780791
-3260.7866097364627
-3350.2038324531277
-3888.58121981403
-767.9844377515827
61.347906994341336
-1316.2635601871227
-9587.84517561791
-7511.495723807231
-5994.290695035815
-6249.319123292426
-4684.869647314351
-1462.1816420068462
28.75370044405864
-3491.5120054204367
-10329.432244747097
-3096.3346029377676
-4943.673980254824
-5488.167381571987
-5038.132543137826
-589.6083799841592
17.244428641965563
-1965.440679240647
248.67604356435115
518.8525239199079
-110.2752696287624
-1240.4110886995186
-1840.659416128882
-54.84892199569132
-5.9584305262057065
0.47362527825012163
-0.5558022718521511
182.43390055034695
450.9862334757814
800.8774403580065
1163.2651268494008
141.7417642412946
4265.4253923658325
-124.44101667314607
526.0574357115679
3443.5136157371035
-814.1089969215706
-9682.620669436827
4439.139399213324
-7079.727655151973
1793.1830466902134
169.0014663248865
2530.9656718379692
-4724.9083271544505
-4591.876016238959
-487.03285198905536
-5659.907267710955
-11252.338479278742
-44.67229972787799
-4.41118890729396
-5213.25176326319
-6469.544310952994
6130.582639541635
5378.894611090461
-202.53936163503087
1021.8233444076974
693.0298719271676
27.44321814366644
548.0708534078053
-5723.012761697072
5404.805430710208
4473.442229906483
1843.305001838796
736.481757505875
561.8974194642826
25.78583272703809
1810.219359124336
-698.6224266773938
-5098.864026322075
-3198.9099298580472
-1200.3567191865386
-2343.833737461227
-251.95641166573998
48.19512454546371
-0.027148115216092727
0.5372010078877001
-174.6180314995751
-26.251392664085326
174.16531452642974
-860.8023003899341
-28.12781645232518
-1555.4591394268627
-17.58773110243231
360.3119415676073
566.8675609068478
-178.31414659934825
4178.537768969884
-2754.0880050873457
-6793.816307330881
-3430.144817415363
-89.9185961064797
-1818.8476231212778
-5575.236823165143
-2041.4243608674492
-34.88054455331774
8185.705086222721
-6530.84191334386
-3206.7739578939077
-74.50779796690418
-1553.1074423935265
-3482.391240911843
9543.75746787768
-3433.5433846186393
3407.0149257411904
-1728.1890246729956
-1716.0329777478437
249.9500339791113
-596.5884629481587
-6682.47430195686
-8370.70951826852
-7266.777110660571
-188.21925475515437
-770.1426075759557
-60.58127022423503
317.2346040923207
4787.7969102784755
3252.58649937877
1798.398228415663
-153.5934476090736
-297.0985325435251
987.6493191192591
85.12585100256904
86.15996646643167
216.41683453800175
-474.0349123855562
-305.58603561133395
-613.0584465095354
-1018.2988511742712
300.92532055623343
-1332.7466532737978
-547.9301132138876
-450.2733889355688
-198.8303668718174
438.3612917040463
-1263.101452000548
-1051.3769737649811
-870.7104462784664
-891.6576206918604
-668.3114576090105
391.9436178454994
357.36258941205375
-388.08072842009096
96.60568174850924
-612.5076946203789
297.22130160775083
480.5813662877454
-1383.8140154854627
-491.46107582140803
-133.88975198116765
-123.29427307266039
742.9202637630968
322.78767053967147
-834.1017909372976
1305.3466342453362
-566.6742885023463
