1.5732563301168114
0.9738605327021107
-0.41466481337980293
-1.8743114772118743
-1.9900934518594902
-0.22566510443691107
0.8024530744243696
1.187324816012683
0.11904068003215086
0.5431086271588154
-10.848468372192594
-0.6262885333550594
-2.4295542541623827
-3.060267368315965
0.2727450389709439
1.8546334347544184
0.6051043278229461
1.0143490620468052
10.009604833689593
9.480677681071358
1.06197482826873
-2.268385730995817
1.8393232567505662
0.721288501366639
0.41132322946828564
0.8412751819367289
7.975100795227754
3.351409096386132
3.1254979666125093
1.4775644664604708
-3.271090620182319
-2.552304223660562
-0.3912055349162478
-2.0354235138725314
-3.3081536542380285
-1.0273842005718556
-7.495792843469458
3.5288617823148276
-1.3489060716197696
-1.3219998260261123
-1.4837299584581456
-0.8829395374366108
-0.17959841097864981
-2.5873464988510055
-2.026463938636961
3.909618791106565
-2.172266398479645
0.9599483835888346
0.5634367799884835
-0.04410063084441642
-0.9500895113747899
-0.05665565969302939
0.2291940792108234
0.24124462141052397
-1.5997069025734763
0.7599213097425785
0.04515029731122048
-2.1447265522964325
-0.559274088623282
2.410253279104749
1.1451800078962582
7.1060798224308295
1.5078157586391168
-3.094952142946785
-1.6701010156980403
-0.6090886672600796
-2.7402627507126662
-2.3335646248009865
-4.037122729361254
-0.28168730882913046
-0.9119740788891479
4.451198238884868
-0.7137364252345616
-1.1106436238416584
-1.7536692439311115
9.47380552275061
-2.306063173193889
-0.12258841788376315
-4.751654564569266
0.7709789875796642
0.3674046305534512
-1.895045256786088
1.0900001662533656
5.574495107201513
3.811249440358423
-0.39166143850310886
4.5414696740637375
-1.07503772791271
-1.4397462068200901
-0.07026762864678757
-2.4039969231548737
-0.7198587877128791
-2.8588532722012006
0.9781256577852284
-1.1548443377055344
1.395980180948617
-0.9230145784541698
0.5881114342959203
-1.918517996903256
-2.297573509352378
0.7863798158519749
-0.3892894975692873
-0.9361804230515548
-3.079253425069771
-0.23045581349396202
-1.1570212178884003
0.6053011609837335
-0.8861211060739957
0.8085640005685609
-2.934144459398582
0.8566847981467346
0.23120130684236606
6.032143454871191
-0.863708265070675
-0.23770765853277037
-2.386351330637062
1.089726549129309
-2.2189996240831276
-1.8367030774133855
-7.044907244430225
-0.038638960133461325
-1.5949466007553832
-2.4355080139809413
-1.8582709987865247
5.450797083884074
-4.499932261952987
-4.0750838322595975
3.263417404508413
5.2793249437612895
-1.5410607575335056
-2.129970240493553
1.4589939200356412
5.225189282561591
4.679888696465188
1.7222454282673694
3.0298718934893487
2.3873981744202757
-2.0799800758762688
-1.5313417900590833
-0.9771588157092935
-2.701489170004476
-1.4138437597901727
-1.6707176762012046
1.3866013761062448
-1.51019012044849
-2.2556351860896653
-1.098405197186613
-0.12920590732811035
-1.651985932465565
-0.5563059481424695
0.565155963784774
-3.3316001037234777
0.7251938560622851
-1.5186370543771979
-2.3852419201410817
-0.2572734705529353
-0.7136465313556181
-0.3279285516262799
-1.1345898450015603
-5.481349384205084
2.5577430603631455
5.79421166000295
-1.8452415332532348
-1.1998404528332665
-0.29865026653080773
0.5095376007917846
1.632583058925536
-2.873095219340779
-1.6805517498249611
-0.8388119254879641
-0.38087658303257266
1.1640584159879976
-1.359992092855265
6.022547511248704
-1.6545358546813485
-4.499031514906526
-0.6933034409700205
-1.901904551159782
0.8700032715161435
0.5388786259483819
-0.9277504035164968
-4.4790760739189555
-1.0824342486437504
5.101327761045232
3.774144012422632
2.009222365156914
-0.13236217259454175
0.591431766205179
0.828098354341194
-0.6735476498699761
-0.6331463254719751
-1.646278678974899
0.3649326866301675
-2.2953154187358593
-2.4977913424932954
1.6030647864716094
-0.26697808027068975
0.585231985329614
-1.7647300124149479
-1.716687061512636
-2.3354339694750093
-0.5094804749575136
-0.1255808448766982
-0.5895836103910164
0.5716403064346769
0.5323631671639077
4.437030569002709
-3.723101779403061
1.1379254645267778
-2.7316822048898057
-4.2428461951906975
2.1992760582273987
2.0392520408904646
-0.8403549990128151
-5.549586900474084
2.441719909271926
0.8253368450223324
-0.16177082804614235
-3.0492318449160978
-0.22363845614977787
-0.15390483849767986
0.7082609857913945
-2.0627865245010057
-11.882256953697455
-5.637962236403895
3.4225391753057695
2.313097579057981
-0.30209059806892846
0.3145307679934983
3.515788646034331
5.907650582107114
4.612756374044076
-2.2559476156252543
4.941144864797621
-0.13925812544080216
1.0704768247031133
-1.5863547001163205
0.0962304395305152
0.4898495145348078
1.1366383629438637
-2.5681519412583125
-1.2687522600703989
-1.182956864597662
-0.388745878145529
-0.7405323005223903
1.3227921847166602
0.29986394678007244
1.4668403127980112
0.3741927808353148
7.9270631408498184
13.910471989803096
0.09118158745363636
1.478166754741042
0.5146885500805592
0.8513806693936465
1.3319357996520784
0.3425606030160599
-1.6587229989185779
-9.01323837300513
-4.817141275621376
-0.008026621081899447
1.6406121189344416
-0.6466856555667261
0.5044252403128534
3.445300049034334
-8.594050819188192
-2.163863380007793
3.9822705393621285
1.6448350409741082
0.6235285539715129
0.5774305823238998
-4.338706350275179
-2.2962926305418505
2.6129561859910533
-2.1281724155032173
0.2835402172450181
-3.4536924246577567
1.1265173543192792
-1.4490413091417242
-1.9914777595715998
2.2803618629008615
-3.5815056017225664
-4.869603548006171
-1.118675077639231
-2.3290977166070124
0.9193482213512701
0.14357748440750856
0.2602739571137762
1.6645644490758735
-1.6832329564816155
-2.2387096489281246
1.1687036326059586
-0.5503266921266307
0.7854437225820435
-0.44722024673651894
-0.9820932052088596
0.4841276439421827
1.1399744471477076
3.3193258262369025
3.2925031979014276
-0.21028552702262124
0.4822935750210479
0.2847772238723161
-0.4178972150907272
-5.841347554614438
-5.066594787805212
0.3105521287107674
-5.650921698647065
-1.5836824102299187
0.4355543678800895
0.1521078067256932
-2.439750676522236
-2.304440375247091
5.2674045891853485
0.702031680396136
0.466538252486033
3.7007886884970693
-1.1703566547900985
-1.1554060313733718
-2.1749086402300017
4.435561611128351
8.557516306865622
-1.8659988964346914
0.6447092100200698
4.167413313258449
-0.6365780564908008
0.38280353833934067
-2.162907549885474
-0.9980926366234588
-1.8809089142639965
-1.5275521521198736
-3.668754420032337
-0.9157243507090407
-1.2767155699128754
-1.0925483837068082
-0.31323731177857667
-0.7136116895705089
-3.0392759036999326
-1.155611846637262
2.8099930179996653
-2.1023695217542335
-0.06670796902767147
-2.4240161184548774
-0.9985079553214333
-0.9882906980213313
0.21457201406239973
-5.819266553217162
-5.335508333155846
0.5151801545419736
1.883780481199226
-1.2048626859623472
0.2321171584882622
-0.5252944851965343
5.019981557873297
-9.165682966278423
-7.343638010112763
2.864300286853321
4.867853815734745
-0.04646285204953294
-0.1416173353043741
-0.8530487746713089
-5.3521793342287936
-6.245673570472591
-2.5415932741224605
3.4610486715373865
-3.2433385769892573
1.2189278000237977
0.3985647346212358
0.7679337320441795
9.44049260775753
7.132888903288871
0.27798529112047804
-2.9730923526792
-0.1921303151652993
1.7521771701088418
1.4339820907593885
-1.9655573463282248
-3.1194236134113313
-4.7721280743414605
-5.06960342381881
1.8507754955448186
4.529322787859436
3.368958020735599
-1.0796366435950102
-1.4544073048506907
0.8335494838117654
-3.3797725993794847
-1.094501235430679
-2.9170707440591115
0.6321394335495332
1.2551761815145828
1.0107940719716257
0.721153145675821
0.5136606790761219
0.01158695090780752
-0.22854909780483898
3.9568903429413176
0.762516926929605
-1.0964890523523128
-0.5368939487734778
0.8119654273964486
-0.137901656947111
3.6637858656752504
2.6572735739891566
4.509159449249069
-2.631633876031489
5.839789154304729
-1.3351932585825235
0.09348967692743265
0.481228085111914
0.651211478436056
2.9783268050937464
-4.5669075990250425
-0.705210925848032
3.00559248835072
1.0938446235302375
-1.21682744288911
-3.0459644619296844
-2.208132701257462
6.77182652579471
-1.5903474130752222
5.75754821652225
6.8659404206741
-1.3300657019318025
-0.5702059757684675
-0.4127103560793617
-2.0421087077229725
-3.3542712304178695
6.96010113770032
-1.6585702812624694
-2.1024654453303446
-0.8392785302858521
0.14124395160830744
-0.5378280384089537
-1.0397265786347922
1.1535270804453668
-3.2610657553755864
-5.369457044293243
-0.6041627598299256
0.5284729889355025
0.6048231292338963
-0.6388859287489425
-0.33817370354947685
0.6058353111278919
1.2415522489826465
0.26199042926980437
-3.601707098297371
0.6587991117306964
0.3325066729793671
-1.331555632236903
0.3949169840854944
6.073937071523036
2.5195142054648616
1.277483634900259
1.8302442695314478
-4.840689044283155
-0.12520165561090624
1.0393535327355066
2.15122254820085
2.9475574584780104
-5.5999353985428195
-5.953045588905021
-3.915945162161816
-4.047601208642773
1.4752362082505974
-0.5121982546403
2.2303920287942764
-9.381111385973005
-17.389714578491958
0.941808532780701
-0.12806624225380867
-3.8236084067059144
0.29074853203573714
0.6708025235912191
-0.6896210660196609
-1.2659132310678565
-1.471275170537059
2.1260328300623983
-0.9871149408582469
2.1360260025287094
1.7400134962481975
0.7565239080056881
-2.2500530536448995
-0.8082630402209813
5.847960797635982
-0.06343184205092037
2.122946795792487
1.335509040223868
0.030184677935680335
2.439353209768305
-0.930535079799117
0.6849401489698692
1.9434209823796933
-0.13747619141300305
-1.9948524116788107
-1.6897206764776627
1.6132315678734768
-0.11477853454171932
0.8234817671842136
0.03184398273174239
5.109762856183756
-7.355736905865228
1.6889631909383485
0.4775762297925865
0.8293164250663236
0.12056149364886878
0.7634970166905519
0.38004250804267614
0.527163333969717
4.499399706045981
-2.866726089807571
-3.495092050339138
0.5966748671356056
0.146194901083072
0.7567259443421936
1.14094923362366
0.7611496323928814
-10.730948789775827
0.9783907273362056
1.6918059739105715
-1.8103540720025006
-0.21512635719079556
0.5140100532453356
-0.1735393053390492
-6.739349472028995
-6.386237421473469
-2.51720349687141
-0.24894955365412624
-3.967514183574112
0.5628591097010742
0.19053558379574526
-0.5909429232832356
0.740029333020308
2.8248775362037213
2.478006954090074
2.9121205297054873
1.9932194606586693
0.32386804862694046
1.7390507214654305
-1.4651137455867767
-1.9521083350897344
-0.2905303437263893
3.4392106087695176
6.005049537493833
-1.122541996970268
-1.2107812089996575
1.8604551489616892
0.19561518952365875
0.597922812610452
0.7971578340850243
2.827120464546108
-0.7213215820381268
2.0940265161663674
-8.431371719646036
-0.5141970859811928
-0.8047485454600868
-0.9179962760002409
-1.9315588024247323
2.0118255006261068
0.8688042402201142
-9.484449246667104
-3.323278021445243
-0.3255541123911974
-0.7651774258263869
-0.7069544489912302
0.5615975113328159
4.902726387914497
1.4167186240215008
0.15914581746189777
6.7804834970177295
-1.2285905212753248
-0.9630742182807196
2.2006550603482125
11.214958369141499
6.554389690279489
3.9405665667877385
4.009206627195349
4.743946643116643
1.6092369076382975
0.6596309518375164
0.5755310767286738
0.4061281437694085
-0.765867166439865
0.4084130283010508
-7.152192303965794
-4.163400645461326
-1.1759248934700033
-2.325411358548191
-0.45827587740722153
1.0836646995843224
-0.42966837409536984
1.26864893052119
9.816765511409566
7.765855878814086
-0.9494592922496937
0.9076045371508134
0.1573660292040526
-0.6496652408034577
1.8329244978068173
-1.9005051754092137
-1.4051935641083213
-7.4870610311877765
0.023900814479790297
-1.7853370980659438
-1.3911876810301422
1.388165870686825
-2.3321305177094236
-4.2927251988159405
-4.346656415508036
-2.4698306783590027
-1.2039017618341796
-0.574546460579308
-1.836166561723014
1.5363288550136702
-7.0192985710324685
-0.15626608325181393
11.86713292932169
3.3291836658770633
4.371501030566543
0.7469015222417409
-0.11252944238512065
-0.991282821883782
-0.8262343696980815
2.574926757617811
-0.5380737039296095
0.9162843365359656
4.476027809320342
-0.932477357789546
-0.21721951107900803
-0.008039787995660337
-0.5926665558186649
-3.0613385124921817
-0.1463102478506739
-0.04010641503550548
0.26927028521139845
1.8040259151677007
0.19678481165879794
-0.1925673426733862
0.07193790991299856
0.16498258279908856
1.844741022351158
-1.4383512493647366
-1.4006547661488216
-0.9628322088984634
-0.6830980053774753
0.3799216141062936
0.7575968355138812
-4.212874478433449
3.8201045252585737
2.2611233670117645
-0.3091704808393679
3.680587876574708
-0.39927740460354333
-1.7865765186426046
-0.16413033519010597
5.573869751877269
6.053340948594174
-3.0410008756875304
2.7242846703636334
2.2445225776273108
-2.875339639960073
-1.9461708360461372
0.015893307524847085
1.385249522967956
-5.71415231304293
3.0803801304210627
-1.978148240544377
-3.7573656781237657
-0.9851681160141993
-0.6908915927360555
-2.339465927234767
7.035180033253101
1.621664513579612
0.9031659664229108
-0.5447570509908173
5.329625116685641
0.3781570865930118
-0.7695227292638411
-2.6327726484832685
-0.233253294579654
-0.8462336211529897
-1.0155396221660657
5.5740932733410675
2.932169972805097
-1.0050653369383604
0.8878262621678017
-0.7650580498176276
-0.778526808810847
-0.36611631627942814
0.5512644966908754
2.6846293584800294
0.3312094565458605
1.4438267779693599
-0.8106404110512468
0.29480305428325876
-1.1409069210479668
-0.35634703459349815
0.8638687124072065
-1.0335003481980978
-2.733491404622602
1.3503705846602796
1.0984789216163402
-0.3799620326543191
-1.4600234738494595
-2.101078987249367
4.461212120864559
-3.2281374712250317
-1.2755915207702113
2.804034138966123
-0.03671548191370352
-1.2631015048021184
0.8630131395064071
5.838285242068239
-0.8731283794763699
-0.5035339324145774
-4.677023539573036
0.8322596801065947
-1.7916198157161844
1.5950350260875037
-0.6728096303782115
-0.8544131492361875
-1.3655556468601873
-1.6305926326611362
0.24959319530010732
-1.3573657184841732
-1.2359193053986781
1.7607155127335263
-1.0382988060801086
0.7256309764733253
-0.07684618597726042
0.7729585449658799
3.5059402288610912
0.45290437840682524
1.2165523400256288
-0.49366033020497385
1.2950696737509393
0.035616392309941444
-0.750305265286271
-0.365438282862182
-1.8066047310388167
-0.2781962462394317
0.7850955032190592
0.9412231444175985
-0.7958625387250858
-0.6193508230438521
3.214841408411468
0.9436069957979039
-6.67164580714727
3.5590016046579485
3.588217033713758
-0.14988879138201075
0.5669359622411266
0.06671379374020348
-1.5775530395795405
0.8049566437026268
-7.4413824898538365
2.1342196778836353
-1.973332563607397
-0.2811200094118144
1.2326948656378693
0.9781387344381737
0.04411307091950844
1.690591903748165
0.8856326384606396
4.4334974840482495
-5.696255363078621
-1.1519623895109619
-1.2172419044435077
1.2896918642340207
3.2151561905687456
6.38804761402799
-2.1326148993057354
-0.6133131200092423
-1.3483395021838394
-0.16249695366220968
-0.12257918642139934
0.9262041875741467
-0.7064151911276274
-0.1315763399390635
-1.4391707916770013
0.8829097794488295
-0.6066617175665939
-2.799845953199252
0.12151921897502757
-0.13643296706483748
0.4917692245998179
0.5413330304683751
-1.1121629203122096
0.2194399776766707
-0.28376466560924163
-0.506905200129461
-1.69532755746587
-0.7107221971186434
0.46593530714206566
4.411454717019833
-1.1920374553617257
0.8606008443407495
-5.70911107034712
4.157946686659384
0.32715512780247025
-0.8963224916656521
-2.3693103924153265
4.759317208656957
-7.194658674321562
0.5725377953919465
-0.909321668983157
-2.8949947801307694
-0.12242538879987942
0.20358258987874256
1.1631270669958618
3.5827857578753366
-1.5068957699451875
1.2649871925640492
0.058326310854803644
2.7215132660725376
-0.7916887821242198
-1.2631301991277728
-1.8491605457061715
0.24979231416601097
2.864686392277221
-1.96411097388829
0.8065196737116618
-1.5201778758716809
-0.4839970406472666
-0.5466172124548113
0.35608668155162077
-0.5238508508209115
-0.12652743248903905
-2.2341729536784434
-3.000911480930048
-1.1334236107926412
0.8654336962890304
-0.043858457962763456
-3.055647541506097
0.07028462981065386
0.29018007227283243
0.8663563158649534
2.8654814222505602
-3.1098191279897383
-1.2641442420739237
-1.1013979821106414
-0.05371784573522536
-1.0712264207688937
-3.7469552732119458
-2.9058015445808976
-1.1874661484454532
-2.928961363718925
6.336350113533029
0.5758012019407015
0.7294897772264671
-0.8257123524432548
3.8953577832932926
-6.965761976905887
1.808805829538519
-8.387477673872041
0.15835109265785557
-2.091732536132819
-0.8715060112930658
-0.5414431382329871
-1.9585324800724548
7.599703658768327
-1.5399859690281819
-1.1961056434464479
2.0299299529984256
4.440334774722779
-0.23512408844779792
-0.21862941711778014
12.525890511028154
6.582213126372138
-0.47022824768856414
-5.976719710492108
2.152732763610437
1.8856534947728898
0.0074511531592998306
0.40030028548047175
-2.579676015887688
-2.1787883447316316
-5.548735083268309
0.08533466148156753
-1.4598201492528393
1.2716056324132252
2.0758129995738464
1.352035663952634
0.11584625963808486
-0.3169444804085935
1.5724203976476692
-0.26139716744087954
-2.1229299652953606
-0.8271765248966078
2.33693986468976
1.5232122411794506
-0.6488940398933647
-0.5163795639385428
-1.4137020436356564
-2.870171304463017
1.5274993634478196
1.0991108258121092
1.9640910361631405
0.4239550940767004
1.1037841125533276
-1.3511139851935354
-4.430576727622621
-1.9298270808222802
2.8071832047661966
6.0572389528035
-1.2418006677258129
-1.1104049170590056
-0.505581001479789
7.305230110532288
6.030303398413268
-0.7711692043705591
2.2994258387093756
-1.998643592066598
1.3883878914738483
1.1550002471105953
4.090883124792377
-7.896596676208146
-8.916667660549754
-3.903427439729121
-2.921505026887436
-3.3825934865109026
-1.5183707100075379
-0.8198217481980954
-0.7102216734222146
0.2852586297414056
4.015787140371992
-0.1178004487222771
2.1958042358319143
1.4822777107075338
0.775372617054547
-0.37846423668617957
-1.6550673810570473
0.2546485778507478
-0.4700060454651319
-1.5071111013186578
0.37523352035543994
-0.39675517970018787
-0.8709580593470558
-4.398814941263088
-1.1084821232434907
-0.2567567509899264
3.8753053544856013
3.3552165651451897
1.4272643662861366
-4.069966902579549
9.018001955573865
0.5106342731569673
0.3764788021472212
0.25386648473802315
-9.031333675487247
-8.902847078578874
17.03039525414765
1.8162887751905705
-4.328664820856163
0.37779780999400137
-0.8941697281991285
-1.2430980123596196
-0.045865277031818016
-0.516222870150001
10.219118987370162
-0.836610859195551
-5.574318956674602
-0.31683822722930555
-0.39205486982635895
1.4549911826911206
0.4613865103618586
2.7528001987807333
2.0906901962913604
0.45489924229158
-0.5710916593059367
0.321547938649058
-1.4985888397272087
-0.3545170177427249
-0.5554171803179178
0.7578768243269142
-0.1553222530621105
-0.33289979769018385
-0.05040491642626002
-0.7665717289981475
-1.0172932620300215
0.4082555035368403
0.6870298649896699
0.9418216962734043
1.89087729698734
-0.6268551223614026
-1.398314907450759
-2.148683259385354
0.4576329712766755
-0.8615848585469231
0.9214030657060724
6.0171655958307735
0.7787180958763936
0.48093101048410086
-1.35787753988052
2.349317545723322
1.4171067168642495
-0.2789996124831982
-3.6673985252619232
-6.718988850231216
-8.102470165264874
-4.474714713985583
-5.882870453663773
-0.3809640227240121
-1.3993212518789815
-1.770851522939424
-0.7338916361539467
-2.9612416326372704
-2.7943555960003015
-2.351658368360428
4.329093403326296
5.054865471142949
4.309757745734478
-0.9019695568413691
4.988475905404822
3.952984033623017
5.611988230953962
0.6769454561193378
-1.341547330608785
0.23456624469237494
0.4622629073486602
1.8440280699874052
-1.0878691203229494
1.150220341082253
1.1308383765260042
3.763395161891039
2.23089900343677
-1.1393513537989841
-0.24433423030257223
0.6751443238807117
-0.1109648804341072
2.4190991563400006
0.20866005313560979
-1.1581566636759721
-0.23194427846264393
0.4327551501399917
-0.6074722483001536
0.026658797867430587
-0.23996586620094223
1.4686616490894895
2.4629436571925423
2.0974317932422806
-0.3290222230562157
-3.631046753594584
2.4184710333930606
-1.3135020189655902
-0.5963721832611614
-2.6348618267893085
-1.6726740744541064
-3.3137335533528844
-0.6342516924260727
-2.4840652741988563
-1.7536996296255813
-1.0149360172697723
-0.6330344822370199
-0.34045688323579115
0.16759202373375548
-0.8501517784451729
1.0115767763704147
6.92159711001193
-2.914844684763097
0.3672757302213193
0.1338179814506481
-0.09397121370741301
-0.06422405746186258
-3.4838066024237513
0.945922672718786
0.30676570781578427
-2.384418805083881
-1.152160584729437
-0.17500311410916652
-0.17493769059482464
1.1965093908043156
0.4343990591587648
0.5181951113988265
-0.21119311955746023
-0.5875254035250014
-0.28167606042399385
0.5630899164036235
-1.5056230245145283
0.09892502074258454
-0.03891690451011056
-3.4510856704397397
-5.390508869773793
-1.921422733309537
0.6684967788071606
-0.08900867804626864
-1.456161004867557
0.6294960952756831
1.3494023302058107
1.9904804541201104
-7.104682289533233
5.4305939639780085
-1.2657781705380453
-0.7827446015699674
0.5215870285666782
-0.9581504304478708
5.793067140214831
3.113456448678448
3.2783335663798536
-1.4074912182544304
0.40205523529214593
-0.7725502630201535
-0.36627345512515264
0.21168640303595612
-4.596650180063639
-2.810003212645248
2.676894143853649
-4.118443344166197
-5.457316625495204
-2.153408146048664
0.9390613878978422
-1.582250423059651
3.7293736550172247
5.207367327730247
5.086128560374479
-5.680975182421214
-1.3256233250156357
0.4220002917661736
-0.2321902360873028
-1.2254031671742547
-0.925439429581792
1.883449666151697
2.5995984678361315
-2.318064372421735
-0.7997533951910423
-1.4024130820935612
0.6698465344175164
1.4481086269199885
0.6285871459982378
0.8452806608334386
0.006726116052397662
1.7568092413733079
-4.767489870538731
-0.5797257926004716
-0.08548300008614672
-0.13723357671898073
0.38809315295895097
-0.6035268539668663
5.775886275154127
4.677892661968532
2.6914942370003403
-3.1200945725664253
-0.5836086878140235
-0.25338232577019865
1.2814654778276577
-3.30205907533301
-6.120946153844004
-0.2944344889706509
1.732690144827937
0.1093730086339157
-0.5477995947089477
-0.4203375606447427
-0.5864786410825127
-4.463289844381319
-3.983695960476687
-2.475668867387443
0.2845798640036917
-1.8163620422291478
-0.4761592884469653
-0.5230269506132271
2.305443978498192
-5.179387905877856
-3.642231707024159
5.786835781600335
-3.8064911654334175
-1.0786669742340012
-0.1878459259126622
-0.045069151860695
1.0958654354504842
-1.6785526349194055
1.1296696478347765
0.48805068391826173
-1.5784065458993533
-0.032031226502978946
-0.6526445424909056
-1.6663161630281775
0.9292789583893972
1.5501654399855198
0.505039111878364
-1.6807212591870444
-0.13662339723102065
-1.0916385733407892
-0.3853500114299466
2.610933204207822
0.17510600552461617
-0.42481948944590003
5.471176417459572
-5.629637621869716
-0.9833127736843478
1.2498601962657367
-9.794775361272807
0.5809376905798915
2.127262024985718
-0.23219012992105453
2.1518767293651013
-2.8077153444938796
-3.804198796656739
-3.7730594610663992
-0.6294007795219667
1.174863716794404
1.3714513627144505
0.01867177741457903
1.9724065182091162
5.819005285663263
3.6054057503606622
-7.73120335981306
0.16644794133600657
-1.9986017439773887
-0.6074885979750835
-0.05529917480899034
0.5677818420022316
-1.2955967534839357
2.3902133433176247
-7.299427885270299
0.3256344837027106
1.3343741761634833
-1.0932984035590265
-0.0632327489160792
-0.3481385170605836
-5.134542186366625
-0.7990312190441908
0.12412723342845228
-0.1003507568345251
1.2019287510220455
0.6595388239928945
-1.7120208585362866
0.15797779362159517
0.02323173149564051
-3.4989472681701823
-5.229330962243924
-0.7958540201389215
1.456916932455499
0.6660319836958554
0.8563044372826663
0.7714869453744568
5.008920464928713
0.06609379913040625
-5.084344326446167
0.7321679438759799
5.596635692979527
1.2900775059677596
-0.8386263455051466
1.343971011150775
1.695551505894294
-11.911782943648848
11.579372283300753
-5.950475814659095
-3.2350884261374806
0.14369646106464015
-0.3453254701692298
1.2852054726483704
-1.4817724924955349
-6.402937332005973
2.0969016659906514
-0.4924599011046962
-4.729312000366272
1.5805695553836272
0.7486764672007833
0.041221410539414985
-3.6722274031740447
0.7819895974686225
-4.202261132778375
3.034958592220349
4.276898340694937
0.47944825810152036
1.733296403374642
1.8200138907824999
1.0465995316764698
0.6908877884969011
-0.34002318285358646
-0.388475592916021
-0.5141588978143394
0.5234719329610276
0.9779228840446699
1.3018941808041107
0.06323705919212436
-0.6717825154466807
-2.5117591086322624
6.55269433919104
1.4841560308123836
-1.6929829818642805
-3.6511594904796967
1.6352892354092377
-0.3880695268831991
-3.5059141658511503
-6.452845062388703
2.135236914971965
-3.3111649233990956
-3.6812825159818723
0.06721317689656596
1.3843324999066349
0.33331143609670033
0.9947839874857922
-0.6595043055167339
0.5434071889637433
10.139727309446936
6.946617813418672
1.7014791761683319
0.0039005837516903744
-0.6630796745128429
1.3332212778527641
5.562611721279265
3.764051719144157
5.460421951828289
1.23917550356238
0.22554306961025966
0.3500703425852008
-2.5532948445060084
-6.1047299993147
-7.0948798234907775
-5.081577648275832
-9.006212674941851
1.0826905002236011
-1.3841290677354658
-2.941043016835545
-1.1958262414734842
-0.36250655752232747
1.2126096967217053
-5.841592061159344
-0.3893580997840903
0.8011650087871284
0.09258655350755254
0.6271762175079477
0.2210698011300325
-0.09096166137725882
0.36519191643078863
2.444482772340768
3.058392913784564
-1.9570670707088216
-0.015694585929775386
-1.6282544394732712
0.7125032709282101
0.5237360306975312
2.8442145615115937
-4.102004674119178
-6.415909755117077
2.085155313569882
3.707252950292408
0.30466196533815004
1.1410534289222924
-0.36153243704849675
7.521675754110715
-0.9958125165674068
1.7276533645509546
-1.7771110745801801
-0.8764500056258682
2.0516657116814914
-1.068916712339924
-0.8450964075502694
-0.5036619930179752
-2.1571903531582106
2.849865748497931
0.4567993418252002
4.7268271575997
0.3807394096682588
0.42210439436118835
0.08128472069191764
-1.027323336127684
-4.090053153692177
-0.2937842373904019
-0.899852070193754
1.5371687135161285
-1.6385393686683745
-1.1423598674945483
-0.2871995731127212
-0.6188636206613959
2.4315506889401775
4.53350236826292
1.020484600888912
-1.746057470686501
0.29783890659655904
-0.049188498933278625
-1.2178468043628456
-0.5857949010412814
-0.26602101695470404
-0.6719692301831636
-5.891480602857475
-0.2026090681875116
-1.7920710170170782
-1.2743555623853444
-0.4001586756942677
-1.670876268684778
5.770811313254443
-2.78001653140285
0.23952281824481553
4.966326667573469
-0.36246689062573173
0.6771536721895225
-1.0291034754093766
-2.833121637735888
3.5567855908737043
1.5307519173846846
-4.544200571677746
6.835481081716426
-1.2521631565919547
-0.3676313087324541
-0.6453110526034679
-1.0294580949909593
0.911757520562434
4.595403841637655
-9.380096954636494
-0.15776448112820218
0.6122606621799067
0.24559854370758896
-0.7123518860146457
0.1657803092279096
-8.598544977673921
4.348246358134627
-0.4925199535151267
1.8974296524104681
5.001334745725881
-1.043779487151472
-0.700648823073646
-0.3211880486993534
-1.8898447321764633
-2.1420148578837623
-1.8798963243239646
-3.1224459298322658
0.8408995477655993
-1.6470515968878459
-1.0579748827890703
1.6310914251391708
-1.1303837357429727
-0.46871160806171164
0.19475406799655462
-2.049463827950041
-2.090463954933529
1.0994881737010846
1.066494575804426
0.15954812219184072
-0.19683298019038084
2.2766720691883764
3.153058684316418
6.642074158478979
-2.30634209920356
1.3414581959549279
0.8222487157208543
0.8898042655194512
3.234986683981595
2.936950135547584
4.8082441793735695
-3.3585544608032847
-6.136410130512656
-3.9285667509436815
-1.1225298859123596
0.153108697797385
1.0126453985259556
-9.355515176302644
-10.819238376975246
-4.027459390476344
3.472936224442474
-2.5911211928207956
1.0294637368923192
1.57095507868248
-0.8688268311140218
4.349054192649813
4.241295172790876
-8.609645802699355
-2.5868886802829607
-3.9033902295062655
-1.1980426032711284
-0.34675864154204394
1.094446756510444
-0.3565161029481628
3.0107769563298485
1.2960933160547066
0.5265896257270181
2.2491956544621194
0.25420253340724486
-0.4698363848383774
-0.19076237986895772
1.7684613534709464
-1.2903103465200045
-1.755642492007761
0.6301783675128446
-7.863809825822815
1.5627246607040213
2.6369003974986254
-1.1144204044290433
0.7914967717581617
-6.907867579944174
-0.7705172388908117
7.297022206726171
3.0204743481828222
2.227012050627436
-0.31390500782531117
0.20355857911218445
0.17027392311027315
7.094593592392718
-1.2831454062066758
5.780750368874543
3.7673124758022056
-4.987459690269771
0.21962376004248244
2.1025915575575866
-2.870478288012625
-1.185678892616612
-2.1660253303694534
-4.605633067170744
-3.8700411540272524
-4.986289170659353
-1.0415006938924107
-0.10294168671492879
1.8631303485838644
-5.048953466839823
-1.1222067718032793
-3.9693726427573375
0.11392232852246166
-2.365986252098211
-0.17231284078797335
-1.3834062871943924
1.28110138863045
0.07286461062414226
2.986761097359814
1.2864820448490781
4.376076204846654
3.456395187001472
-1.756092104437738
1.2576752052929867
0.07685584888020906
0.6152333437508286
-1.8845615593587366
1.3090287627226065
-1.5843164535831655
-2.9217163274967617
-1.5439361848444522
0.3517349735305227
0.07040999035407002
-1.0840070758544318
-2.539668973712564
-4.082410503688695
6.574850640415926
2.6466352549727907
2.429801436865709
-0.05107966541492672
-0.4992555198825905
-0.7301877126339706
0.9857193081719616
0.14273142854668347
-10.526462305264856
-3.5554319272335557
-3.693801183324238
0.4604736903340419
0.5924864063928772
-1.2042579913247344
3.045745819340079
0.07394029818511628
-10.029623941823035
1.1866121767801825
1.1489963184273049
1.5848583884229088
1.0139860033390473
0.8242671200102075
7.3861084531379895
7.023756448309556
2.304884795031554
-5.137969184029812
8.205919933523193
-0.6438237825593067
1.0456010678385521
-1.5145990669333376
-0.11891492756421339
-3.078403137056018
5.75660500800949
-0.6247129060730164
4.928155315634789
-0.5705974093139623
-0.38985353152066377
0.60881347385382
-6.971904370878032
-7.039269364146831
-1.3865853268797423
-1.1500757165153523
2.4725241326147933
-0.9739155707130227
0.3804449977566508
-4.341857308088482
5.234379727711328
3.9594925074517606
-5.225682218892374
0.23860521807035528
-7.4104574227141455
-0.5825365858915221
-3.5628558439277587
-1.1249096746962277
-1.6831340228859895
1.2428831152393125
-5.1641308521511995
-2.6455721090734903
-3.005245972507697
-0.9308977149742264
-4.362748192890407
2.884945814135772
5.074272519501891
-0.355999452971709
-3.001098640173714
-6.01582255929806
1.975138745699036
-0.02960922879487801
-1.473066652688079
