-0.5483772268972357
-0.22685914017393669
34.76877886772767
146.62183845040823
-93.38886758702391
88.29508669460004
-44.18132581060867
-457.0458542952726
-7.975485443197236
51.00621598414266
138.43438374948605
495.69307502590044
677.2706748661841
-1189.850672585632
1987.1342888224465
378.1527742938528
12.219526841713456
-132.21638073524255
653.5291637324685
-454.2173239501801
-1606.0440458943326
-2117.2030279511887
1684.0659242198733
631.8716529446319
-54.03391525316668
-395.3241640932174
93.41779062881824
-2068.3517895576874
-3531.705051472585
383.23085601984826
956.6537461692157
579.4519859241041
5.94150044462957
894.5553131849244
979.6617943949107
509.0391250727289
510.38213230123944
1035.3671093740454
668.0770115696208
-150.59738037472
-2.8927211051523893
197.7250618103376
-90.07869409916881
519.0969350115954
819.2986749494413
141.7467957185546
-609.8897043002383
54.547467571705376
21.31930287935391
-1.1475874991220165
-0.424109142660772
28.95154018126287
239.8785484676968
464.2351089189346
375.9151156698365
134.0028043909192
686.905227054207
33.825272360473335
115.55461554938685
1279.4230446214851
-1444.440239905349
-977.0935951021474
-1457.8803245626011
-5162.149667158989
426.6154895466856
30.359249582250264
-6.364013431951642
1497.4750526165592
825.6528599109549
-3733.483892720345
3095.0439605886445
-4567.286502424572
-1195.7504824415353
-77.72643515385474
-715.6329013091416
-1497.3238784363987
3148.4787381745905
2514.9734230170943
1628.3427803849308
-2216.4221571490907
-126.0146919544604
-30.595854798566034
-2777.3503264121546
-2499.2235370156604
-1506.3774520080276
-2273.319649832959
-881.8682914215743
698.0241680782605
269.70882998059267
16.605587763485694
-963.4153731189037
-477.61388132890346
-1627.576194243774
-922.5406691583282
141.59893840484378
621.0929608951218
38.58677372909384
-21.759919983273207
0.09255010288697503
-1.980689328465211
-111.5085254200338
-195.50902393210578
-1174.7310281557347
-1109.4484415498368
114.81161500520027
-683.3333044504393
32.68119638806848
-1.167300884770983
148.2399746260687
281.80895290177364
1282.1190864409377
681.0008926793765
1722.8837802721432
-832.3638708643026
39.59686687288744
1942.7187923543026
-1080.2262808344142
1534.3807068506862
7252.822704243414
-648.1532281503574
1191.2371243918349
752.861420959762
330.3996627994037
1231.4749592034273
-604.3480966996772
-3039.3263252202814
-6338.271086792157
-1502.1120579232852
1415.8524789751598
-750.716521668866
164.2999197363488
1065.0390900738641
-2388.549477810331
-886.392930346772
1385.8099935518105
321.46392509209227
-2729.4783441239492
-250.43444029197488
8.291187436592065
1716.2560442462507
2306.1907984117934
3309.705743206182
2089.1017284519025
1970.3560278459825
-7.272265791627392
-62.39890124211033
68.31989206383537
0.6211456684618172
-0.610975590644085
-19.692258358782322
-73.51165490798023
1012.8433285278962
1629.7342105933424
103.4614092675999
-236.94972375386513
-70.61029848925213
-426.96225674808164
-626.8504364106509
-1733.0953810385927
-978.5911958107024
-1297.324755324578
-7843.484979072005
-1530.6272963041058
-60.115809040057144
-701.5136735802972
-1772.6084135037354
382.85009969436993
-831.0818972736688
4616.321447748686
-2621.289618238068
472.3172697334556
-78.63507283305854
38.41797148954301
3133.484113489655
4402.375726799891
878.5637014605569
115.10935942045283
104.90139772217384
-2113.2481598504996
-151.0141099465162
-3879.0691049098837
-2279.991076890496
-3748.750711496249
128.42869660665843
1091.6894054039437
-2761.499649451369
-56.22080145110821
-6.492519678338424
-2343.9794863237535
1482.1978430409822
-371.7330049698308
-2130.7083681785416
-250.81215758327318
963.9955337102958
-88.32692825011813
7.6066052182277595
-0.1348009658711727
-0.016999855025721038
39.53162831200902
314.6872008014133
579.1149679036375
427.4343907992805
96.96823056224514
32.68323406076023
17.9590341958247
123.06329701472632
1800.298793213148
-1199.5133516503506
-1181.9907860409521
-2774.5570494677427
-4516.034907729371
-107.89051824818556
51.24449677150581
967.5873353432496
2412.230330295375
1046.275756374313
-2232.8546183516387
4973.556679213524
-3370.741512735161
-1096.9567944737084
94.12853038687416
-491.7274057498537
-2452.7459973184127
1238.0640127973525
1405.161713362456
1876.5402656994422
-2042.1765831534233
-220.50481699680827
36.14686977172255
-2812.702171211606
-3653.910574945516
-1985.119048450631
-1708.5588063633163
-821.1332005898554
-366.1378481955276
68.67830868434956
55.97318932856754
-1234.2239919903475
-536.3640210320689
-826.2683576159608
-413.78404396475406
491.5352733417857
393.50617414069103
45.4181099353054
-17.19962840024764
-0.35557110730838243
2.1339336151800934
-32.341731736046185
-154.6160681018927
507.2971340480735
745.6756416820375
79.73057704548076
185.86310924098404
-47.581146996256685
-131.01196777405548
-216.03739249910706
-1658.3240721444947
-2518.648632573864
-1097.9094747817169
72.74537016537559
450.7548338462092
6.157755029988013
301.3934672272519
937.1401531200778
1084.3600766808472
-455.07974738342295
-2577.25332677962
2772.924083944344
1090.5346486813287
50.37933097322241
523.9712608151843
3675.07405146979
-2821.2686956585344
-1974.2672562937062
1518.2182088080824
1016.2285090700757
30.878643337476863
-68.13360880125137
710.7286995434064
1872.7350177249734
708.9380179344431
2466.970986726171
18.257058945694425
-463.1453228018254
73.22428335921236
-2.594560638829588
-970.213206058153
235.41057843331197
-325.95079027286295
-1512.949872741035
-640.7047526774749
-996.401780677825
-25.574757502169998
12.52743267905537
-0.5815758365659767
0.5834847950537517
-140.65119340873005
-437.0181676908271
-440.9708283223792
-117.02292409810396
85.50416791530165
706.2965242855977
1.4931180927838332
507.9842303210271
2377.360154252909
1289.8908452543672
-2487.5624163165585
1532.6812343428508
640.5846274912798
-273.109953191201
67.08588567362665
573.4933567111588
-2733.795197049131
-2841.329272758598
702.0873760322165
-519.7992467579644
-1225.7345899980176
-255.51730319299426
-28.958652407686902
-818.8891344494865
280.19034041396276
1029.2814516916546
-1807.26500251489
2356.1298725850647
1648.2041883329343
-359.951327397021
91.34149972308727
922.3384504663479
-1296.544334770689
-923.5929389797919
539.410698043333
1272.5038400099475
203.60385693844262
162.66907416666524
-9.498023929299704
2044.581023340103
1636.6575987317062
494.5793656473536
235.85297674565138
-480.35609950183624
-1163.1255039440864
-16.226327861799998
92.77786277049613
1.1703477652371486
0.29305246005458235
-92.20769958338882
-419.5163844411685
366.63920497856935
1185.5709814408356
11.862770105407257
65.2617040519041
-59.404924761202786
-74.7661537219659
118.94406336630465
-1429.127370608898
-426.46262108698454
-1567.5678629029278
-2095.9790379219094
338.662114323568
-47.99429147657072
-970.3149340063978
-875.4553844252011
-62.44297631663218
-2592.2089217843077
-298.6093617602698
1267.0444621591378
1440.820563803369
-217.08858304859467
-266.5433495212949
5676.199264784089
1700.8637032348026
-3851.0047763727757
1861.4214466758694
1218.7685558910744
-1152.447250391686
-150.48376227706726
-946.9176255439163
1389.040862915329
-1884.1463778494353
1116.2722453783383
1622.6831583239475
-1129.9301684284223
-45.06767431313126
-0.20850331800722757
-1396.7514253131283
1257.5076006997042
697.5887540130932
-1122.0468525624688
-1009.3061972121825
32.364357753693206
20.272279832679285
9.997925342588967
-0.682357795440281
0.17218177427139728
110.58149105383983
430.868069141248
446.5281230101358
133.37634402175064
-14.76885209829762
-549.462819646485
-23.333645249525688
616.8586459975536
2661.665413263173
1582.9388350954193
-265.2795467474994
1098.6456588496949
-2515.644438820373
-2465.330617097562
67.10378439018166
1072.5741280992936
-1376.2061010694467
-3441.545834740587
-127.1674794588227
4725.843371941554
-2628.6562394867133
-1866.9145265544687
156.95557347487696
-873.9914981572061
-5428.9648774123725
996.4090988254034
2910.082925013628
3170.6358865842026
1391.8243798496992
501.44357056753614
150.93369220771183
610.6556195971524
-2437.5414988897423
-1121.2826308036388
-624.332168507144
649.8770843469122
1830.3927605974186
175.72029739320547
100.47940959307661
1970.9816539466942
-91.39034187041486
-1691.8231442108486
-1246.841416755303
-365.915947692679
-514.5965671709454
3.568286118039251
51.70383367860755
1.5354462749107518
1.4016026788178233
190.5240740895089
660.513005230665
1518.8092707626154
1452.9595583542346
-63.03641788601285
-828.738325108075
-59.65454965757776
-95.37548679788141
-55.01424490767384
-574.8524359378414
-121.63544447000693
-1127.5627753625072
-5013.150702970027
-1846.112284641752
-2.668029537822245
-375.77787483799096
-1208.2623478690946
-1407.4854490690796
-1847.6797545961856
3557.969585439865
-1351.2920219577177
-566.991711600671
41.3813854587724
-426.7335470080029
-2642.1531686435196
1466.2073696563034
3282.516632977348
28.725918400799276
727.647847527257
-230.27721770436062
-36.73900712265982
-1311.205841926771
-1290.1738321083585
-713.1759521953627
246.20455310953503
278.76659193883256
137.6224220961439
-21.775350777249145
64.7492465278822
-547.3699692003561
-258.1627470873552
-2444.1887026156655
-2510.3547202438385
-598.9712530925472
39.31451873670078
-23.928327771648174
-5.519335562548022
-0.19499565974540362
0.25544834823923784
-69.6265470305125
36.64631723871528
-709.7762632070182
-1127.5799131192798
91.72116008384556
243.5321597133895
88.25775872816817
57.02113850785757
-422.89236813648273
-3808.698385879987
-30.320665276973877
-2008.4641467492502
-5018.542511286227
-562.3722091494187
-11.767384658253565
-569.8363503589105
-819.3405014798001
-1247.2874268070266
-4003.6519304174394
-110.58320372080603
-8016.83765825717
-2387.7743845710484
-20.44373754334762
-627.4894451980293
-5533.737070116484
-2509.5110761386227
-2342.5959846526985
-2487.5237689935193
-6159.505534669663
145.6643580041694
67.18781086042077
-2584.5147376268883
-5310.040343678284
-4248.4214303270155
-8491.221584455481
-6361.3796692884935
546.4322293974939
177.1669351771228
-1.8306380522594299
-431.7373165087451
-909.0835099250057
-1231.2738733402368
-778.9768749538093
686.2720791164039
2078.295081728861
96.86803354034411
-61.465271127847004
-1.579358559514522
1.2446740544251453
342.8489226288036
1249.5295214001897
1300.3258141102044
1072.6532850231977
-107.68678068170968
-173.3907302865858
-10.005596455024428
-97.08776457684903
-1259.9070646489577
-458.0393252306809
2393.5014060799676
-1082.0155231655096
-1028.5957577095094
800.1210856840214
55.5996578494589
-1018.0781177688052
-1839.201177292403
388.1823604564998
-1727.1614548989412
-5424.0790649094115
-1387.3938333870797
1369.1781380001323
-208.9221657840256
-1946.98204630789
-1850.1264361032675
31.191665690767522
1116.6825165558432
-1659.6740674866774
3073.7159752227226
1201.7821283654391
-122.54198858287685
1022.4750209308495
3401.999901048049
3505.3155190092907
1325.593684040504
3142.8351596353496
2198.742076322191
-234.09786934727015
-9.174404128766028
1486.541860582865
642.7067625694648
-1305.4170427278484
29.67226738355616
798.1187233291423
-943.8805231333157
-7.7821433237845845
61.664479248474194
-0.6578583484211201
-0.45140582708646476
-14.17695363523588
124.12264602671993
-877.2583284433914
-1198.418627997826
27.866263820281212
91.653490777691
81.12246013633236
-1.6647632812907052
425.21702912660874
396.9254465633165
1809.1075942052757
-760.6541845881754
3133.3728734581073
896.289052861546
9.41093621510825
753.899564509992
2500.754356425512
2139.022739177293
683.8980531684039
-740.381113352176
49.20426244656979
-66.8478258619612
139.2627817220609
323.76719544509973
-1603.2900524168983
-2493.7556932907883
-3721.296198583728
-818.4831957795689
-1315.4167873566762
828.8576961394664
102.84542256074987
193.4111752730402
-909.0629145329748
840.6872773544193
-524.7382219201976
-442.24215173471487
281.26392065692056
-9.502882872039411
-14.306666583025258
-0.9048497362232688
-739.3995687742923
1779.3287265834313
2822.5423736452058
1525.3978103479
-106.28632370530735
55.990580810265
-10.75287678710252
-1.2881333605377383
1.2894536343892695
-77.88589279509719
-374.7931499799688
-303.92994995391274
73.91769719689249
-33.43610640513647
-935.5651564826561
-40.675773647572804
0.3006915433878655
-322.9942772848863
1184.3749898840445
1366.2111642211519
-654.9491144409393
1961.4462951155417
94.64598265691173
-17.52607644214314
-55.30403180968359
-295.29912207836054
-735.0423010890381
176.69230833157525
-1249.938468427375
3349.159569260731
1351.6436710007354
-30.093417723246695
89.87804991357524
1449.0146561099316
-1100.4797126626347
-3252.460708538517
-1933.509052542211
1685.4677960878826
-393.0695105946827
-46.84319998372257
985.921528788803
1348.790106851137
-164.19298649951082
538.1372943350622
1297.9097989574238
-843.3397601983459
-113.86768942392146
-26.164185564442615
-420.4920385300778
328.2089411940278
1411.1967756033523
883.1379441669606
-122.52729465339128
-272.8734773629937
6.907834433141544
17.779606747674727
1.0944543990297946
0.2609568436081439
303.66058437138724
933.8131806284666
680.7637814541282
312.46329068733183
107.91618957882771
2288.5823061167293
66.02467530823098
-505.58334065200853
-1105.2098972045208
-1370.1513009865155
-3134.802397994296
1452.888248188212
-5111.878885462454
527.812454908208
-11.279102971030984
-906.4364711593823
-2467.9535075805316
313.2682194096651
-737.2579230577883
-1096.1962897715807
-7128.1220281983005
26.53224086871611
-140.71957023326905
-1514.3929472374205
-3106.849619361165
3508.647402357762
3857.3512603507447
-2139.0755086712793
-1168.3768574527094
-2.899488789054129
-30.83596234681202
-2633.2290768066678
-2311.650420266115
1763.2884694714608
654.8491045000961
807.0713571815488
-999.8707714912248
127.83408470150985
-24.826063102153817
408.8599377249581
801.6523466279353
-1106.2548959749147
-245.93456973421024
457.5995217496811
-962.7680831033082
-148.90388300889757
47.13871727771054
0.718121466546113
-0.937236523136207
31.56467558590903
-33.60496447410516
9.647436247802414
142.73753618247636
-137.5330522141307
-907.145166834731
-10.745944793374562
-115.69076278329506
-2816.7119429349204
-10182.966258616512
-11231.534465816578
-8044.289043048118
-8246.862126009619
-1265.063602069375
-21.476492427748905
-1176.5647601144176
-7856.227265018446
-12868.657496272492
-13589.721767723298
-12646.72089941723
-6905.21010103487
-1417.2662841481917
21.363740068699077
-1524.9859429109422
-10245.22785618081
-10809.573398663066
-10094.293231397884
-12323.423925054218
-7346.476153985988
-720.6301925262893
-31.270228474779447
-2828.2688205058075
-9649.403327391843
-9706.874107180396
-14750.891401238203
-12956.91901103439
-3399.771515397398
-254.43365113633453
-40.75255020421921
-2488.3691365500576
-1843.7203895581126
-4815.9293422032515
-5664.5577114151965
-2300.3556804024743
290.17266361772823
36.772406968650444
-33.05281850086715
0.2253971907428627
0.25428986573654405
142.3647848703676
593.0051159104382
579.7043298502691
446.8217301078365
-30.553404747991767
-1366.7554597307715
-34.37395843757094
350.3685476186736
1351.4348311147626
814.8099040855137
522.1137450906267
9.687361454162629
-1948.1746965273155
-2395.9442944812045
44.72700377152794
933.0583334720872
-1317.4279278727054
-2173.0411116288446
1685.5059683057293
4015.09615967937
-1157.0259851758915
-1078.8690530205267
189.1099884419251
-411.2237634700102
-5450.178362615944
-304.0096588684762
1363.0291377261015
1539.4893860304207
1083.945907653398
234.25424781884718
154.91535179178052
216.73905848782266
-2581.105142528813
-414.05799919369866
-188.59623305414934
271.7190792114573
181.55207902943627
-164.9813984363233
72.2564661350904
1439.5608111339832
157.69195170144195
-1279.444872213296
-740.0526796854167
186.59917303787358
-193.26124001930074
-1.6757556732040593
42.1721445138532
-0.4683820161377769
-0.11244443345588358
51.81473817407969
226.01838390120065
508.9413070293059
510.4057034229861
-17.612290194453468
-2243.085833333605
-79.51278306205295
-455.8847745344009
-2592.474668170686
-644.5773272603092
3772.820529308232
-1630.490749733782
-801.0410839300883
-1165.9514604922413
-54.554627182187104
-624.9942294080752
-689.9656015335589
1935.379607247067
3030.140618496366
-2740.0822912898807
5034.598647683624
1972.447164611951
47.65634478399783
1402.2346120259404
1830.2859105985758
-4319.417927643842
-2732.1734660658367
-3044.4060410629386
2204.146304363728
125.70861872492256
-76.89963155206391
1292.6288025478718
2787.0697306739817
173.1390024193377
1473.768485453121
-611.9634849501997
-885.0474631644205
-316.0568929510032
-8.251501375256911
-1040.6670728888519
811.5656528899643
399.1357339631694
-1181.5931047536637
402.9988899539394
908.6168621374245
-39.523602787138344
-16.145260906359294
1.6480451944449757
-1.6535743239863454
-170.66729391300166
267.47100976928414
-179.87862191617867
-809.9002708532222
445.32862104656834
2703.227069053664
102.16861671740504
925.2088968172986
10276.770673976083
21939.099162665847
20191.368394339286
15230.532555759823
4209.139851071974
-81.7724300799186
87.26285324249183
3012.911896831004
17276.17285760733
18746.860536010474
15740.704491402616
42936.79890283531
-4397.726817567106
-3562.1694243085058
-148.57312144618524
-666.7103981667219
4045.9848325029384
30207.06571235634
29369.714513261857
25191.690153161268
4496.213446679234
464.5938865028589
193.38806006882848
-3130.6186862132145
7825.694212564352
12239.828425291422
17203.39602445419
22890.595419783796
8385.875054801041
1254.532749259461
125.00613784816164
2801.4162896570656
199.6374974302741
5615.180213923277
11054.171058296452
4813.5312041927355
966.0151865591467
32.25937206629161
-13.575531751639865
-1.1869709105761854
1.7611435441316774
-31.779178113092836
-115.369315998956
53.40815045947333
441.54079465619986
34.21462428143938
1079.4739310093846
7.689576806450063
-35.50619646450592
755.9905023194485
355.49889416872514
-3972.5420042233886
-390.9862541475232
-1746.3726643796545
562.6108958062692
13.338394622870297
292.35444352154184
531.5026826330851
-2200.917348486561
-3223.222844623831
1218.81625089867
-3159.776960509155
-796.6751229742214
-47.158503620354104
-1051.4723507137346
-2292.9522101121465
3409.657521017081
2318.4497021498596
-2042.5263607185586
-1903.381020056331
-848.882027253958
-50.94922560359928
-2906.706907830634
-3005.7623297598207
-623.8402038689431
-1368.3544401252489
803.9837154437581
-607.2028893867068
108.49486039898393
-39.66763685005522
-1606.2632203424998
-1383.5341053283141
-1196.8571352135903
688.3400273825748
-65.05082566022088
-942.488067243304
-32.76861190675954
-0.46105805239171693
-1.5735257934357034
-1.007435655401168
100.23392378873707
348.2531715141147
557.4358919303039
637.3789990794014
-121.67817951043112
-2244.2501204557702
-90.25447732070637
-24.992456144899588
-1108.198733390062
603.1586555955606
4478.918176369494
-1117.3494512426146
1804.5918700937914
-1021.8612967928049
-18.157691208039008
-1164.9904766045095
-825.3666035688217
-1332.5336938117794
-1525.719487779473
-4148.455677201249
6247.575605591012
1470.4656550210707
-49.85644122066962
543.8101168864251
864.6874155717819
-5261.283447682979
-1644.9869272283156
-937.0973097296549
3573.3498723382395
1642.1255961983538
-18.381035112350894
3674.804786591199
5949.0762790619865
1591.417241435073
750.5821873231083
-211.671027962232
2446.9574954554987
-189.93237313140034
25.913725832322285
-80.67049062887047
-671.0044794061969
-1330.9950467067515
-1956.2695254120617
-1193.7809976135063
-69.44976597168971
53.44971436850012
-24.14183686458485
0.016170762314435094
0.41381018179415424
98.31097748400266
294.5618922850773
145.87637452837444
-144.98079938561554
-139.29558687751546
-2008.4972489690085
-35.43437911571845
213.56679087279647
242.21266749479818
894.6721177123376
4093.000640913126
-1315.1752967670761
3303.5688347737027
-643.1735218638642
-14.541112564463695
-390.71475827689767
-1816.9003456089974
-1244.807680600103
1635.1990084972783
-3752.3684142716293
5962.217303356668
1794.3458425812037
-3.4532507767760094
422.9854691009705
1346.5663813842818
-4069.7397529110212
-7966.238412262456
461.73222439327077
4180.050148185144
1275.1037294454854
84.88712415548329
4067.7897795868844
3283.73677641974
871.481790201845
642.7358813118574
457.5549141700335
795.0513848900948
-192.80095380150848
29.168718129098107
2304.696104063067
1458.7948600948255
1545.743532564525
628.6482066560952
-37.811166750416795
-18.939664649574937
59.75265582565512
44.61312455418895
-1.3240869632644194
-0.21595550308587771
-189.86093703247343
-367.2886799194265
-1236.6496703505507
-1076.120757214327
163.73301730640597
1301.7311102661408
78.28722634942547
330.4687597635494
2092.198968661458
1709.2128493065106
-1268.2604204030063
2518.5591838367313
-668.387575738058
132.22277557858484
58.578185286650736
1044.277417059283
420.7123397236124
-940.9031639387355
477.70276295990544
3241.522867377675
-4716.44175586139
-1652.9566391549251
3.35548229651816
-551.6567922227091
-2491.711802283385
2772.7493166740746
1272.7696926972499
852.9323906143042
-1862.331171186277
-610.1348755351689
89.89039980248423
-1422.125870696466
-3201.017447413132
-1001.1202131667023
-1631.5160796368261
71.12240988495985
236.84780779050993
225.41645068869562
7.188021683669312
1057.2031595238527
172.3486089061561
340.3674491665194
1300.2721785144931
524.8668131630469
257.2591508433932
-3.664298892082714
21.141726327451178
-1.1281221012781186
-0.29960985381406585
96.67931923062777
220.93311709350323
390.61504540555165
280.95972751118376
75.05964163320492
-148.03084936607175
-14.530306375861747
-65.262871560748
-25.588558240874686
-1633.523087320599
-1184.8184088173446
-265.4484364511898
-194.4079142916628
-718.6592972449798
27.713472950681016
974.8140081082394
-541.2604859796393
964.9379555763941
3014.2590101670917
-2118.5204504199314
1336.6500772634217
697.7686264507347
218.82444908005186
611.0132317999594
583.7914797696601
-3467.2726394902784
-2654.3709438465044
1516.9394851374266
2100.5430591246454
351.9699635174692
78.43519502666389
2129.902245772602
-738.5479538646449
152.4986233499812
2694.6540874277052
64.46335670543596
-838.7522032595891
-149.4779317070412
93.49772050810694
1464.3251762313841
1120.8269113944136
108.6123053216348
-536.7223445413342
102.85239926279603
-924.7520437569337
-42.200060910666814
57.175976692579205
-0.389892540487453
-1.3267690954946592
317.9125566642042
941.0655491095359
1555.9181837431317
1296.365239816697
-25.181375414059147
-162.84252016561882
-34.15912205990349
-28.631781351737214
855.4709605934934
-815.1702149803807
-3677.8039859067017
-1525.9256850434176
-3006.3777041708686
-1189.0694350444915
64.45951577457579
1500.899978631096
1288.1416210572556
-1054.128931770966
-1933.0956818328198
3626.1076809942447
-1496.2506393036115
-1050.1058426683715
259.4642614520811
-763.8053099721683
-5394.814110784685
-52.85930877483717
3685.0815721058357
1390.6947659981272
509.24950982217183
356.2878338448273
59.96464777762932
-1108.9083606927302
-2987.9197361940405
581.2379357519774
1574.1097185752492
1175.7372571962642
-320.64073602643174
-64.98440489115238
102.84609629214445
-169.44914206555973
-1159.5834815802466
-2281.81886587629
-1391.1396650139052
-308.33288250352877
-1625.777225346826
-41.1591520861979
31.422400500718137
0.25727532361173056
-0.2253473592844683
32.004755358022535
226.76561982429254
1339.3767393165072
1629.7889623069352
-66.5165440849987
298.3795435658163
-59.84560941341022
577.7222563514126
3063.834485035727
-2141.950849930979
-7141.317479437893
-3169.089898989372
-8256.657270985208
-2229.1342822533165
47.827258221765376
637.0033051751069
-1358.305287528753
-7627.52875256073
-10195.561617958334
5124.582460988295
-7394.609970242932
-2740.750257837406
-4.244071687089251
-2438.7276370553705
-6040.251883730161
3477.6091299756736
3984.1970792624006
2807.5835246300894
-1764.0052179120082
-646.6998019312861
3.1920676319395778
-3442.9042786103737
-6184.720728476403
-5672.8138227211075
-5185.34523933019
-1222.2823873970128
628.6939685369993
242.59078849631578
94.75553830943538
-1693.4173020854491
-1642.8025624276409
-4711.352036174326
-3745.6142061016485
-2003.865044404378
-855.0323155070064
38.02370645585442
14.652336542028419
0.44536093928401055
-0.32767453187702167
74.71009144636258
316.1912937442652
1258.075276736589
1531.8035454142164
-86.67788056112936
-1931.7525519720239
-102.16586637761144
-165.38666190022084
-843.0579301013372
-1071.5559009533754
1196.1144355933702
-3165.4847430926834
118.39325522602061
-1085.7948527461917
-18.836859616812276
23.532487061966258
1307.2500014037937
242.87107548846518
-1664.6517169223882
-295.4969577380845
5469.6943607886415
1349.3864086663282
123.02051730534598
937.395188206007
1382.1829271582917
-4877.466771983809
-1682.7308729332128
998.6159722017134
2319.910743656508
488.5737491508015
-41.238361624351406
1122.4870947204006
2441.18362467194
575.8552469486779
2446.831096117595
229.0306136145818
169.75427471783811
-191.43291273422636
28.299715958462762
-1518.5840743189099
-511.8952111017873
-688.936569660279
-1840.8090683518615
-922.4244979403414
-396.6039342682307
41.654377237102196
-12.171372262384931
-0.026179919606872406
1.580556082151483
35.94646035054244
-18.78450819655469
-186.86835307523702
-139.20409529060606
-50.081654309058
424.5212350090827
17.163299918836977
54.895125992272646
-791.0013812486585
-5307.089364653143
-8514.832022484157
-3311.636300934835
-3327.1038438674827
-92.86024912150012
21.22730137451052
-78.64463321426445
-4736.215364687259
-7769.906893441449
-6782.1839979937995
-8568.380438808621
-4443.947051189351
-814.3491982362451
27.803741391407268
-1222.8847057638718
-5971.030979151315
-5535.670252069162
-5457.823151994166
-6121.186903122496
-3522.981064028144
-307.7383604135019
16.423958925726744
-946.5469858086356
-5845.847775209288
-4448.311257419952
-7005.13082380586
-6360.735032403469
-1873.3468310483681
-89.33290142899703
-16.694548190161818
-348.62446539288874
-730.5820073472206
-2486.957970736861
-2660.7614903538615
-1310.856870474112
-773.7076728485582
-7.747458793164492
19.730299310247126
-0.26444015051525693
-0.8372927377132194
-78.3239766942442
-422.66712403393547
-176.0187441970743
-258.4018555352969
120.55489117629048
1848.2287282997095
8.668374899386587
243.07976836191574
1675.9353535372184
-751.2222302797467
-7825.992820875977
1541.2849414130235
-1480.7475867872206
-161.63071558174002
60.823491935777376
1470.4941620230068
1086.2099558055636
-2004.6694908119937
-466.02858344604283
2754.068502584292
-2683.212135098935
-1896.0924685918403
141.17177873386922
66.43341049743607
-1341.8983482072947
304.1945756737216
4769.230006350116
3068.248708342435
-2391.194667645147
-369.7045663945098
41.66216752309394
-461.84534149953004
-2909.4120308884753
-2172.268301504779
-23.36297454029593
-2522.2719766839596
-240.81897993740694
458.3039118423074
104.70846390317976
-80.44460112123005
-891.6734765041333
-2335.7314148905593
-1760.1306163287709
-1002.5052378525876
-1231.7496969902388
-57.94989186883393
5.064415673745883
0.15438976908287363
-0.38387085937405513
-30.56121558310433
-127.89704489189548
-592.5071496527826
-691.2924775979446
36.684113188765
791.6523841099877
40.03008387550984
-30.629102188775143
-719.270685511898
-2511.1658675048757
-3409.5681255031855
-103.39669701084811
-1974.2562586457614
156.76642555913583
4.520086680608409
-352.1387009198685
-2422.6337269798673
-2983.182603312448
-2030.3123909754347
-3936.77735530454
-3960.751691886417
-896.0028803480949
-29.269090184579408
-490.6131583156092
-3003.179043884709
-2100.1450879745635
-1064.4516446545238
-3436.583362888759
-3068.6418048995724
-78.20111274563766
11.311495815008977
-625.6265410371478
-2714.3989785911695
-2012.0535224646776
-4152.136022938359
-4100.159900177456
-386.4262431384886
93.16658216028452
-0.05679994158952625
113.45453936966794
-303.8330975324846
-1304.322409930181
-1214.673005465346
-331.25503921762765
192.25006690954348
-12.54765421796548
-10.47906798184001
0.08654825463050643
1.2999130685477946
-57.94155307767458
-359.1363078888086
-372.72748712846266
-190.8845685713988
-122.93104320169715
-413.02679872643216
2.9694976599220597
413.3190869163474
579.0193694563327
-1970.3227327378247
-4042.0753675882756
-3035.530184871485
-208.82890849732004
275.4965723198624
5.386249537228322
-479.94043721085643
-2697.3837898453403
-7078.548786563579
-8344.791160004686
-4450.360375794981
-1292.5607623708697
-661.8189254108448
-102.66432562154273
-1349.2499643679175
-3637.649946999926
-2758.8448489767534
-5019.180068338978
-3494.565814131726
-1867.4597041679092
78.23612455354034
30.126244000486906
-218.03763105768087
-2398.7921781494547
-3450.4944901903355
-7207.47188554973
-4005.610881025003
48.66180215413352
-8.443505319603828
-46.489628286169044
-457.36334410714835
-1308.1235862881729
-1621.228805906096
-1207.1618444544958
-1403.1962235603708
-233.7422069506989
88.65946906226092
-8.602419117495101
0.5393913701951573
0.46110414781411885
-96.61125599892509
-176.74257695764885
515.1888992118328
860.7468610800914
110.219511075183
-200.42755244801018
-23.498904406046552
55.427172498887714
1275.7862421383109
-461.26093243965687
-1112.9065082785432
-1460.64632798907
-6906.028504374626
-1583.4567283658923
-18.3866797818028
153.66291236912514
-1068.2504702743654
-902.9479488772062
-1747.087426728327
7051.180940745675
-5192.864396325513
-927.8996799975279
-48.67474914449698
-788.1227166154164
-834.5068743197643
5692.994573467499
-304.38005517431
2009.1290451455002
-1154.9557009815226
-1894.7568880206366
-37.3146920145754
-4196.901985145222
-5714.965681669607
-4634.126451393927
-2091.6182031488675
1023.6913084031642
-2234.1467273107014
-42.601521401008654
-11.025685548062887
-1006.9311544774142
1324.8251238952023
634.4180970441622
-441.7111124589055
141.40707538541324
879.8624858427976
-27.101543541366272
28.575713303289
-348.30684218707387
8.597188418692337
173.73121266758673
254.7573026808487
-44.87416344203313
305.6691505690871
171.8393798019053
-119.99928414903553
113.58489696896086
83.03739006371295
-699.5731215532327
-116.6193473599718
-403.58071855244896
-214.62319326496464
473.68173276374864
-1748.0886427663922
-3.8067676269508115
90.19989548227176
2674.4839221182006
-148.39704985206436
-307.373512477181
-436.28121347186055
131.5511511180767
428.68718923058015
182.94444232466478
-424.41949004004374
-159.43528205211084
-761.229477937149
675.4501387533683
-193.69776577158595
-1117.7878375593727
-69.88512913469663
