1.115370224218257
0.6010433308887492
266.09120892454354
1524.1283329317378
982.3208515021153
-385.64325454847767
147.09836579139588
3051.434472380119
-17.708795176975396
-1327.3614658409845
600.0519953957828
-1663.4023301174227
-9499.094121390914
-3337.492355784415
349.62357917840774
3369.882735475072
97.60859941503226
4392.713962097205
4314.027438711328
5155.52578927914
-123.42389964680659
-8374.107926018945
-4276.643094950662
-2726.9585419369982
370.7120198680983
-2597.8145948224956
-3509.177335507578
-12731.714664081217
4463.302122045945
3271.0158857659244
202.43627545261367
2155.15271417685
113.44229714070137
-819.3494445798897
-2647.6589813383594
4053.083135085516
5356.680522401867
-4479.649732977816
1897.4743707862065
1991.8201602800696
-239.86058555193833
-517.9713050692484
-1789.5114833508562
-1254.1754400575905
1214.6689291681973
366.5995071077751
-775.0266343001031
89.46618502885647
-28.901767802921526
-0.68575225144171
-0.7906273352984721
227.2368053082426
1128.478910487808
983.8486118155864
620.3706139779824
68.07022363320898
-1880.2351196550978
30.6755813709692
-308.0061349092615
-650.5909728390938
-859.6377039544711
-801.4469734289685
-2995.814737440442
516.1565072568882
-963.4385392796495
-19.55870126667215
522.3549820466612
1047.4486213434848
466.4508005311249
783.8464665615594
1449.6709178216984
1669.285042300544
-393.1421343657071
57.62078319824612
-753.3115530465994
-3280.177399840713
-2811.651807013403
4956.094416138599
864.1954622230606
-1753.9177098617636
1011.8227683368134
34.865077847900764
-372.3188795944258
805.658846252165
-449.63295392196505
-951.2029259319626
-2009.5549935216186
570.861456977664
413.2270571810405
-107.0192257420591
-1426.024887897685
-899.7864974270573
-1672.1012587870302
570.5196292344855
1365.9094175092966
1036.4776439992245
97.01155921739118
-21.67347610734632
-0.9931097131944676
-2.25991655167189
216.87191222526852
878.8323007649705
646.7978936634426
-1212.6750092943864
-156.68674988385143
806.7750832042775
25.19044519040125
1322.1326655487276
4338.166271613851
3876.801459986374
-3001.429089317545
-671.744897158578
2616.2291805982045
-357.2639309635952
165.886813185164
3902.119240590453
-5011.187479186454
-7219.463488912701
5812.608916540925
-4408.121212522109
-1688.0910084830268
-2118.4310556887067
183.1209355398018
-4349.2964962972965
-9676.70997466803
-4408.380436613319
4966.48990668862
-2022.537022991487
3706.666144724906
2007.6401800668402
405.97336932223055
4022.3650816867025
57.7363110414339
4758.115266132905
3011.8114976091238
1402.5162645164583
3237.533026430236
1836.9330125276665
119.36327767185345
6130.261734341545
1341.9908800599135
-1086.2282192490331
1799.7884331508492
-1923.5188017993257
-1049.1239428152799
68.02565936713125
101.45586755755396
-0.04188952927310413
2.367874789787322
89.94787507561634
710.0936118404484
1999.2612372002507
2460.328343804468
371.40667870317014
-1865.9492143012362
-89.5443523220879
-496.6562508097332
-2929.475940908828
-2703.248327084347
1531.571390436719
-1289.4974325321036
-9522.901179341745
-3002.825355471556
-68.14609975897628
-2871.0309540658873
-1877.8101725643528
1289.530016075364
1648.1645931620515
2902.407130505013
1936.0990761486487
1243.375969063659
-76.18803144961598
2632.564253683975
3102.363993867677
4009.880432330729
3381.24525900571
-3203.252059686471
686.1592412495904
-1286.8531105200675
-136.2761887808674
-1341.440229161409
-2464.1294766438937
-3568.021836331923
707.8090113196832
-1197.152501016057
-1961.5281605144692
-618.7430413168979
49.27749048702065
-1707.8480463571063
1435.626506139333
-2412.8921277413797
-3556.7740951506385
732.8453612701052
1118.605718409533
-77.03538143457624
5.955905030163463
-1.725701534539465
1.8340096949643954
-13.797002081479125
240.03984934124028
1030.0413159700774
3040.1725326846604
268.1953922147588
897.4964819195262
-71.43337536207432
1464.46847509477
3879.055090389399
677.6784074249395
-4770.617549092883
-2764.5298714186542
-732.5057340769924
-3015.083680736047
66.10818324755782
1233.8069313561607
-3945.7289408952133
-7461.409298288638
-2024.8764109822462
2108.77555582105
-1243.4950141673826
-1148.5871281676039
-15.36084062303878
-2292.290290138282
-502.5981306843547
1289.6762863313795
-931.2489490392825
5959.271221178852
4470.162633491579
-143.10556220871936
83.28156567698949
2557.400704740478
-1497.3200232338486
-1181.249855281368
2015.341757277797
4729.202022514631
1928.6178868800537
453.42434526952326
273.1468707224758
3474.5657502312733
2441.4439046935654
-231.15682232240184
-4036.9689059937864
-4453.222223970762
-2120.2459856494593
-41.51259914093165
106.76376939513949
1.417937381294066
0.9613478706503428
10.228716048872794
990.0569044802165
2106.0005005806174
1242.929749096869
333.01220696514036
-399.15720294682063
16.22299593205423
123.76601042442034
4289.490646628348
22372.016756487625
27927.918795408546
9188.504616633467
3019.3353242403364
2761.0808353453895
-40.034544572279984
1320.0998920321404
19044.40446220673
28995.73210236143
23595.374048997095
31335.92438032278
10120.05679134015
1255.3497603035084
-29.727207884344164
2818.861840482906
15804.02340123756
30070.744127477203
24612.44824091313
19918.02788115469
13749.798957028568
137.24350770093568
-15.360329002033325
-2066.317832470014
13084.405938183585
17255.762422152253
25311.75625450172
29573.041492555745
8660.15300501391
-252.40051176555167
95.73578699199238
508.81226235179406
272.0200275468643
7563.590554937212
10541.627840605344
6892.774427357094
2789.698612583765
-2.056850073603689
-2.6774395155466
-1.27857089335825
2.3246536329707927
83.0849971540079
219.27119287374143
21.991109129802805
-382.98661054463463
60.95062043815419
3430.769780571105
12.331434677760651
-528.2691456945262
101.23177053277887
1874.666602432577
-1673.9874620346773
3288.333534207757
-2573.4261620773927
2460.6800983784924
-26.473429858954013
-73.32897017834502
-1775.8805548215164
-1279.1180223064516
-1200.194782728615
-7311.640262728474
-3468.8494411599017
-454.0790978249728
6.246376154440721
-1223.4905865684975
-1770.602902073497
-553.3066585189692
6325.560525336622
-4089.0620417082037
1268.7937115116627
638.9417971517937
65.42222564442362
-667.107245843773
2652.164830737676
5123.705630978573
2532.598272228041
922.1373056576033
2653.437097781047
1297.607311793362
-163.45041177327627
738.3098439934672
-1189.7538696812571
-3078.594792639919
1633.9407333976378
-718.5509931458673
-264.5271578067022
-24.43700739468988
37.35927210343785
-0.6738879852970223
-2.100858482785052
93.15964968779606
370.7832894979558
-279.76701147719933
1.283623082115639
-101.68258988163832
-995.0983292361724
85.61380466473013
-926.2615499506385
-1532.1872617466706
199.66215479212843
3696.2511179790463
-1794.5386776711389
396.9682601767567
2035.1746336901394
-134.6955314308356
-1594.7154145485767
3684.7377062557916
3796.6446537423385
-5204.389478267566
-2532.940666494979
238.03881527843367
588.6190416175737
-91.89084216236091
-1035.1317259587004
-2362.0345192244367
-2560.0349163203523
2544.992895150956
-2029.370536776639
-2209.854676425709
1423.547855153
-100.35664232396226
-2561.366710082235
4918.317896878634
3135.6899817397098
-1113.3269523117663
-777.9084388346126
2036.003010773531
535.5673868272103
-257.70967798702856
-2988.4638904219996
-3031.7150491013467
-1795.9111488395408
1189.6829191366046
1973.6638771381065
1324.5981257190263
58.03261611572594
-52.426732177218
0.5178860992583189
2.257752547317058
-32.696662692222574
-344.4621019022324
-1088.9133808251445
-858.2458728611899
-40.153957469904455
2498.418879488208
12.644523492131059
-760.6683038529685
-4663.115404984604
-14193.23045577785
-17655.521453091813
-6812.014054255542
-14246.636335827907
1701.2094466396748
-81.34109594242007
-3140.15521632254
-13487.23098664054
-19099.741580807626
-23332.778227334908
-26220.035977018593
-15223.601147789408
-2844.9990701802653
-105.18169292018777
-3404.130862610635
-13873.579455570276
-14533.044586074717
-17284.493988619888
-22230.965783529296
-9932.934759065121
-1313.0791436423724
47.090795381769986
-4398.612238048574
-13178.352665248856
-9613.827938069113
-21497.217748867755
-18178.47373400461
-3540.2262735391864
287.34513386327126
-68.8139416259394
-520.5238153445182
-1955.7707184340313
-7743.0427577925875
-8200.041516504223
-3622.461315783252
-220.11127276171615
-32.350035867275025
21.37585531897117
1.359332878338464
0.5980210568136731
18.70608939860274
52.11441523471595
-865.2401794438521
-3032.250213962191
-155.24636522816354
10.547561182395878
40.89965823590548
227.71392420632313
4432.030831191533
16931.559785052683
15336.87433841171
8091.046107433258
8329.16322855372
2580.005169553957
21.312185538380163
2811.723460402307
10778.083954712161
13805.725259656001
18758.710413820674
13775.976676350885
7031.365021288594
841.5506818619344
81.42737387782805
1927.786723396353
6457.4588763358815
11055.307615198799
13528.631975040338
8184.10131701738
6830.58066384962
1571.7374900299903
58.08556470516795
1191.054019283642
10558.593042897613
11588.575707797756
12914.840933864769
15871.722034599128
7197.582529020407
579.0048174610642
-77.92000383825439
548.0351697846331
-758.2702261668
4699.794640795537
9704.586089427945
4607.295494349683
1332.6019492856958
1.3292967788023395
-34.1401486595573
0.7201709437038043
1.0822271667636179
-29.395257176769007
-552.0466086398363
-571.2184999715005
531.2055088549998
3.6551855626374303
333.82143511319316
-55.13008859331633
-200.8461269182287
49.00816200570201
530.9863473001399
-608.1179990754798
2027.701831084136
450.58464268183326
-1853.3729923688022
-62.214045582913705
-1150.6255037228082
-3637.844196431211
-2898.206783226862
1256.647567320564
-3589.130252494676
2110.0716835081425
1992.3639495251382
-58.54392950501226
1906.1071477434355
2647.5861242187034
-1269.5857718463428
2816.842600281648
-1751.0316174203538
322.79382476150016
283.0723853185645
-183.5561421968626
1443.9573464038417
4593.766559379795
-376.32069773721963
1115.2705825643447
464.38693708188555
837.7908001320843
303.9002904517671
-192.72776149728097
-1766.5584245553628
207.15528889885263
-3005.13044659247
-1579.3033992844996
-405.2113781764301
-815.7569021846459
-73.72395988912923
-30.18089873861179
0.430171041312976
-0.40394546274522575
85.07483482851518
612.0916627003936
1247.1593167193812
-44.45380464317581
21.667613004256708
-2243.395410487394
-21.97570143132312
265.7564587013416
1160.9178639681932
-59.947636780351374
-312.3249415028313
-3355.0731519123387
2054.7554446565373
-1690.2408960779462
147.78765617387987
2828.764142208922
-124.66714375931969
-207.30901688255705
5443.8909350857375
-1792.973466347267
2231.6552092633915
1562.921949965415
198.83980575444468
-482.05213734815896
-1856.293304214239
-7379.05102119263
-2489.254208400158
649.3124494131102
3679.1216549858063
1313.3524455654435
146.62364949503615
3235.2196864431485
44.55804731514036
0.2826736818933644
3057.7503478642275
-841.2104351621269
-1607.3202066095303
-141.85713070310325
18.747639763021834
784.8259415026446
1722.2467837599245
2036.2756477497635
110.02956919900099
-501.06414765245876
-804.1247334641537
82.91290732653376
33.534299773492265
-8.808421533913216E-4
2.217546669144822
-14.503219732517431
-821.3409987975571
-888.8933061182959
962.1536862183879
-39.294632178369966
-435.41886126948765
-97.04610183191193
1117.9574454276085
2323.0487126140765
7.527399009810168
-5369.629392365984
-314.7019265856357
2376.1942354562557
-5061.8100436251125
13.802152167869279
951.7303277861748
-5587.88881337045
-7443.504778014742
1936.9461902861572
1911.7477569491286
1966.2439816573853
-788.721756979497
-27.276264110493724
67.01625270955819
219.97630609998478
-1425.502551719217
2153.511423672097
3228.0119842152653
-1003.9297739738977
82.5040489081527
-177.38212058768707
3826.786640959426
44.21497605519753
-5785.8239913512525
-2124.2442717056906
108.95107289854629
2319.5272625135863
903.6839844282297
101.30096584581595
165.63626560068946
882.2902570459827
-2990.810702463776
-2417.7054612892116
-2606.3015055774335
-1833.5352668423016
-77.1118151270648
-16.12352957011318
-1.2509899718216526
0.7631217004045511
69.6731982921148
259.4891937495091
-278.8073691245723
-1356.4140191432273
5.150887365379894
2185.6194572149234
-35.369912706670284
496.9667084256996
6571.674946266458
18117.5389121136
15528.32612732453
8119.428657496845
3943.582172437071
2230.884196174074
-9.915860970871153
1584.8075030046627
7483.70019981821
12654.91988941637
14360.44475882493
10817.105115440356
1598.051705847004
-814.782942041331
-28.253954293553512
-101.47075718727936
8562.812140698821
14497.90400572574
12943.822012829654
13415.42931224303
9863.457331799078
2000.5575653376945
91.36901871325838
2805.5986373693404
11106.921041529802
12919.253958887148
14246.633217494138
18784.06132629647
11098.667067744924
1600.3911315590226
18.228515414049717
3861.126733726204
386.3909716492279
3199.3372442192926
5115.456256695233
2510.01386419957
779.8301966523361
-37.65057954053574
35.68369797712349
-2.108191138065586
-0.869858368349998
-129.5094367887342
-713.7667045301889
-1263.539531691349
-1647.5903211642008
-144.03434682727172
595.7554766110256
4.475190301443725
957.3606650279501
634.231179675278
-2518.6699706336076
-6142.16224436059
-886.4636474314922
-3094.220873959533
-290.582888797002
25.694570523673672
-635.5553998803824
-8618.14223860573
-12258.34475653686
-4763.182113666059
-6857.5962489932
-5710.183752921951
-1377.9263915419647
-92.46894594784216
-1360.3387383292763
-6096.283470211373
-1340.9470049870204
-10314.669888311784
-9491.35648119644
-2809.582520761706
-1197.6184434335373
177.28169600558348
295.5648074612587
-6869.250139507648
-5145.924254428066
-9275.894339952269
-3923.279521374618
-1583.818448891177
-349.545715562055
198.37409895795412
3002.8811831986914
998.6601552817051
-1036.6562863682418
-1947.0357527881583
-2545.2618240718257
-498.56342056145536
-29.67521010357383
65.02555320198923
0.21158717102498284
2.201032016515268
-109.79618541564248
-924.3903868992818
-1846.2680137949962
-3233.1814969283946
-118.72422654629254
1891.1544707290145
-55.247248765098746
87.37393305053273
1396.1652049423217
2228.945594276669
121.02705042817144
3323.2694342272625
-830.9578803512575
1608.2683951219396
49.15430560738325
843.8327939436449
-919.3650105326805
2842.599577033717
2713.0361525382273
-4656.140315627237
-4774.022811574368
-968.7966259967865
32.28827769411094
662.448734241312
3659.6789247623683
-1213.9754128663606
-7277.385789842816
448.0988465561838
1894.1344673671308
-275.99693938335315
97.6234622918833
1551.150162718096
-2569.2915637747865
-520.9843740814767
-217.55350867432307
293.37085487707736
666.7980010577203
132.80215733891202
88.3401064395664
1815.4277320731555
1098.91361265432
2465.4880458696425
-138.20021788413177
-751.6712822696838
-294.27098369069176
-26.41675632754655
32.219492040533844
-0.3815311782629722
1.4703972757161925
157.9899737017047
1528.240299486091
4533.324916950926
6681.940798353997
535.6645091482332
-1389.63203913431
-40.29630874445825
-895.8716945699813
-3244.4541657266573
-1158.3907418231722
6511.82110903315
-5811.471243950232
-10522.619529089256
-2075.5895154810332
-135.09749621776123
-4848.672567205303
-3878.931193892215
-1250.4600510965029
-8784.86477333924
-6249.193099625827
1967.1402781492382
3796.50890535027
-155.87518005187687
-2065.8570600941885
-1510.8617265416356
632.1440884444286
5892.3259449158595
-5313.46351545866
7965.8141250245135
1447.215257317772
-68.54818938932475
192.67515845018445
7835.873436347836
5473.965129399219
6405.544730955316
4210.959583124198
456.5772155991816
215.79480558107392
-126.79945140370505
626.6268399590227
1746.2884954848603
-5454.456621894841
-6172.871200643175
-2332.9108347725823
-705.6809169172419
-13.952737122321825
109.34763059268037
0.9741531169521815
1.0900309744506702
84.02507140755911
1119.6959530275067
2519.36701023994
2788.427008046614
426.5264602848035
-1807.5385718757984
-59.43170529945031
-1043.6013819978416
-3104.1338724872453
-4018.7135223947344
99.12666532758792
-4015.2997838106803
-6438.694671006814
-1056.2497499413914
29.410680715881796
-598.4536088163308
3495.737990428212
5133.079782307438
205.06055134471066
2927.9917301521973
869.7746403963148
1186.945976684075
144.94560386078578
1097.9281911575515
2180.068590655293
-650.7266155769838
581.9320884761927
192.55213223182096
846.4825398542681
-341.26906951784144
-106.68368593938074
-2082.344358068005
-2569.759071493018
-1551.15359196015
1569.0033516018084
-2175.8779316639184
-3016.6677066172974
-799.6898510012729
-17.613804566772437
-2886.140767597931
788.4913193037538
217.49776076499919
-2972.678354706203
1632.4019212340281
632.6013370228825
-8.792578213896512
-21.123601834960787
-0.5192939493106355
2.4444035215275877
187.61587657553997
299.8021488236114
-841.4638818754852
-3339.9575606917224
-411.87671912778126
-3989.502291985851
-23.653276454797577
521.2766106336971
1878.6446144420202
2421.234818628907
3821.2585019542125
-139.60006694529682
3822.7403622716315
-3399.5281541596846
78.74809189361876
775.040425016114
-1535.7555048134004
301.16932391620696
8439.138234503836
2390.047233631847
1129.0045647146603
-1120.736566386135
113.24692434456077
-992.5416199975026
-3561.992012716944
-6116.9337187667625
-1750.3991662561737
2022.8124424873831
-2130.695455420916
1992.9825568079018
134.56784907493991
4664.596752863296
459.12002116311874
-2814.8065954445233
-3543.388722452922
-4948.055125265526
1736.4842235723636
780.9618676443508
11.137566941613638
2333.3026092775685
1738.9114899871965
1012.9754855660126
224.20576684781048
1845.834568393032
1179.5922463162
87.01838794579854
-23.553820561933318
-0.15324469614310424
0.12458854289600377
-121.71865436094141
-409.0682126158817
-799.622909538615
-934.6878817401343
16.37776269184982
-644.9255351662232
-12.455459653624349
177.87071536111932
-2675.867820136863
-10397.151473424354
-12442.147451349636
-5844.12269669206
-7668.930871101413
-1105.3116685955958
30.691654951660407
-174.8248066531964
-5529.665087560991
-9533.22968496655
-9278.475459717189
-5787.060298499185
-6460.202527857105
-2251.047767835935
18.10434217346579
-477.8241864800379
-6672.078722802192
-6892.902933358969
-13119.008559338548
-9194.83353253955
-7699.350155616777
-2446.7696403747364
28.455324649759348
-3492.067514744345
-14021.070838368063
-12839.240785917646
-14688.03226078499
-11707.008446887934
-5543.53559224125
-966.5621731451845
155.8307398430379
-1711.6350643771495
-247.10298762947653
-1539.667688283973
-3680.281766909957
-964.8209276866004
328.835116448278
10.537402585301834
-9.737408867887869
-0.7273120593091889
-3.577525640502339
46.53176675838812
563.157185980381
1872.8916648311706
1413.8813247743471
-6.5674379735728055
-5432.182856317391
81.25062190847162
1197.734425332541
1177.4564727890156
2387.844092664646
3815.2376380763694
-5427.784431252637
3290.8223094244354
-3251.216457956092
92.09562025057141
1758.2425237170894
-39.00987479421212
-4530.649082631666
4175.9236103639105
4503.529644104512
7604.462075759695
3262.7870468955784
72.59985349701854
-538.0337863296544
-5838.430030875059
-3014.3730526808567
-3999.5718384642523
-3305.715531946206
3583.2051547724727
759.8814995297882
109.61125911490191
1824.3897311500825
1283.686601110347
-10.31626903055605
995.6670400262534
2620.776949558695
-2871.161902400157
-1235.8511569453437
163.17166915109502
560.3552448401565
1588.5948195957128
1864.7832414291543
2093.085831995992
-183.93677876990063
-67.08690405853126
114.5743330373252
39.40762441115489
3.034817969371987
0.5860217652540886
-3.3527572836974353
-124.22120087791599
-891.5397280061114
-1925.077085864598
-199.1358421197344
368.06522044092674
-24.002365029875662
397.06268006791686
2140.7943140452385
1652.2305421947276
-1787.189258908796
-206.54207103787684
3051.7256336749497
-132.9919244253648
103.90616106428709
2460.3550483019326
-151.74281080010252
-187.3651656361495
2785.431487889504
-1741.1865763423039
-950.4205795521848
-380.738029167468
110.47148414639909
-760.2436982948841
292.5982115124192
-3489.9979060603746
-3428.0472859996453
2754.778022038371
577.810394593595
1200.1572736626072
111.4436985964981
2316.6444938017585
242.05895735972865
-603.2856783909261
-850.5185561032558
-42.81332683846062
1108.1320034802318
667.2745908267418
28.32336065251286
721.2321395338295
177.09820960172357
1952.8819972043725
556.0663313681857
-168.37717819361706
-745.1523836875904
17.67482742037534
-2.2787700678730616
-1.6903999436628465
-1.0613194077191694
-15.753609005376088
-46.992314670189955
-194.7396173032095
-332.0709328980548
-11.612845414761356
-388.13331240605766
22.295513536194246
-419.7082359327635
-2318.9277050385317
-4084.472440521334
-3672.3467068737505
-1783.9869418951523
-2540.4575717302732
275.429816445114
-21.26995777876993
-494.35199453415004
-997.2647643927879
-2357.524657930445
-3762.8913579988716
-3294.896688398411
-1067.044609467915
-72.22407841007512
15.46904428775315
255.61727102569705
-3024.294819413745
-3647.122699068335
-2034.9422404372096
-5925.1230057837165
-3507.6277071537165
-632.1713700805142
-40.03709177967792
-2170.345194854616
-3226.0847142764856
-3024.4685989549994
-4877.887769905702
-5122.638784717302
-2299.1877463285537
-344.87522555863876
-60.88517177761208
-2048.6214000761397
-1024.068634947614
-1476.453627184437
-446.70669073954093
373.14405636886016
378.7053063550793
6.679765034143444
-32.316564993962736
0.5603635683410174
2.303818063157688
75.10866747372211
223.25161051826473
643.3069931831267
1331.1622997538996
244.99849361846347
3164.8138391595203
-58.087214738639176
-708.3336095354898
-1520.0432698701381
-1706.3977117389384
-6960.586834027942
1126.8257340194111
-2917.307793810456
383.72511484553837
44.09905385419337
1363.9733027573307
-677.3303567761706
185.7172985230677
419.72267953346426
-4478.157192175703
-150.9417616936628
-134.89067365094974
176.33441503043602
1608.548273649962
1942.5092638378533
-2840.9926163472232
6681.296799260018
-1239.7261019514517
428.43247556792625
-277.766323538647
-77.0926721142197
-485.9659477319136
-390.58091172040895
79.48525258964047
3267.0834699916677
-1131.3269593243033
187.374825999477
937.834567556752
-89.11242436810004
-1976.4745909548287
-638.2912974564263
-3674.56165400035
-508.12636814903345
-150.93464990122808
-1238.8159839489056
-87.54199526599493
-32.47800518165815
-1.505968556217945
0.8130259096928013
117.06079497005376
45.88344275893657
-421.8055102969285
1789.4380260770615
18.240361822732773
1089.954959009463
-66.71347405795053
-420.7773033602454
1224.9377534363114
537.7873286144115
1310.8339689958298
-591.9803002342286
-938.2366299446812
-811.6306655679628
-168.41852432979036
-3057.520528818761
-1119.4361130652242
-1666.383917301619
-7971.692274950249
-3270.4544868979738
-2939.093880124261
-1147.076593787568
-231.43927393416763
-1507.814010288199
2292.5376146779754
305.80334582420153
2723.622741527768
5151.939695889432
-1134.5528816665208
1609.0546002319084
-191.8369669253395
1157.7639486459152
5398.43578200898
160.92499768429747
-1477.7701567876811
700.7693687149224
5916.985907977759
1551.4984124677505
-152.69676270716968
55.81791501865179
-925.1842716506138
-3830.475885847835
-4524.170077965232
-842.9706269793353
-27.540050683704262
-44.88592440494101
-3.006793038941702
1.2548040651922694
1.0989894691657973
42.19769588004422
738.3723732937649
1125.811410666477
1638.406244490211
373.0689986063379
3428.368308661645
-23.670773580590623
-2112.5626107456333
-5412.196393730943
-6247.29941859794
-3996.416702366964
-617.712465325119
-13132.924800930807
3756.6594283686904
-89.4054838066826
-1920.5084345523596
4464.378081503136
8762.52909966739
-6952.173521533522
-3688.729410687655
-7162.031613524624
-1820.362121894015
30.903241740675817
815.1538880451686
2025.511399969991
1823.7682026683888
6276.218493718004
-3094.428747045513
-3409.650530048918
-1688.0631568855663
-188.76922479747392
-7976.792337651534
-6651.573901468116
293.8803756940257
-826.5583848069444
-4761.256082848954
-660.5201977365648
141.96641319230554
-198.82298416615345
-4619.166300872884
-2638.129737834656
-3540.5996307937157
-1831.8889580643145
2840.5937981127763
1709.5404131485789
-28.99811383478899
-59.694230225716645
-0.5270266437350908
1.1472469053471408
-3.36567429083241
303.9007932481996
1647.3359584546054
3249.9741891060335
304.0677021712139
-1076.126968946515
-56.62754260493247
-648.0937811251955
-333.9194878103708
-1900.8019588428797
-2489.5216738847316
-2589.785495456318
-909.293235805077
-2076.4770535442385
5.465094525135755
544.6292260474952
1205.2630316166599
5.244787278400602
204.45587524257263
62.01653525366491
3804.441986181146
2953.278610062653
86.16139810919857
1896.9648397174549
2759.982444478084
-3117.71353760596
896.9040656777881
2123.498363469388
2129.9935932969656
-32.46053069190094
-305.70761625527774
-240.30349378780107
1713.1260269379181
-1640.1790264556153
2855.1956572218664
147.70649479194265
-2083.398686087255
-678.0500686488688
-144.57128123873247
-4345.476452770466
193.35093757429055
-802.01887753798
-1950.8552473906668
-486.8941959716174
-1020.0317797595502
-11.107406037706244
-51.82401603076735
-0.3133230166437039
0.8969216269659777
-75.3985971199346
-77.68195507175449
145.09298527518223
418.5001135151698
129.25147795977406
-1588.0881035569666
-67.44810362284075
51.186865398610955
-4398.665423352936
-12720.45351953147
-8548.260144749798
-7380.036955480618
-15077.76672936574
-2624.5094667374797
-68.02507205853261
-4018.9245012803563
-10490.200945705266
-10630.859625385878
-14075.799211015561
-8737.763102295256
-9970.80958286337
-2516.1609530204414
-165.26852120133245
-1349.9866459153684
-6726.275519633831
-4495.241319075195
-16193.881504678111
-11715.709432165271
-7457.193393910944
-2369.0811627899247
50.64822042116587
-2968.5608369487627
-14446.742257731034
-14480.556602480052
-17690.67392112275
-13667.832068362257
-5032.678319476123
-925.9701820857272
207.60576799572547
294.1458672334669
1010.6360629744296
-3536.6768352784643
-8785.632682272833
-1499.562639026815
1327.333127682008
-5.009667553901007
35.05384833788741
0.1053081993203599
2.209618660970317
-49.26115121665636
49.43994263331736
758.9517325591238
1794.9249758618434
263.8602109317795
155.18355968093246
-71.19044024781735
-865.9794860515024
-4742.5019117491065
-9161.505871211706
-4641.25736966893
-4167.240004308874
-12936.07623690274
-705.1064788595537
-107.47891500019749
-3757.6293382561744
-3984.282489473791
-1688.1580509475525
-11090.881224599798
-6927.775915426498
-5959.840261379964
-629.6801476676807
-135.4162285762537
487.2959941446414
501.9661369328716
-1097.7778660352906
-7254.42100054596
-6490.902454592278
-3596.6209721213263
-1761.6983236904014
-131.1065476921364
-3796.789534209165
-7427.96863720011
-7795.929678227957
-8380.409278936828
-7489.396549364482
-3082.6878605240013
-625.3494924573021
-6.545131946241706
-2305.5813096735114
-299.88426996344117
-3471.4888898321665
-6330.510104886179
-244.24827126656302
1030.800966825003
-43.75976365827107
-7.805836086259752
1.0415194493120512
0.31715339505629025
-40.22925469547082
-119.77479198452158
428.0589744499871
360.831247811048
59.612293731178966
1099.9763696604819
-22.87019406121751
686.3028228025885
1407.0187229816538
1250.9697144389868
-1308.5146288562921
375.78210875649086
-2168.1848256759336
58.58278294972358
52.52258711040027
333.7287876432312
-3486.51123030408
-3066.7147551131443
519.3259784308567
85.08479542913713
-4103.562224592785
-1190.3295893786335
4.200789207064373
-2202.6639404979437
-2184.9102604885693
1872.9512922810043
2021.1724953135472
-559.563869927559
1862.3556739581638
-38.2429205043529
185.91597963063106
1148.408635105191
-1300.9134223165381
1371.246171637636
58.32211243631407
1820.1696020054594
1632.3153700493892
506.8382725785778
169.60034588172832
3655.5595658841044
1690.5322053771813
-366.1044987568768
-966.4213952202937
-2010.1049020598093
-764.5289769389328
-56.08721852348453
108.82041298225802
2.2424002385437496
-0.5330471176089931
-229.88660870685356
-1073.1870178097674
-2035.586315219547
-2447.7436755808885
-133.81332497352025
1539.498124543092
26.281959870502547
1929.6318592535654
10109.772652408059
26016.464996905157
21048.214464543456
12426.60814921744
13107.655575425202
2536.6552244866252
4.73276286617968
2833.2423037009794
11979.802228606644
13144.941646568444
20271.996006674806
24902.696483464635
7722.255074538288
292.12609824139065
-158.48607632768952
1887.565482617766
13751.307448308835
26938.63255240912
13272.079726203008
18610.196311421118
11654.92584868984
249.30562638281688
74.80532255134216
2584.941833688127
14019.467881729879
13354.38209153762
16914.819106093186
30587.2035736917
11369.159643330533
190.25400917446115
225.23944580259857
4039.413041844374
559.1489928162512
8147.641097686453
11030.472437814698
2938.7042647563208
525.1628078561856
-60.960027796662494
46.87813813105469
-1.271121737869719
0.02267590669329385
60.228822932939615
1147.002462444521
2172.9983456098744
1365.8273433936906
339.0503999018727
-304.8703424974088
18.631598175923205
-350.2025238164247
4374.650353896206
20891.33196579338
24235.418664014156
7642.4814204449785
6574.4168420918595
3113.9545095029052
18.14445750008028
3672.0371132939904
23504.742407985625
31884.478990719566
24140.15324224055
30375.697128292795
12489.91957757666
1800.775714647599
137.51360856922994
3338.823604026157
16861.17870001669
23348.828775033602
24585.009308706438
24024.022801861123
13635.490248413576
815.5025529624537
-112.24837338108635
-2063.540482307696
13663.12222989199
17056.009189046472
27175.070780827104
27712.428825921324
7822.34716476816
-82.94273707473221
-31.035317261564973
-2117.1565938958743
-669.3319627921819
8451.47761669242
11691.475399113197
7312.340543465725
2117.35047684161
26.797558487327205
-55.06298726934911
391.5217114564717
-410.09398985214557
-6.686667123223612
1579.5589822422073
-234.7271756282784
2641.0165274222427
670.1766352008884
-1284.9010816213315
-2213.7112304061543
1530.0609172808136
1035.9811263410961
148.1911941593216
665.0478314873039
1634.544564432362
-933.4192886177107
614.9584572804243
51.96031365984521
757.5902555387606
206.7820851210358
-1131.1227127035181
-1039.4599550980788
-30.433009809775587
-376.27374420160606
1920.3199703154364
-675.416636813038
999.5337770286537
795.9409950091223
-1352.4269399791438
-228.32653742987705
207.3685281687723
1174.9372438838186
2726.981524649496
